0.064468864,0.059340659,0.07032967,0.048351648,0.057142857,0.062271062,0.07032967,0.046886447,0.073260073,0.065201465,0.10989011,0.06959707,0.047619048,0.049084249,0.068131868,0.038095238,1
0.069703244,0.058661146,0.071083506,0.046928916,0.058661146,0.058661146,0.069703244,0.048309179,0.072463768,0.069703244,0.105590062,0.06763285,0.044858523,0.048309179,0.069013112,0.040717736,1
0.067331671,0.059019119,0.069825436,0.052369077,0.058187864,0.059019119,0.068162926,0.049044057,0.074812968,0.064837905,0.10556941,0.06566916,0.048212801,0.050706567,0.068162926,0.039068994,1
0.068230277,0.05899076,0.068941009,0.044776119,0.059701493,0.061122957,0.073205402,0.046197584,0.070362473,0.073205402,0.114427861,0.065387349,0.042643923,0.046908316,0.066808813,0.039090263,1
0.071082391,0.058966074,0.068659128,0.047657512,0.063004847,0.064620355,0.069466882,0.044426494,0.071082391,0.071890145,0.107431341,0.063812601,0.042003231,0.046042003,0.067851373,0.042003231,1
0.069137562,0.057733428,0.071988596,0.046329294,0.06129722,0.059158945,0.068424804,0.046329294,0.070563079,0.072701354,0.110477548,0.066999287,0.044191019,0.046329294,0.069137562,0.039201711,1
0.068081991,0.05636896,0.071742313,0.049048316,0.059297218,0.060029283,0.070278184,0.046852123,0.071742313,0.071010249,0.106149341,0.065885798,0.046852123,0.049048316,0.065885798,0.041727672,1
0.070451436,0.058139535,0.071135431,0.046511628,0.058139535,0.059507524,0.069083447,0.048563611,0.071819425,0.069083447,0.105335157,0.067715458,0.045827633,0.048563611,0.068399453,0.041723666,1
0.068681319,0.057692308,0.072115385,0.046703297,0.058379121,0.059752747,0.069368132,0.048763736,0.072802198,0.070054945,0.105769231,0.067307692,0.044642857,0.048763736,0.068681319,0.040521978,1
0.070344828,0.057241379,0.070344828,0.047586207,0.057931034,0.05862069,0.070344828,0.048965517,0.071034483,0.070344828,0.104827586,0.066896552,0.046206897,0.049655172,0.067586207,0.042068966,1
0.08005618,0.05758427,0.078651685,0.052668539,0.056179775,0.051264045,0.0625,0.050561798,0.076544944,0.070926966,0.094101124,0.0625,0.056179775,0.041432584,0.068820225,0.04002809,1
0.077185792,0.06079235,0.073770492,0.051912568,0.05942623,0.054644809,0.06352459,0.046448087,0.074453552,0.069672131,0.102459016,0.06352459,0.051912568,0.038934426,0.071038251,0.040300546,1
0.078627591,0.05575411,0.074338813,0.05575411,0.057898499,0.052180129,0.063616869,0.049320944,0.075768406,0.074338813,0.096497498,0.060757684,0.051465332,0.040743388,0.072909221,0.040028592,1
0.073065903,0.06017192,0.080945559,0.056590258,0.059455587,0.047277937,0.060888252,0.047994269,0.074498567,0.070200573,0.095272206,0.065902579,0.063037249,0.037965616,0.069484241,0.037249284,1
0.077726976,0.056825604,0.07642064,0.052253429,0.05813194,0.050293926,0.062704115,0.049640758,0.073807969,0.071195297,0.098628347,0.065316786,0.053559765,0.042455911,0.070542129,0.040496408,1
0.079512894,0.05730659,0.076647564,0.054441261,0.056590258,0.053724928,0.063037249,0.047994269,0.075931232,0.069484241,0.097421203,0.063753582,0.055873926,0.040830946,0.069484241,0.037965616,1
0.077363897,0.05730659,0.075931232,0.056590258,0.05730659,0.050143266,0.061604585,0.047994269,0.077363897,0.069484241,0.093123209,0.066618911,0.054441261,0.040830946,0.075931232,0.037965616,1
0.076867816,0.065373563,0.082614943,0.05387931,0.064655172,0.047413793,0.063936782,0.043821839,0.075431034,0.070402299,0.093390805,0.064655172,0.061781609,0.036637931,0.063936782,0.035201149,1
0.08005618,0.05758427,0.078651685,0.052668539,0.056179775,0.051264045,0.0625,0.050561798,0.076544944,0.070926966,0.094101124,0.0625,0.056179775,0.041432584,0.068820225,0.04002809,1
0.08113879,0.056939502,0.08113879,0.051245552,0.056939502,0.052669039,0.061921708,0.047686833,0.076156584,0.069039146,0.096797153,0.064768683,0.056227758,0.040569395,0.066903915,0.039857651,1
0.070355191,0.06420765,0.073087432,0.043032787,0.053961749,0.049180328,0.066939891,0.053278689,0.075819672,0.067622951,0.104508197,0.071721311,0.050546448,0.042349727,0.075136612,0.038251366,1
0.069083447,0.065663475,0.076607387,0.04377565,0.055403557,0.047879617,0.062243502,0.056771546,0.077975376,0.067031464,0.100547196,0.069767442,0.051983584,0.041723666,0.076607387,0.036935705,1
0.068920676,0.065019506,0.076723017,0.039661899,0.055916775,0.05136541,0.062418726,0.057217165,0.076072822,0.068920676,0.104031209,0.070221066,0.049414824,0.041612484,0.076072822,0.036410923,1
0.068270481,0.065019506,0.076723017,0.039661899,0.055916775,0.05136541,0.062418726,0.057217165,0.076072822,0.068920676,0.104031209,0.070221066,0.049414824,0.041612484,0.076072822,0.037061118,1
0.069767442,0.064295486,0.074555404,0.04377565,0.054719562,0.048563611,0.065663475,0.054719562,0.076607387,0.069083447,0.102599179,0.069083447,0.050615595,0.041723666,0.075239398,0.038987688,1
0.07252216,0.058017728,0.082997583,0.044319098,0.04995971,0.046736503,0.065269944,0.058017728,0.079774376,0.07252216,0.09991942,0.066881547,0.055600322,0.042707494,0.070104754,0.034649476,1
0.06763285,0.065562457,0.077294686,0.043478261,0.05521049,0.04899931,0.062801932,0.056590752,0.078674948,0.066252588,0.100069013,0.070393375,0.052449965,0.04278813,0.075224293,0.03657695,1
0.068920676,0.065019506,0.076723017,0.039661899,0.055916775,0.05136541,0.062418726,0.057217165,0.076072822,0.068920676,0.104031209,0.070221066,0.049414824,0.041612484,0.076072822,0.036410923,1
0.068314899,0.065061809,0.076772934,0.039687703,0.055953155,0.051398829,0.062459336,0.057254392,0.076122316,0.068965517,0.104098894,0.070266753,0.049446975,0.041639558,0.076122316,0.036434613,1
0.068399453,0.066347469,0.073871409,0.045143639,0.055403557,0.047195622,0.063611491,0.055403557,0.078659371,0.065663475,0.099863201,0.070451436,0.050615595,0.042407661,0.077975376,0.038987688,1
0.071523179,0.060264901,0.079470199,0.043046358,0.054966887,0.048344371,0.063576159,0.056291391,0.074834437,0.070198675,0.097350993,0.07218543,0.052980132,0.044370861,0.074172185,0.036423841,1
0.076551168,0.062046737,0.082191781,0.041901692,0.051571313,0.044319098,0.058017728,0.061240935,0.075745367,0.067687349,0.096696213,0.070104754,0.058823529,0.04109589,0.07252216,0.039484287,1
0.074328975,0.059876118,0.076393668,0.045423262,0.0550585,0.047487956,0.064005506,0.054370268,0.076393668,0.069511356,0.103922918,0.066758431,0.050240881,0.0440468,0.072264281,0.039917412,1
0.075745367,0.061240935,0.082997583,0.044319098,0.053182917,0.042707494,0.059629331,0.058823529,0.079774376,0.067687349,0.095890411,0.069298952,0.055600322,0.042707494,0.073327961,0.037066882,1
0.072937969,0.06066803,0.080436264,0.042944785,0.055214724,0.046353102,0.06475801,0.053851397,0.074982958,0.070211316,0.096114519,0.074301295,0.053169734,0.042944785,0.074301295,0.036809816,1
0.07254902,0.060130719,0.079738562,0.04379085,0.054901961,0.047712418,0.062091503,0.05620915,0.075816993,0.068627451,0.097385621,0.071895425,0.052941176,0.044444444,0.074509804,0.037254902,1
0.072789116,0.06122449,0.079591837,0.042857143,0.055102041,0.046938776,0.06462585,0.053741497,0.074829932,0.069387755,0.095238095,0.074829932,0.053741497,0.043537415,0.074829932,0.036734694,1
0.072256305,0.06066803,0.079754601,0.043626449,0.054533061,0.047034765,0.06475801,0.053851397,0.075664622,0.068847989,0.096114519,0.074301295,0.053851397,0.043626449,0.074301295,0.036809816,1
0.070302234,0.05978975,0.080814717,0.043363995,0.054533509,0.047963206,0.063731932,0.055190539,0.076215506,0.069645204,0.096583443,0.072930355,0.052562418,0.044021025,0.074244415,0.038107753,1
0.07254902,0.060130719,0.079738562,0.04379085,0.054901961,0.047712418,0.062091503,0.05620915,0.075816993,0.068627451,0.097385621,0.071895425,0.052941176,0.044444444,0.074509804,0.037254902,1
0.07073329,0.057105775,0.072680078,0.049318624,0.047371836,0.050616483,0.064243997,0.046722907,0.081765088,0.064892927,0.110317975,0.07073329,0.049318624,0.036340039,0.080467229,0.047371836,1
0.07124183,0.058169935,0.07254902,0.052941176,0.050326797,0.049673203,0.068627451,0.047058824,0.083660131,0.067973856,0.104575163,0.064705882,0.049673203,0.039869281,0.074509804,0.044444444,1
0.072124756,0.058479532,0.070825211,0.051332034,0.048083171,0.051332034,0.062378168,0.045484081,0.0805718,0.061728395,0.111760884,0.071474984,0.052631579,0.035737492,0.079922027,0.046133853,1
0.069860279,0.05655356,0.074517631,0.049234864,0.048569528,0.0499002,0.063206919,0.045908184,0.081836327,0.066533599,0.110445775,0.070525615,0.0499002,0.035262808,0.081170991,0.04657352,1
0.070625,0.058125,0.07,0.050625,0.0475,0.048125,0.0625,0.045,0.081875,0.061875,0.10875,0.071875,0.049375,0.035,0.08375,0.055,1
0.068681319,0.06043956,0.072802198,0.053571429,0.050137363,0.049450549,0.065934066,0.046016484,0.083104396,0.06456044,0.103708791,0.068681319,0.052884615,0.037087912,0.07760989,0.04532967,1
0.071984436,0.056420233,0.070687419,0.050583658,0.047989624,0.049935149,0.062256809,0.04539559,0.081712062,0.063553826,0.112840467,0.071335927,0.048638132,0.035667964,0.083009079,0.047989624,1
0.074183976,0.055637982,0.074183976,0.052670623,0.048219585,0.047477745,0.071958457,0.047477745,0.085311573,0.071958457,0.103115727,0.06305638,0.048961424,0.039317507,0.074183976,0.042284866,1
0.07421014,0.058045555,0.069801616,0.052902278,0.047024247,0.047024247,0.068332109,0.047759001,0.083027186,0.066862601,0.105069802,0.067597355,0.049963262,0.038207201,0.079353417,0.044819985,1
0.072,0.057333333,0.071333333,0.049333333,0.047333333,0.05,0.064666667,0.045333333,0.081333333,0.065333333,0.111333333,0.071333333,0.048666667,0.035333333,0.082,0.047333333,1
0.068097705,0.061435973,0.074019245,0.045151739,0.060695781,0.055514434,0.067357513,0.051073279,0.074019245,0.068837898,0.099185788,0.065877128,0.046632124,0.048852702,0.067357513,0.045891932,1
0.065634218,0.061946903,0.07300885,0.044985251,0.05899705,0.05899705,0.070058997,0.051622419,0.07300885,0.068584071,0.100294985,0.066371681,0.047935103,0.049410029,0.065634218,0.043510324,1
0.071762871,0.060062402,0.074102964,0.046801872,0.059282371,0.053822153,0.069422777,0.05226209,0.076443058,0.068642746,0.0975039,0.06474259,0.04524181,0.05226209,0.067082683,0.040561622,1
0.068759342,0.062032885,0.073991031,0.044843049,0.060538117,0.056801196,0.068759342,0.050822123,0.0754858,0.067264574,0.09715994,0.065769806,0.044843049,0.050822123,0.06651719,0.045590433,1
0.070927514,0.059236165,0.076383476,0.046765394,0.059236165,0.053780203,0.066250974,0.052221356,0.076383476,0.068589244,0.09664848,0.064692128,0.046765394,0.05066251,0.067030398,0.044427124,1
0.067669173,0.062200957,0.073137389,0.042378674,0.058783322,0.059466849,0.069719754,0.052631579,0.074504443,0.0683527,0.101161996,0.065618592,0.044429255,0.049897471,0.065618592,0.044429255,1
0.067153285,0.061313869,0.074452555,0.044525547,0.061313869,0.059124088,0.067883212,0.051094891,0.073722628,0.070072993,0.099270073,0.065693431,0.045255474,0.048905109,0.066423358,0.04379562,1
0.067498166,0.06162876,0.074101247,0.044020543,0.060895084,0.059427733,0.067498166,0.050623624,0.073367572,0.068965517,0.099779897,0.06676449,0.045487894,0.048422597,0.06676449,0.044754219,1
0.068215892,0.062218891,0.074962519,0.045727136,0.059970015,0.056971514,0.067466267,0.052473763,0.074962519,0.068965517,0.095952024,0.065217391,0.047976012,0.049475262,0.065967016,0.043478261,1
0.070846906,0.059446254,0.076547231,0.044788274,0.060260586,0.052931596,0.063517915,0.054560261,0.075732899,0.068403909,0.100162866,0.064332248,0.045602606,0.050488599,0.068403909,0.043973941,1
0.065799541,0.058148432,0.07345065,0.046671767,0.057383321,0.057383321,0.068859985,0.052792655,0.072685539,0.078806427,0.101759755,0.059678653,0.048201989,0.042846213,0.068094874,0.047436878,1
0.064313725,0.057254902,0.07372549,0.047843137,0.061176471,0.054901961,0.06745098,0.053333333,0.075294118,0.079215686,0.098039216,0.059607843,0.042352941,0.04627451,0.072156863,0.047058824,1
0.061062649,0.053132435,0.07295797,0.047581285,0.051546392,0.057097542,0.071371927,0.055511499,0.076130056,0.080888184,0.106264869,0.058683584,0.045995242,0.04520222,0.070578906,0.045995242,1
0.063768116,0.05942029,0.07173913,0.047826087,0.058695652,0.055072464,0.07173913,0.052173913,0.072463768,0.078985507,0.102173913,0.05942029,0.047826087,0.043478261,0.067391304,0.047826087,1
0.063643014,0.058522312,0.073884418,0.045354792,0.055596196,0.058522312,0.072421361,0.053401609,0.073884418,0.07973665,0.103145574,0.058522312,0.049012436,0.043160205,0.065106072,0.04608632,1
0.064630682,0.059659091,0.072443182,0.044744318,0.058238636,0.055397727,0.073863636,0.050426136,0.075284091,0.078835227,0.104403409,0.060369318,0.042613636,0.044034091,0.068892045,0.046164773,1
0.065330364,0.057906459,0.073496659,0.046770601,0.057164068,0.056421678,0.070527097,0.051967335,0.073496659,0.077951002,0.10393467,0.05939124,0.047512992,0.043801039,0.066815145,0.047512992,1
0.06618705,0.058273381,0.072661871,0.045323741,0.057553957,0.058273381,0.073381295,0.051798561,0.075539568,0.079136691,0.102158273,0.058273381,0.043165468,0.045323741,0.066906475,0.046043165,1
0.064635958,0.05794948,0.072808321,0.046805349,0.056463596,0.056463596,0.071322437,0.052005944,0.074294205,0.078008915,0.104011887,0.059435364,0.047548291,0.043833581,0.066864785,0.047548291,1
0.064673157,0.059805285,0.073018081,0.043810848,0.057719054,0.056328234,0.073713491,0.050069541,0.074408901,0.078581363,0.105702364,0.061196106,0.043810848,0.043810848,0.067454798,0.045897079,1
0.061107117,0.063982746,0.076923077,0.045291157,0.053199137,0.05248023,0.067577283,0.057512581,0.071890726,0.073328541,0.101365924,0.063263839,0.061826024,0.040977714,0.063263839,0.046010065,1
0.06017192,0.060888252,0.078796562,0.047277937,0.053724928,0.050859599,0.068767908,0.05730659,0.074498567,0.0752149,0.095988539,0.060888252,0.058739255,0.043696275,0.063037249,0.050143266,1
0.060369318,0.0625,0.078835227,0.042613636,0.053267045,0.053267045,0.0703125,0.056818182,0.073153409,0.075284091,0.105823864,0.061789773,0.056818182,0.042613636,0.061789773,0.044744318,1
0.062888735,0.06357982,0.078092605,0.04284727,0.053213545,0.051831375,0.068417415,0.05666897,0.071181755,0.07325501,0.103662751,0.06496199,0.05943331,0.0414651,0.062888735,0.04561161,1
0.062172285,0.061423221,0.079400749,0.046441948,0.053183521,0.053183521,0.068164794,0.056928839,0.074157303,0.074906367,0.098127341,0.061423221,0.059925094,0.041947566,0.062921348,0.045692884,1
0.062638172,0.062638172,0.079587325,0.04642594,0.054532056,0.052321297,0.06705969,0.056742815,0.073691968,0.075165807,0.098010317,0.060427413,0.059690494,0.041267502,0.062638172,0.047162859,1
0.06199262,0.062730627,0.079704797,0.046494465,0.054612546,0.052398524,0.067158672,0.056826568,0.073800738,0.075276753,0.098154982,0.060516605,0.059778598,0.041328413,0.062730627,0.046494465,1
0.062454078,0.063188832,0.079353417,0.046289493,0.055106539,0.052902278,0.067597355,0.056576047,0.07421014,0.074944893,0.097722263,0.060249816,0.059515062,0.041146216,0.062454078,0.046289493,1
0.061481481,0.062962963,0.077037037,0.044444444,0.051851852,0.052592593,0.068148148,0.057037037,0.071851852,0.073333333,0.102962963,0.063703704,0.060740741,0.041481481,0.063703704,0.046666667,1
0.059955588,0.062916358,0.0784604,0.044411547,0.052553664,0.053293856,0.06957809,0.056254626,0.071798668,0.073279053,0.101406366,0.064396743,0.061435973,0.04219097,0.061435973,0.046632124,1
0.0625,0.058238636,0.076704545,0.043323864,0.060369318,0.057528409,0.071022727,0.051846591,0.071022727,0.083096591,0.104403409,0.061079545,0.046164773,0.041903409,0.068181818,0.042613636,1
0.063859649,0.05754386,0.078596491,0.042105263,0.060350877,0.056842105,0.070175439,0.052631579,0.073684211,0.082807018,0.103859649,0.061754386,0.044912281,0.042105263,0.069473684,0.039298246,1
0.062589928,0.057553957,0.076978417,0.043165468,0.060431655,0.058273381,0.069064748,0.052517986,0.072661871,0.082733813,0.1,0.061151079,0.045323741,0.041726619,0.070503597,0.045323741,1
0.063309353,0.057553957,0.075539568,0.043165468,0.058273381,0.055395683,0.070503597,0.054676259,0.071223022,0.082014388,0.099280576,0.061151079,0.04676259,0.043884892,0.069064748,0.048201439,1
0.064516129,0.054590571,0.079404467,0.045492142,0.055417701,0.054590571,0.066170389,0.055417701,0.076095947,0.080231596,0.100909843,0.062034739,0.047973532,0.042183623,0.071960298,0.043010753,1
0.063311688,0.056006494,0.077922078,0.045454545,0.05762987,0.058441558,0.06737013,0.056006494,0.073863636,0.081980519,0.099025974,0.060064935,0.04788961,0.043831169,0.069805195,0.041396104,1
0.061435973,0.055514434,0.077720207,0.043671355,0.059955588,0.058475204,0.070318283,0.052553664,0.07253886,0.084381939,0.102146558,0.061435973,0.045151739,0.042931162,0.06957809,0.04219097,1
0.063260341,0.055961071,0.077858881,0.04541768,0.057583131,0.059205191,0.068126521,0.055961071,0.073803731,0.081103001,0.098945661,0.060016221,0.04785077,0.04379562,0.069748581,0.04136253,1
0.062880325,0.058823529,0.077079108,0.040567951,0.060175794,0.060175794,0.073698445,0.051386072,0.073698445,0.08045977,0.106828938,0.062880325,0.042596349,0.045977011,0.066260987,0.036511156,1
0.063075833,0.057406095,0.075832743,0.044649185,0.061658398,0.057406095,0.068745571,0.052445074,0.068745571,0.081502481,0.106307583,0.063075833,0.046775337,0.043940468,0.069454288,0.038979447,1
0.078388278,0.056410256,0.083516484,0.052747253,0.052014652,0.046886447,0.058608059,0.054945055,0.080586081,0.068131868,0.084981685,0.065934066,0.06007326,0.041025641,0.073260073,0.042490842,1
0.076573653,0.058403634,0.077871512,0.051265412,0.052563271,0.048020766,0.057754705,0.054510058,0.079169371,0.064892927,0.092796885,0.067488644,0.055807917,0.041531473,0.075924724,0.045425049,1
0.076673164,0.059129305,0.07797271,0.050682261,0.053281352,0.048732943,0.058479532,0.053281352,0.0805718,0.064977258,0.092917479,0.066926576,0.053281352,0.040935673,0.076023392,0.046133853,1
0.077904634,0.060443251,0.076561451,0.051712559,0.053055742,0.046339825,0.060443251,0.051040967,0.081262592,0.063801209,0.090664876,0.068502351,0.054398925,0.0402955,0.076561451,0.047011417,1
0.075268817,0.061155914,0.075268817,0.052419355,0.054435484,0.046370968,0.059139785,0.052419355,0.077956989,0.063844086,0.093413978,0.06922043,0.056451613,0.040994624,0.07594086,0.045698925,1
0.078470825,0.054996647,0.080482897,0.051643192,0.051643192,0.044936284,0.060362173,0.054325956,0.079812207,0.067069081,0.087860496,0.067739772,0.055667337,0.044265594,0.073775989,0.046948357,1
0.076673164,0.059129305,0.07797271,0.050682261,0.053281352,0.048732943,0.058479532,0.053281352,0.0805718,0.064977258,0.092917479,0.066926576,0.053281352,0.040935673,0.076023392,0.046133853,1
0.07729805,0.057103064,0.080083565,0.052924791,0.052228412,0.045264624,0.058495822,0.051532033,0.080083565,0.066155989,0.086350975,0.070334262,0.057799443,0.038997214,0.07729805,0.048050139,1
0.077747989,0.058310992,0.077747989,0.053619303,0.054289544,0.044906166,0.059651475,0.050938338,0.079758713,0.067024129,0.08847185,0.06769437,0.055630027,0.039544236,0.077077748,0.047587131,1
0.076573653,0.058403634,0.077871512,0.051265412,0.052563271,0.048020766,0.057754705,0.054510058,0.079169371,0.064892927,0.092796885,0.067488644,0.055807917,0.041531473,0.075924724,0.045425049,1
0.064687976,0.057838661,0.074581431,0.047945205,0.061643836,0.059360731,0.070015221,0.050989346,0.076864536,0.078386606,0.104261796,0.058599696,0.041856925,0.04718417,0.068493151,0.037290715,1
0.063263839,0.058950395,0.077641984,0.045291157,0.065420561,0.058950395,0.067577283,0.051761323,0.074047448,0.084831057,0.099209202,0.058950395,0.042415528,0.040977714,0.072609633,0.038102085,1
0.065449011,0.058599696,0.073820396,0.047945205,0.061643836,0.060121766,0.070015221,0.050989346,0.076864536,0.077625571,0.105022831,0.057838661,0.041856925,0.04718417,0.067732116,0.037290715,1
0.064944649,0.054612546,0.075276753,0.04797048,0.06199262,0.062730627,0.067896679,0.050184502,0.075276753,0.081180812,0.101845018,0.05904059,0.039852399,0.04501845,0.072324723,0.039852399,1
0.066433566,0.056643357,0.078321678,0.044055944,0.062237762,0.058041958,0.072027972,0.05034965,0.074825175,0.084615385,0.100699301,0.060839161,0.041258741,0.044055944,0.06993007,0.035664336,1
0.063480209,0.059746079,0.073188947,0.046303211,0.060492905,0.060492905,0.071695295,0.050784167,0.076923077,0.077669903,0.103061987,0.059746079,0.042569081,0.045556385,0.069454817,0.038834951,1
0.063875089,0.058907026,0.075940383,0.045422285,0.061745919,0.059616749,0.072391767,0.051100071,0.076650106,0.080908446,0.103619588,0.058197303,0.041163946,0.045422285,0.068133428,0.036905607,1
0.063888889,0.058333333,0.076388889,0.045833333,0.061805556,0.059027778,0.071527778,0.051388889,0.077083333,0.079861111,0.102777778,0.058333333,0.040972222,0.046527778,0.068055556,0.038194444,1
0.063342318,0.057951482,0.07884097,0.043800539,0.062668464,0.057277628,0.068059299,0.055256065,0.075471698,0.08490566,0.098382749,0.057951482,0.04245283,0.043126685,0.071428571,0.039083558,1
0.067027759,0.056872038,0.078537576,0.04197698,0.063642519,0.058226134,0.067704807,0.051455653,0.071767095,0.083953961,0.102234259,0.061611374,0.041299932,0.04197698,0.071090047,0.040622884,1
0.064213564,0.063492063,0.070707071,0.043290043,0.054834055,0.054112554,0.077922078,0.049062049,0.075757576,0.067821068,0.103174603,0.069264069,0.046176046,0.050505051,0.064935065,0.044733045,1
0.067006555,0.057538237,0.077203205,0.041514931,0.057538237,0.058994902,0.072833212,0.050254916,0.075018208,0.072833212,0.102694829,0.065549891,0.044428259,0.050254916,0.063364894,0.042971595,1
0.06744186,0.056589147,0.07751938,0.045736434,0.057364341,0.051162791,0.071317829,0.053488372,0.079069767,0.074418605,0.098449612,0.063565891,0.043410853,0.051162791,0.06744186,0.041860465,1
0.059019119,0.057356608,0.078137988,0.048212801,0.056525353,0.058187864,0.068994181,0.054031588,0.079800499,0.068994181,0.094763092,0.066500416,0.047381546,0.054031588,0.067331671,0.040731505,1
0.063989108,0.059223962,0.074200136,0.042205582,0.054458816,0.056501021,0.072838666,0.05377808,0.075561607,0.071477195,0.102110279,0.064669843,0.045609258,0.050374404,0.064669843,0.048332199,1
0.067164179,0.058955224,0.076865672,0.044029851,0.059701493,0.057462687,0.071641791,0.048507463,0.076119403,0.071641791,0.098507463,0.067910448,0.044029851,0.049253731,0.067164179,0.041044776,1
0.067375887,0.062411348,0.072340426,0.041843972,0.056737589,0.058156028,0.073049645,0.04822695,0.075886525,0.065957447,0.105673759,0.068085106,0.044680851,0.04964539,0.063829787,0.046099291,1
0.065724382,0.060070671,0.072791519,0.042402827,0.056537102,0.056537102,0.075618375,0.050883392,0.075618375,0.072084806,0.101766784,0.065724382,0.043816254,0.050883392,0.065017668,0.044522968,1
0.061674009,0.058002937,0.075624082,0.044787078,0.056534508,0.056534508,0.074155653,0.049926579,0.074889868,0.072687225,0.1020558,0.066079295,0.046989721,0.049926579,0.063876652,0.046255507,1
0.063904494,0.0625,0.072331461,0.042837079,0.055477528,0.054073034,0.076544944,0.049157303,0.075842697,0.068117978,0.101825843,0.070224719,0.046348315,0.051264045,0.064606742,0.04494382,1
0.068529607,0.063206919,0.083832335,0.043912176,0.052561544,0.051230872,0.062541583,0.051896208,0.079840319,0.067864271,0.095143047,0.071856287,0.057884232,0.03659348,0.073186959,0.03992016,1
0.067314365,0.065232477,0.078417765,0.044413602,0.053435115,0.051353227,0.061068702,0.055517002,0.076335878,0.067314365,0.098542679,0.070784178,0.058292852,0.037473976,0.07425399,0.040249827,1
0.068874172,0.063576159,0.08013245,0.045695364,0.055629139,0.049668874,0.058940397,0.055629139,0.075496689,0.069536424,0.1,0.068211921,0.058278146,0.036423841,0.074834437,0.039072848,1
0.064853556,0.062761506,0.078103208,0.051603905,0.055090656,0.047419805,0.062761506,0.052998605,0.076708508,0.068340307,0.09693166,0.069037657,0.060669456,0.039051604,0.073919107,0.039748954,1
0.067718606,0.062458909,0.08086785,0.046022354,0.055226824,0.049967127,0.059171598,0.054569362,0.076265615,0.069690993,0.098619329,0.069690993,0.057856673,0.036817883,0.07495069,0.040105194,1
0.067833698,0.062727936,0.080962801,0.047410649,0.054704595,0.051787017,0.059810357,0.053975201,0.077315828,0.067833698,0.094091904,0.070021882,0.059080963,0.037928519,0.075127644,0.039387309,1
0.068759342,0.061285501,0.08445441,0.046337818,0.055306428,0.046337818,0.059043348,0.055306428,0.078475336,0.072496263,0.096412556,0.067264574,0.058295964,0.035127055,0.074738416,0.040358744,1
0.067819149,0.0625,0.081781915,0.046542553,0.055851064,0.049202128,0.059840426,0.053191489,0.076462766,0.069148936,0.096409574,0.070478723,0.058510638,0.037234043,0.074468085,0.040558511,1
0.068601583,0.063324538,0.081134565,0.046174142,0.056068602,0.050131926,0.058047493,0.05474934,0.07651715,0.068601583,0.09828496,0.068601583,0.058047493,0.036939314,0.074538259,0.040237467,1
0.069194943,0.063872255,0.080505655,0.045908184,0.055888224,0.0499002,0.059214904,0.054557552,0.075848303,0.069194943,0.099135063,0.068529607,0.058549568,0.03659348,0.073852295,0.039254824,1
0.070355191,0.06010929,0.073087432,0.041666667,0.057377049,0.06010929,0.070355191,0.053278689,0.070355191,0.077185792,0.101092896,0.06215847,0.047131148,0.043032787,0.066256831,0.046448087,1
0.07101086,0.055137845,0.07518797,0.047619048,0.053467001,0.056808688,0.065162907,0.055137845,0.076858814,0.076023392,0.102756892,0.05764411,0.046783626,0.042606516,0.070175439,0.047619048,1
0.06863418,0.058339053,0.078242965,0.042553191,0.059711736,0.054907344,0.069320522,0.052848318,0.073438572,0.078929307,0.098146877,0.062457104,0.0459849,0.044612217,0.067261496,0.044612217,1
0.067407922,0.058373871,0.079221682,0.040305768,0.060458652,0.055594163,0.072967338,0.050729673,0.074357192,0.08200139,0.095899931,0.063933287,0.043780403,0.043780403,0.067407922,0.043780403,1
0.067407922,0.058373871,0.079221682,0.040305768,0.060458652,0.055594163,0.072967338,0.050729673,0.074357192,0.08200139,0.095899931,0.063933287,0.043780403,0.043780403,0.067407922,0.043780403,1
0.069602273,0.060369318,0.074573864,0.042613636,0.060369318,0.056107955,0.071732955,0.051136364,0.071022727,0.080965909,0.100142045,0.061079545,0.045454545,0.041903409,0.067471591,0.045454545,1
0.069940476,0.05952381,0.074404762,0.04389881,0.058779762,0.057291667,0.070684524,0.051339286,0.072916667,0.078125,0.097470238,0.061755952,0.046130952,0.043154762,0.067708333,0.046875,1
0.066666667,0.058865248,0.078014184,0.041843972,0.061702128,0.055319149,0.071631206,0.05106383,0.073758865,0.082269504,0.096453901,0.062411348,0.042553191,0.043262411,0.069503546,0.044680851,1
0.069648094,0.059384164,0.074780059,0.04398827,0.060117302,0.057184751,0.07111437,0.05058651,0.071847507,0.079178886,0.096774194,0.062316716,0.046187683,0.042521994,0.06744868,0.046920821,1
0.069751381,0.059392265,0.078729282,0.040745856,0.060082873,0.054558011,0.072513812,0.050414365,0.075276243,0.081491713,0.09461326,0.063535912,0.043508287,0.04281768,0.068370166,0.044198895,1
0.068164214,0.058869094,0.07436096,0.04879938,0.058869094,0.06041828,0.06274206,0.05344694,0.072811774,0.07203718,0.096049574,0.063516654,0.050348567,0.04415182,0.070487994,0.044926414,1
0.070621469,0.060734463,0.077683616,0.043785311,0.061440678,0.05579096,0.064971751,0.052259887,0.06920904,0.076271186,0.098870056,0.065677966,0.050847458,0.041666667,0.06920904,0.040960452,1
0.070982839,0.057722309,0.077223089,0.046801872,0.057722309,0.057722309,0.06474259,0.053042122,0.072542902,0.076443058,0.095163807,0.063182527,0.051482059,0.042121685,0.070202808,0.042901716,1
0.068786982,0.059911243,0.076183432,0.045857988,0.060650888,0.057692308,0.065088757,0.053254438,0.070266272,0.076923077,0.096893491,0.063609467,0.051035503,0.041420118,0.070266272,0.042159763,1
0.070351759,0.060301508,0.07609476,0.044508256,0.061737258,0.055994257,0.065326633,0.052404882,0.070351759,0.07609476,0.098348887,0.065326633,0.049533381,0.04235463,0.070351759,0.04091888,1
0.069896194,0.060207612,0.077508651,0.043598616,0.061591696,0.05467128,0.065743945,0.053287197,0.069896194,0.078200692,0.098961938,0.064359862,0.04982699,0.042214533,0.069204152,0.04083045,1
0.069565217,0.060144928,0.076086957,0.044927536,0.061594203,0.056521739,0.065217391,0.052898551,0.070289855,0.076811594,0.099275362,0.063768116,0.049275362,0.042028986,0.070289855,0.041304348,1
0.06927045,0.059690494,0.075902727,0.0449521,0.061164333,0.057479735,0.064848931,0.053058217,0.070007369,0.076639646,0.098747237,0.064112012,0.050110538,0.042004422,0.070007369,0.042004422,1
0.067924528,0.059622642,0.075471698,0.046792453,0.059622642,0.058867925,0.06490566,0.052830189,0.070943396,0.076226415,0.095849057,0.064150943,0.051320755,0.041509434,0.070943396,0.043018868,1
0.070621469,0.060734463,0.077683616,0.043785311,0.061440678,0.05579096,0.064971751,0.052259887,0.06920904,0.076271186,0.098870056,0.065677966,0.050847458,0.041666667,0.06920904,0.040960452,1
0.064935065,0.059587471,0.072574484,0.046600458,0.055767762,0.060351413,0.070282659,0.049656226,0.072574484,0.068754775,0.09854851,0.069518717,0.049656226,0.0473644,0.067990833,0.045836516,1
0.064876957,0.060402685,0.073079791,0.046234154,0.05891126,0.060402685,0.06935123,0.049217002,0.072334079,0.070096943,0.097688292,0.067859806,0.049217002,0.046234154,0.067859806,0.046234154,1
0.063859649,0.061052632,0.072982456,0.044210526,0.05754386,0.059649123,0.070175439,0.05122807,0.071578947,0.071578947,0.101052632,0.068070175,0.048421053,0.046315789,0.068070175,0.044210526,1
0.06254599,0.058866814,0.072847682,0.047093451,0.057395143,0.058866814,0.069904341,0.052244297,0.072111847,0.070640177,0.095658572,0.068432671,0.049300957,0.049300957,0.068432671,0.046357616,1
0.065457413,0.059148265,0.072555205,0.047318612,0.055993691,0.059148265,0.070189274,0.049684543,0.073343849,0.068611987,0.097791798,0.069400631,0.049684543,0.048895899,0.067823344,0.044952681,1
0.067219917,0.058921162,0.073858921,0.049792531,0.058091286,0.058921162,0.06473029,0.051452282,0.073858921,0.066390041,0.095435685,0.067219917,0.050622407,0.048962656,0.068879668,0.045643154,1
0.063953488,0.061773256,0.072674419,0.04505814,0.058139535,0.058866279,0.07122093,0.050145349,0.072674419,0.071947674,0.098837209,0.066860465,0.047965116,0.045784884,0.068313953,0.045784884,1
0.062362436,0.058694057,0.074834923,0.048422597,0.058694057,0.057226706,0.069699193,0.048422597,0.072633896,0.072633896,0.098312546,0.06676449,0.0513573,0.045487894,0.067498166,0.046955246,1
0.065263158,0.061052632,0.073684211,0.043508772,0.05754386,0.058245614,0.070877193,0.050526316,0.072280702,0.072280702,0.101052632,0.068070175,0.048421053,0.045614035,0.067368421,0.044210526,1
0.067567568,0.058028617,0.074721781,0.047694754,0.057233704,0.058823529,0.069157393,0.049284579,0.075516693,0.069157393,0.096979332,0.067567568,0.048489666,0.047694754,0.06836248,0.043720191,1
0.067123288,0.06369863,0.078082192,0.042465753,0.054794521,0.052739726,0.070547945,0.052739726,0.07739726,0.075342466,0.098630137,0.065753425,0.051369863,0.039041096,0.070547945,0.039726027,1
0.067288474,0.062624917,0.07661559,0.043304464,0.055296469,0.052631579,0.067954697,0.051965356,0.077281812,0.069953364,0.10326449,0.068620919,0.049300466,0.043304464,0.071285809,0.039307129,1
0.068085106,0.061702128,0.078014184,0.042553191,0.05177305,0.060992908,0.070212766,0.05177305,0.078723404,0.070921986,0.10141844,0.065957447,0.05248227,0.040425532,0.067375887,0.037588652,1
0.065595716,0.060910308,0.071619813,0.048192771,0.054886212,0.054886212,0.072289157,0.050870147,0.075635877,0.074297189,0.103748327,0.064926372,0.050870147,0.042168675,0.070950469,0.03815261,1
0.064493759,0.065880721,0.074202497,0.042302358,0.057558946,0.055478502,0.070041609,0.052011096,0.073509015,0.073509015,0.107489598,0.066574202,0.050624133,0.040221914,0.070041609,0.036061026,1
0.066063978,0.063977747,0.079276773,0.041029207,0.054937413,0.053546592,0.07093185,0.054937413,0.076495132,0.076495132,0.097357441,0.065368567,0.053546592,0.040333797,0.068150209,0.037552156,1
0.065771812,0.062416107,0.077181208,0.04295302,0.053691275,0.058389262,0.069127517,0.051677852,0.079194631,0.070469799,0.101342282,0.066442953,0.04966443,0.041610738,0.070469799,0.039597315,1
0.065620542,0.064194009,0.075606277,0.043509272,0.055634807,0.056348074,0.069900143,0.053495007,0.078459344,0.070613409,0.104850214,0.064194009,0.049215407,0.043509272,0.068473609,0.036376605,1
0.063732929,0.063732929,0.078907436,0.04552352,0.053110774,0.056145675,0.072078907,0.054628225,0.081942337,0.072837633,0.086494689,0.069044006,0.053110774,0.043247344,0.072078907,0.033383915,1
0.080108622,0.065173116,0.068567549,0.040733198,0.05634759,0.065852003,0.068567549,0.047522064,0.069925322,0.070604209,0.111337407,0.064494229,0.04820095,0.036659878,0.067209776,0.038696538,1
0.06372549,0.06162465,0.074929972,0.046918768,0.053921569,0.054621849,0.074229692,0.051120448,0.075630252,0.067226891,0.099439776,0.067927171,0.053221289,0.051120448,0.06162465,0.042717087,1
0.063235294,0.061029412,0.072794118,0.050735294,0.054411765,0.053676471,0.074264706,0.049264706,0.076470588,0.066911765,0.097794118,0.066911765,0.054411765,0.049264706,0.063235294,0.045588235,1
0.062819576,0.062819576,0.069393718,0.047479912,0.054054054,0.057706355,0.072315559,0.051862673,0.073776479,0.062819576,0.099342586,0.069393718,0.052593134,0.052593134,0.063550037,0.047479912,1
0.063770147,0.063069376,0.070077085,0.040644709,0.053258584,0.060266293,0.076384022,0.049053959,0.070077085,0.067274001,0.106517169,0.073580939,0.04975473,0.048353189,0.064470918,0.043447793,1
0.062761506,0.060669456,0.073919107,0.046722455,0.053695955,0.055090656,0.074616457,0.050906555,0.075313808,0.067642957,0.10041841,0.068340307,0.052998605,0.050906555,0.062761506,0.043235704,1
0.063770147,0.063069376,0.070077085,0.040644709,0.053258584,0.060266293,0.076384022,0.049053959,0.070077085,0.067274001,0.106517169,0.073580939,0.04975473,0.048353189,0.064470918,0.043447793,1
0.064174894,0.063469676,0.071932299,0.047249647,0.055712271,0.056417489,0.069816643,0.05077574,0.072637518,0.063469676,0.100141044,0.070521862,0.053596615,0.049365303,0.064880113,0.04583921,1
0.063265306,0.063265306,0.068707483,0.040136054,0.053061224,0.060544218,0.074829932,0.052380952,0.070068027,0.066666667,0.106802721,0.071428571,0.048979592,0.049659864,0.06462585,0.045578231,1
0.068937551,0.055150041,0.076236821,0.051905921,0.051905921,0.050283861,0.070559611,0.051905921,0.077047851,0.065693431,0.097323601,0.067315491,0.055150041,0.052716951,0.063260341,0.04460665,1
0.064630682,0.0625,0.071732955,0.049715909,0.055397727,0.052556818,0.074573864,0.050426136,0.075284091,0.068181818,0.098011364,0.066051136,0.053977273,0.049715909,0.063210227,0.044034091,1
0.069730586,0.061014263,0.069730586,0.049128368,0.056259905,0.067353407,0.068938193,0.046751189,0.072900158,0.064183835,0.1022187,0.067353407,0.050713154,0.047543582,0.065768621,0.040412044,1
0.067715458,0.062243502,0.071819425,0.038987688,0.056771546,0.065663475,0.069767442,0.05129959,0.071135431,0.068399453,0.107387141,0.068399453,0.045143639,0.047195622,0.066347469,0.041723666,1
0.069565217,0.062450593,0.068774704,0.048221344,0.056916996,0.064822134,0.066403162,0.048221344,0.070355731,0.061660079,0.104347826,0.069565217,0.051383399,0.04743083,0.067193676,0.042687747,1
0.068011958,0.062032885,0.071001495,0.045590433,0.056801196,0.060538117,0.071001495,0.050822123,0.073243647,0.06651719,0.100896861,0.068011958,0.04857997,0.049327354,0.065769806,0.041853513,1
0.067653277,0.062720226,0.072586328,0.044397463,0.057787174,0.060606061,0.067653277,0.050035236,0.071176885,0.066948555,0.105003524,0.068357999,0.050739958,0.046511628,0.065539112,0.042283298,1
0.071723001,0.060181369,0.071723001,0.046990932,0.056883759,0.061830173,0.065127782,0.051112943,0.072547403,0.06430338,0.098103875,0.069249794,0.049464138,0.049464138,0.068425392,0.04286892,1
0.069128044,0.06205813,0.069128044,0.047918303,0.056559309,0.064414768,0.067556952,0.047918303,0.070699136,0.062843676,0.105263158,0.069128044,0.051060487,0.047132757,0.066771406,0.042419482,1
0.068908942,0.061525841,0.067268253,0.047579984,0.057424118,0.063986874,0.069729286,0.049220673,0.069729286,0.064807219,0.102543068,0.068908942,0.048400328,0.050861362,0.066447908,0.042657916,1
0.067274001,0.062368605,0.074982481,0.042046251,0.056061668,0.056762439,0.070777856,0.053959355,0.073580939,0.068675543,0.101611773,0.067274001,0.04975473,0.04975473,0.063770147,0.04134548,1
0.068728522,0.06185567,0.072852234,0.04467354,0.056357388,0.058419244,0.070103093,0.050859107,0.073539519,0.066666667,0.103092784,0.067353952,0.049484536,0.048797251,0.063917526,0.043298969,1
0.073550212,0.059405941,0.073550212,0.050919378,0.060113154,0.04950495,0.070014144,0.050212164,0.075671853,0.075671853,0.093352192,0.065063649,0.048797737,0.045261669,0.072135785,0.036775106,1
0.07221458,0.059834938,0.072902338,0.045392022,0.05914718,0.052269601,0.069463549,0.053645117,0.074277854,0.078404402,0.096286107,0.065337001,0.044704264,0.044016506,0.076341128,0.035763411,1
0.076222038,0.055509528,0.078707539,0.047224524,0.057995029,0.053024027,0.071251036,0.048053024,0.076222038,0.077879039,0.090306545,0.066280033,0.047224524,0.043910522,0.070422535,0.03976802,1
0.073431242,0.05941255,0.073431242,0.045393858,0.058077437,0.052736983,0.070093458,0.052736983,0.074098798,0.077436582,0.097463284,0.066088117,0.045393858,0.044058745,0.074098798,0.036048064,1
0.067065073,0.059096946,0.071713147,0.04249668,0.056440903,0.057768924,0.079017264,0.047808765,0.073041169,0.079681275,0.101593625,0.070385126,0.043160691,0.044488712,0.072377158,0.033864542,1
0.072727273,0.058909091,0.077090909,0.043636364,0.061818182,0.053818182,0.071272727,0.051636364,0.072,0.082181818,0.089454545,0.066909091,0.046545455,0.042909091,0.072727273,0.036363636,1
0.073446328,0.058615819,0.077683616,0.04519774,0.057909605,0.052259887,0.065677966,0.052966102,0.076977401,0.074152542,0.093220339,0.066384181,0.047316384,0.043785311,0.074152542,0.040254237,1
0.073809524,0.05952381,0.073015873,0.045238095,0.061111111,0.055555556,0.069047619,0.051587302,0.06984127,0.08015873,0.096825397,0.065079365,0.047619048,0.041269841,0.073015873,0.037301587,1
0.078309078,0.056826057,0.074151074,0.054747055,0.052668053,0.049203049,0.067221067,0.046431046,0.081081081,0.075537076,0.097713098,0.063063063,0.051975052,0.033957034,0.078309078,0.038808039,1
0.073446328,0.055084746,0.079096045,0.044491525,0.059322034,0.051553672,0.06779661,0.05579096,0.072033898,0.083333333,0.093926554,0.063559322,0.047316384,0.044491525,0.072033898,0.036723164,1
0.077080491,0.060027285,0.072305593,0.055934516,0.051841746,0.04638472,0.060027285,0.048431105,0.081173261,0.062755798,0.104365621,0.064120055,0.055252387,0.036834925,0.076398363,0.047066849,1
0.074605452,0.056671449,0.078192253,0.053084648,0.054519369,0.046628407,0.06025825,0.047345768,0.083931133,0.067431851,0.097560976,0.068149211,0.048780488,0.038020086,0.081061693,0.043758967,1
0.080561715,0.055432373,0.075388027,0.053215078,0.050997783,0.042867701,0.058388766,0.052475979,0.079822616,0.06947524,0.101995565,0.062823356,0.052475979,0.036954915,0.07834442,0.048780488,1
0.075310559,0.054347826,0.076863354,0.050465839,0.044254658,0.049689441,0.067546584,0.050465839,0.085403727,0.069099379,0.107919255,0.063664596,0.052018634,0.038819876,0.073757764,0.040372671,1
0.078304598,0.057471264,0.076149425,0.051724138,0.05316092,0.045977011,0.057471264,0.051005747,0.079022989,0.066810345,0.100574713,0.066091954,0.052442529,0.037356322,0.078304598,0.048132184,1
0.077534791,0.057654076,0.074884029,0.052352551,0.053015242,0.045062956,0.058979457,0.05036448,0.077534791,0.067594433,0.100066269,0.065606362,0.055003313,0.037110669,0.076872101,0.05036448,1
0.076027397,0.059589041,0.07260274,0.056849315,0.054794521,0.046575342,0.058219178,0.048630137,0.076712329,0.066438356,0.102054795,0.065068493,0.056849315,0.035616438,0.078082192,0.045890411,1
