0.010849731,0.011366385,0.012916347,0.010333077,0.009816424,0.009816424,0.013949654,0.008266462,0.010333077,0.013949654,0.010849731,0.014466308,0.007233154,0.007749808,0.012399693,0.0067165,0.009816424,0.011883039,0.013433001,0.005166539,0.011883039,0.012916347,0.010333077,0.008783116,0.008266462,0.009816424,0.019632847,0.011366385,0.008783116,0.007233154,0.011366385,0.005683193,0.015499616,0.008266462,0.013433001,0.014466308,0.010849731,0.013433001,0.010849731,0.010849731,0.021182809,0.014466308,0.02531604,0.016532924,0.010333077,0.011366385,0.016532924,0.010849731,0.00929977,0.010333077,0.009816424,0.004133231,0.007233154,0.007749808,0.014466308,0.005166539,0.011883039,0.007749808,0.021699462,0.0067165,0.007233154,0.008266462,0.007749808,0.003616577,0.165105584,0.130178539,1
0.010235298,0.014621854,0.014621854,0.009747903,0.010722693,0.010722693,0.012184878,0.007798322,0.009260508,0.013159669,0.012672274,0.015109249,0.005848742,0.007798322,0.011210088,0.008285717,0.011210088,0.010722693,0.013159669,0.006336137,0.011210088,0.011210088,0.010235298,0.008773112,0.008285717,0.011697483,0.01803362,0.011210088,0.006823532,0.007798322,0.012184878,0.006823532,0.01705883,0.007798322,0.012184878,0.014134459,0.011697483,0.012184878,0.013647064,0.011697483,0.021932781,0.015109249,0.022420176,0.015109249,0.011210088,0.010722693,0.015596644,0.010235298,0.010722693,0.008285717,0.009747903,0.002924371,0.007798322,0.007310927,0.013159669,0.005848742,0.011697483,0.009260508,0.021445386,0.006336137,0.007798322,0.007798322,0.009747903,0.003411766,0.164838992,0.129412849,1
0.01231907,0.011145825,0.013492315,0.010559203,0.011732448,0.009385958,0.011732448,0.008799336,0.010559203,0.013492315,0.011732448,0.013492315,0.008212713,0.008212713,0.01231907,0.008212713,0.009385958,0.01231907,0.012905692,0.006452846,0.010559203,0.011732448,0.011145825,0.008212713,0.008212713,0.00997258,0.018771916,0.011145825,0.007626091,0.008799336,0.012905692,0.005279601,0.015838804,0.008212713,0.014078937,0.01466556,0.010559203,0.01231907,0.010559203,0.01231907,0.021705028,0.01466556,0.022878273,0.01466556,0.010559203,0.00997258,0.015252182,0.010559203,0.00997258,0.00997258,0.008799336,0.005279601,0.008212713,0.007626091,0.01466556,0.005279601,0.01231907,0.007626091,0.021118406,0.007039469,0.007626091,0.008799336,0.007626091,0.003519734,0.166029005,0.128850893,1
0.011060693,0.013574486,0.013071728,0.010557934,0.011563451,0.009049658,0.012568969,0.008546899,0.009049658,0.014077245,0.013071728,0.012568969,0.005530346,0.007038623,0.01206621,0.007038623,0.011060693,0.011060693,0.013071728,0.007038623,0.010557934,0.011563451,0.01206621,0.009049658,0.009552416,0.010557934,0.021115868,0.010557934,0.007038623,0.00804414,0.011563451,0.006033105,0.01608828,0.008546899,0.013574486,0.011563451,0.012568969,0.014077245,0.014077245,0.011060693,0.019607591,0.017596556,0.027148973,0.01608828,0.009552416,0.010055175,0.015585521,0.011060693,0.010055175,0.008546899,0.009049658,0.002513794,0.007541381,0.008546899,0.013071728,0.00402207,0.011563451,0.009552416,0.019104833,0.007038623,0.00804414,0.00804414,0.00804414,0.003519311,0.164336772,0.128784425,1
0.012002327,0.011430787,0.016003102,0.010859248,0.011430787,0.010287708,0.011430787,0.00857309,0.010859248,0.014288484,0.011430787,0.012002327,0.005715394,0.007430012,0.012002327,0.00857309,0.013716945,0.012002327,0.012002327,0.006858472,0.011430787,0.013145405,0.011430787,0.009716169,0.007430012,0.011430787,0.020003878,0.010287708,0.006858472,0.006858472,0.011430787,0.006286933,0.014860023,0.00857309,0.012573866,0.013716945,0.013716945,0.015431563,0.012573866,0.00914463,0.020003878,0.016003102,0.024576192,0.015431563,0.00857309,0.010287708,0.014860023,0.011430787,0.009716169,0.009716169,0.008001551,0.002286157,0.008001551,0.006858472,0.013716945,0.004000776,0.012002327,0.00914463,0.019432338,0.007430012,0.00857309,0.008001551,0.009716169,0.003429236,0.164320993,0.12868482,1
0.010572192,0.013592818,0.015103131,0.009565317,0.012082505,0.009061879,0.012082505,0.007551566,0.009565317,0.012585943,0.014599694,0.014096256,0.006041253,0.008055003,0.011579067,0.007048128,0.010572192,0.01107563,0.014096256,0.007551566,0.010068754,0.011579067,0.010572192,0.009061879,0.008055003,0.010572192,0.018627195,0.01107563,0.007048128,0.007048128,0.011579067,0.007048128,0.016613445,0.007551566,0.012585943,0.013089381,0.013089381,0.015103131,0.012082505,0.01107563,0.019634071,0.018123758,0.024668448,0.015606569,0.010572192,0.010068754,0.016613445,0.010068754,0.01107563,0.008558441,0.009061879,0.002517189,0.008055003,0.006041253,0.013592818,0.005034377,0.012585943,0.009565317,0.020137509,0.00654469,0.007551566,0.007551566,0.009061879,0.003524064,0.165099571,0.129080754,1
0.010850067,0.012400076,0.014983425,0.009816727,0.010850067,0.009816727,0.011883406,0.007233378,0.010333397,0.013433416,0.012400076,0.014466756,0.007233378,0.007233378,0.011883406,0.008266718,0.010333397,0.011366737,0.012916746,0.006716708,0.010850067,0.011883406,0.010850067,0.008783387,0.007750048,0.012400076,0.019116784,0.010333397,0.007233378,0.008783387,0.009816727,0.007233378,0.016016765,0.007233378,0.013433416,0.013950086,0.012400076,0.013433416,0.012916746,0.011366737,0.021183464,0.015500095,0.022733473,0.015500095,0.010333397,0.010333397,0.015500095,0.010333397,0.010850067,0.008783387,0.009300057,0.004133359,0.007750048,0.007233378,0.013950086,0.005683368,0.011366737,0.008783387,0.020150124,0.006200038,0.008266718,0.008266718,0.009300057,0.003616689,0.165783223,0.12896244,1
0.010631227,0.014497128,0.014497128,0.010147989,0.010631227,0.010631227,0.01208094,0.007731801,0.009664752,0.013047415,0.01208094,0.015463603,0.005798851,0.007731801,0.011114464,0.008215039,0.011114464,0.010631227,0.013047415,0.006282089,0.011114464,0.011597702,0.010147989,0.009181514,0.008215039,0.011597702,0.018363028,0.010631227,0.006765326,0.008215039,0.01208094,0.007248564,0.016913315,0.007731801,0.012564177,0.013530652,0.011597702,0.01208094,0.013530652,0.011597702,0.021262454,0.014980365,0.022712166,0.015463603,0.011114464,0.010631227,0.01594684,0.010147989,0.011114464,0.008215039,0.010147989,0.002899426,0.007731801,0.007731801,0.013047415,0.005798851,0.011597702,0.009181514,0.021262454,0.006282089,0.008698277,0.007731801,0.009181514,0.003382663,0.164614006,0.129375883,1
0.010195331,0.014079267,0.014564759,0.009709839,0.010680823,0.010195331,0.012137299,0.007767872,0.010195331,0.013593775,0.012137299,0.015050251,0.005825904,0.007767872,0.011651807,0.007767872,0.010680823,0.010680823,0.013593775,0.006311396,0.011166315,0.011651807,0.010195331,0.009224347,0.008253363,0.011651807,0.018448695,0.010680823,0.006796888,0.008253363,0.012137299,0.00728238,0.016992219,0.007767872,0.012622791,0.014079267,0.011651807,0.012622791,0.013593775,0.011651807,0.021361647,0.015050251,0.022818123,0.015535743,0.011166315,0.010680823,0.015535743,0.010195331,0.010680823,0.008253363,0.009709839,0.002912952,0.007767872,0.007767872,0.013108283,0.005825904,0.011651807,0.009224347,0.021361647,0.006311396,0.007767872,0.007767872,0.009224347,0.003398444,0.164286033,0.129323152,1
0.010224291,0.014119259,0.015579872,0.00973742,0.010711162,0.010224291,0.012171775,0.007303065,0.00973742,0.013145517,0.012658646,0.014119259,0.006816194,0.007303065,0.010711162,0.008763678,0.010711162,0.010711162,0.012658646,0.006329323,0.010224291,0.011684904,0.010711162,0.008763678,0.008763678,0.012171775,0.018014227,0.010711162,0.006816194,0.008763678,0.011684904,0.007303065,0.017040485,0.007303065,0.012658646,0.013145517,0.012171775,0.012658646,0.012658646,0.012171775,0.019961711,0.015579872,0.022396066,0.016066743,0.011198033,0.010224291,0.015579872,0.010224291,0.011684904,0.008276807,0.008763678,0.003894968,0.007789936,0.006816194,0.014119259,0.006329323,0.011684904,0.008763678,0.020935453,0.006329323,0.007789936,0.008763678,0.00973742,0.003408097,0.165286425,0.129237497,1
0.013283468,0.013283468,0.01623535,0.013283468,0.009839606,0.008855645,0.012299507,0.008855645,0.013283468,0.01574337,0.011807527,0.014267429,0.008363665,0.007379704,0.012791488,0.008363665,0.011807527,0.008363665,0.011807527,0.007379704,0.008855645,0.007871685,0.008855645,0.010331586,0.010331586,0.011315547,0.012299507,0.009839606,0.009839606,0.006887724,0.011315547,0.007379704,0.01623535,0.008363665,0.01623535,0.012791488,0.012299507,0.013775448,0.012299507,0.011315547,0.01721931,0.012299507,0.024107035,0.012299507,0.012299507,0.009839606,0.013775448,0.007871685,0.014759409,0.010331586,0.010823567,0.003443862,0.008363665,0.005411783,0.010331586,0.004919803,0.012791488,0.010331586,0.017711291,0.007379704,0.008855645,0.004919803,0.009839606,0.004427823,0.168638716,0.131273318,1
0.011971272,0.013407824,0.015323228,0.013407824,0.009577017,0.010534719,0.014365526,0.008140465,0.011492421,0.013886675,0.013886675,0.012450123,0.007182763,0.007661614,0.012450123,0.009098167,0.011971272,0.010534719,0.011492421,0.007661614,0.011492421,0.007182763,0.009577017,0.010055868,0.009577017,0.011492421,0.012928974,0.010534719,0.007661614,0.00574621,0.012450123,0.006703912,0.016759781,0.008619316,0.015802079,0.01101357,0.013886675,0.012928974,0.011971272,0.010055868,0.019154035,0.013886675,0.023942544,0.014844377,0.012928974,0.009098167,0.014844377,0.007661614,0.013407824,0.010055868,0.009098167,0.003830807,0.006703912,0.007661614,0.008619316,0.004309658,0.011971272,0.009577017,0.021069438,0.006703912,0.008619316,0.004788509,0.010055868,0.004788509,0.168984696,0.130456478,1
0.013523064,0.012020502,0.016027336,0.013523064,0.008514522,0.007512814,0.013523064,0.009516231,0.011018793,0.015526481,0.012020502,0.013523064,0.008013668,0.008013668,0.014023919,0.009015376,0.012020502,0.009015376,0.012521356,0.007011959,0.008514522,0.007512814,0.009015376,0.011519647,0.009516231,0.011519647,0.013523064,0.010017085,0.008514522,0.007011959,0.012020502,0.007011959,0.016027336,0.008013668,0.014524773,0.014524773,0.015025627,0.014524773,0.012020502,0.010517939,0.019032461,0.014023919,0.022538441,0.012020502,0.011018793,0.009516231,0.014023919,0.007512814,0.013523064,0.010017085,0.008514522,0.004006834,0.008514522,0.007011959,0.010017085,0.003005125,0.013523064,0.011018793,0.019533315,0.007011959,0.008514522,0.004006834,0.011018793,0.004507688,0.168867497,0.130938279,1
0.011944889,0.010949481,0.016921926,0.010949481,0.00945637,0.007465555,0.015428814,0.00945637,0.012940296,0.015428814,0.013935703,0.013935703,0.010949481,0.006967852,0.013935703,0.007465555,0.009954074,0.011447185,0.011944889,0.007963259,0.010451778,0.004977037,0.007465555,0.009954074,0.010451778,0.007963259,0.013438,0.009954074,0.011447185,0.005972444,0.009954074,0.005972444,0.016424222,0.007465555,0.015428814,0.012442592,0.012940296,0.014433407,0.011447185,0.009954074,0.018415037,0.012442592,0.021898963,0.013438,0.014433407,0.008460963,0.015428814,0.007465555,0.011944889,0.011944889,0.011944889,0.007963259,0.008460963,0.005972444,0.007963259,0.00398163,0.009954074,0.012940296,0.016921926,0.008460963,0.006967852,0.004977037,0.008958666,0.004977037,0.175186167,0.130517181,1
0.012828501,0.011912179,0.016951947,0.012828501,0.009621375,0.009163215,0.012828501,0.008246893,0.011912179,0.015119304,0.013286661,0.013286661,0.007330572,0.007788733,0.013286661,0.008246893,0.011912179,0.010079536,0.011912179,0.006872411,0.008246893,0.007330572,0.008705054,0.010995858,0.008705054,0.011454018,0.013744822,0.010079536,0.008246893,0.007788733,0.010995858,0.007788733,0.016035626,0.007788733,0.014661144,0.013286661,0.013286661,0.013744822,0.011912179,0.010995858,0.017868269,0.014202983,0.023366198,0.013744822,0.013744822,0.009621375,0.014661144,0.007788733,0.013744822,0.010079536,0.010079536,0.003665286,0.009621375,0.005039768,0.010537697,0.004581607,0.013286661,0.009163215,0.01878459,0.008246893,0.008246893,0.004581607,0.010537697,0.004581607,0.169299328,0.129714745,1
0.014036623,0.012031391,0.016041855,0.013535315,0.008522236,0.008522236,0.013034007,0.009524852,0.011530083,0.016041855,0.012031391,0.014036623,0.008020928,0.00751962,0.014036623,0.008522236,0.011028775,0.009524852,0.012031391,0.007018312,0.009023544,0.009023544,0.009023544,0.010527467,0.010527467,0.010527467,0.013034007,0.01002616,0.010527467,0.006517004,0.01002616,0.006517004,0.016543163,0.008020928,0.015039239,0.013535315,0.012532699,0.015039239,0.012031391,0.009023544,0.018548395,0.012532699,0.024062783,0.013034007,0.012532699,0.01002616,0.014537931,0.00751962,0.014036623,0.010527467,0.010527467,0.004010464,0.009023544,0.00501308,0.01002616,0.004511772,0.012532699,0.009524852,0.019049703,0.00751962,0.008020928,0.004511772,0.01002616,0.004010464,0.168949214,0.131726159,1
0.011515662,0.013017705,0.01602179,0.013518386,0.009012257,0.009012257,0.012517024,0.009512938,0.012517024,0.014519747,0.011515662,0.014519747,0.009012257,0.007510214,0.015521109,0.007510214,0.011014981,0.011014981,0.010013619,0.008010895,0.008010895,0.006008171,0.009512938,0.011014981,0.012016343,0.008010895,0.012517024,0.0105143,0.008511576,0.007009533,0.011014981,0.007009533,0.018024514,0.007510214,0.01602179,0.012517024,0.013518386,0.014519747,0.011014981,0.009512938,0.01602179,0.013518386,0.022029962,0.013518386,0.013017705,0.009512938,0.01602179,0.008010895,0.013518386,0.008511576,0.011014981,0.005006809,0.009512938,0.00550749,0.010013619,0.003504767,0.013518386,0.012517024,0.019025876,0.008010895,0.007510214,0.004506129,0.0105143,0.004005448,0.171105854,0.130444228,1
0.011013884,0.014017671,0.017021458,0.011514515,0.013016409,0.008510729,0.015018933,0.00901136,0.01351704,0.014518302,0.015519564,0.014017671,0.010513253,0.007008835,0.013016409,0.007008835,0.010012622,0.012015147,0.01351704,0.009511991,0.011013884,0.007008835,0.007509467,0.007509467,0.010012622,0.011514515,0.013016409,0.010012622,0.00901136,0.006007573,0.010012622,0.005506942,0.017522089,0.007509467,0.016020195,0.011013884,0.01351704,0.012015147,0.013016409,0.010513253,0.017021458,0.013016409,0.0225284,0.012515778,0.015519564,0.008510729,0.014017671,0.007008835,0.014518302,0.012015147,0.011013884,0.005506942,0.007509467,0.005506942,0.00901136,0.003504418,0.012015147,0.010012622,0.014017671,0.008510729,0.008010098,0.004005049,0.007509467,0.005006311,0.176623468,0.126998663,1
0.013283468,0.013283468,0.01623535,0.013283468,0.009839606,0.008855645,0.012299507,0.008855645,0.013283468,0.01574337,0.011807527,0.014267429,0.008363665,0.007379704,0.012791488,0.008363665,0.011807527,0.008363665,0.011807527,0.007379704,0.008855645,0.007871685,0.008855645,0.010331586,0.010331586,0.011315547,0.012299507,0.009839606,0.009839606,0.006887724,0.011315547,0.007379704,0.01623535,0.008363665,0.01623535,0.012791488,0.012299507,0.013775448,0.012299507,0.011315547,0.01721931,0.012299507,0.024107035,0.012299507,0.012299507,0.009839606,0.013775448,0.007871685,0.014759409,0.010331586,0.010823567,0.003443862,0.008363665,0.005411783,0.010331586,0.004919803,0.012791488,0.010331586,0.017711291,0.007379704,0.008855645,0.004919803,0.009839606,0.004427823,0.168638716,0.131273318,1
0.013997355,0.012497639,0.017496694,0.012997544,0.009498206,0.0089983,0.012997544,0.008498394,0.012997544,0.015497072,0.014497261,0.013997355,0.007998489,0.006998678,0.012497639,0.008498394,0.011997733,0.0089983,0.012497639,0.006498772,0.008498394,0.008498394,0.009498206,0.010498017,0.009498206,0.011497828,0.012497639,0.009998111,0.0089983,0.006498772,0.010498017,0.007498583,0.016496883,0.008498394,0.015996978,0.012497639,0.012497639,0.014997167,0.010997922,0.009498206,0.0179966,0.012497639,0.024495372,0.012997544,0.013997355,0.009998111,0.01349745,0.007998489,0.014497261,0.009998111,0.010997922,0.003999244,0.0089983,0.00449915,0.009998111,0.004999056,0.012997544,0.0089983,0.016496883,0.008498394,0.008498394,0.004999056,0.010498017,0.003999244,0.168207636,0.129924968,1
0.00960963,0.013453481,0.014414444,0.012012037,0.011531555,0.008168185,0.013933963,0.011531555,0.011051074,0.014414444,0.014414444,0.011531555,0.005765778,0.006246259,0.010090111,0.008168185,0.00960963,0.010090111,0.012012037,0.006246259,0.008168185,0.007687704,0.00960963,0.009129148,0.007207222,0.010570593,0.015855889,0.013453481,0.010090111,0.005285296,0.013933963,0.008168185,0.017297333,0.011051074,0.014894926,0.010090111,0.012012037,0.012012037,0.013453481,0.010090111,0.021621667,0.012012037,0.023543592,0.01633637,0.012492518,0.012973,0.017777815,0.007207222,0.012973,0.010570593,0.010090111,0.001441444,0.006246259,0.006726741,0.010090111,0.006726741,0.013453481,0.010570593,0.019699741,0.009129148,0.007207222,0.005285296,0.011051074,0.00336337,0.168375085,0.128680513,1
0.009137883,0.013947294,0.014909177,0.010580706,0.011542588,0.008656941,0.013947294,0.01202353,0.012985412,0.015390118,0.013466353,0.01202353,0.005771294,0.007214118,0.010580706,0.007214118,0.009137883,0.010099765,0.012985412,0.006733177,0.008176,0.007214118,0.008656941,0.009618824,0.007214118,0.010580706,0.013947294,0.01202353,0.012504471,0.005771294,0.013947294,0.007695059,0.017313883,0.011542588,0.014909177,0.011061647,0.012504471,0.011542588,0.012504471,0.010580706,0.02019953,0.010580706,0.023566118,0.016352,0.011542588,0.011542588,0.018275765,0.007695059,0.012985412,0.010580706,0.011061647,0.001923765,0.006733177,0.006252235,0.008656941,0.007695059,0.014428236,0.010580706,0.019718589,0.008656941,0.006733177,0.004809412,0.011061647,0.003366588,0.168115775,0.129229151,1
0.008714318,0.014676746,0.015594042,0.009631614,0.011007559,0.010090263,0.013759449,0.011007559,0.012842153,0.014676746,0.014676746,0.011924856,0.004127835,0.006879725,0.010548911,0.006421076,0.009172966,0.010548911,0.013300801,0.006421076,0.007338373,0.007338373,0.009172966,0.012383504,0.006879725,0.011007559,0.014218098,0.011924856,0.011007559,0.00550378,0.015594042,0.00825567,0.017887284,0.011007559,0.014218098,0.010548911,0.012383504,0.012383504,0.012383504,0.011466208,0.019263229,0.012383504,0.024767009,0.016969987,0.012383504,0.011924856,0.017428636,0.007797021,0.012383504,0.009631614,0.011007559,0.001375945,0.008714318,0.006421076,0.008714318,0.00550378,0.014676746,0.010548911,0.019721877,0.008714318,0.007338373,0.005045131,0.010090263,0.003210538,0.166107058,0.128950494,1
0.008256059,0.014677439,0.015594779,0.009632069,0.011008079,0.010090739,0.013760099,0.011008079,0.012842759,0.014677439,0.014677439,0.011925419,0.00412803,0.00688005,0.010549409,0.00642138,0.009173399,0.010549409,0.013301429,0.00642138,0.007338719,0.007338719,0.009173399,0.012384089,0.00688005,0.011008079,0.014218769,0.011925419,0.011008079,0.00550404,0.015594779,0.008256059,0.017888129,0.011008079,0.014218769,0.010549409,0.012384089,0.012384089,0.012384089,0.011466749,0.019264139,0.012384089,0.024768178,0.016970789,0.012384089,0.011925419,0.017429459,0.007797389,0.012384089,0.009632069,0.011008079,0.00137601,0.008714729,0.00642138,0.008714729,0.00550404,0.014677439,0.010549409,0.019722809,0.008714729,0.007338719,0.00504537,0.010090739,0.00366936,0.166114903,0.128909356,1
0.009622082,0.013470915,0.014433124,0.011546499,0.011065395,0.00817877,0.013952019,0.012027603,0.012027603,0.015395332,0.013952019,0.011065395,0.005773249,0.006254354,0.010584291,0.00817877,0.010103186,0.010103186,0.011546499,0.006735458,0.00817877,0.007697666,0.009622082,0.008659874,0.007216562,0.010584291,0.015395332,0.012989811,0.011065395,0.005292145,0.013952019,0.00817877,0.017319748,0.011065395,0.014914228,0.010584291,0.012989811,0.011546499,0.013470915,0.010584291,0.021649685,0.011546499,0.023092998,0.015876436,0.011546499,0.012508707,0.017319748,0.007216562,0.012027603,0.010584291,0.011546499,0.001443312,0.006254354,0.006735458,0.009140978,0.007216562,0.012989811,0.011065395,0.019725269,0.008659874,0.007216562,0.005292145,0.011065395,0.003848833,0.168177724,0.128929159,1
0.010779346,0.012481348,0.015885352,0.011914014,0.009077344,0.009077344,0.012481348,0.010212012,0.013616016,0.01702002,0.015885352,0.011914014,0.006808008,0.007942676,0.009644678,0.006240674,0.009644678,0.006240674,0.012481348,0.006808008,0.006240674,0.006240674,0.009644678,0.010779346,0.00851001,0.013048682,0.012481348,0.011914014,0.012481348,0.00567334,0.015885352,0.006808008,0.017587354,0.01134668,0.017587354,0.009644678,0.013048682,0.01134668,0.01418335,0.012481348,0.020991357,0.010779346,0.023828027,0.014750684,0.011914014,0.01134668,0.01702002,0.006808008,0.013048682,0.010779346,0.012481348,0.00283667,0.006808008,0.006240674,0.009644678,0.007375342,0.013048682,0.010212012,0.017587354,0.00851001,0.007942676,0.005106006,0.006808008,0.004538672,0.167401621,0.129104236,1
0.00922926,0.013115264,0.014572515,0.010686511,0.010686511,0.008743509,0.014086765,0.012629513,0.013115264,0.016029767,0.013115264,0.012143763,0.005829006,0.007286258,0.010686511,0.006800507,0.008743509,0.00971501,0.013601014,0.006800507,0.008743509,0.007772008,0.008743509,0.00922926,0.007286258,0.010686511,0.013601014,0.012629513,0.012629513,0.005829006,0.013601014,0.007772008,0.017487018,0.011658012,0.015058266,0.011172262,0.012629513,0.011658012,0.012143763,0.010200761,0.020887272,0.00922926,0.024287526,0.016029767,0.011658012,0.012143763,0.017972769,0.007772008,0.012143763,0.011658012,0.011172262,0.001943002,0.006800507,0.006314757,0.008743509,0.007772008,0.014086765,0.010686511,0.019430021,0.008743509,0.006800507,0.004857505,0.010686511,0.003400254,0.16811691,0.128516347,1
0.008714318,0.014676746,0.015594042,0.009631614,0.011007559,0.010090263,0.013759449,0.011007559,0.012842153,0.014676746,0.014676746,0.011924856,0.004127835,0.006879725,0.010548911,0.006421076,0.009172966,0.010548911,0.013300801,0.006421076,0.007338373,0.007338373,0.009172966,0.012383504,0.006879725,0.011007559,0.014218098,0.011924856,0.011007559,0.00550378,0.015594042,0.00825567,0.017887284,0.011007559,0.014218098,0.010548911,0.012383504,0.012383504,0.012383504,0.011466208,0.019263229,0.012383504,0.024767009,0.016969987,0.012383504,0.011924856,0.017428636,0.007797021,0.012383504,0.009631614,0.011007559,0.001375945,0.008714318,0.006421076,0.008714318,0.00550378,0.014676746,0.010548911,0.019721877,0.008714318,0.007338373,0.005045131,0.010090263,0.003210538,0.166107058,0.128950494,1
0.008259971,0.014684393,0.015602168,0.009636633,0.011013295,0.01009552,0.013766619,0.011013295,0.012848844,0.014684393,0.014684393,0.01193107,0.004129986,0.006883309,0.010554408,0.006424422,0.009177746,0.010554408,0.013307732,0.006424422,0.007342197,0.007342197,0.009177746,0.012389957,0.006883309,0.011013295,0.014225506,0.01193107,0.011013295,0.005506648,0.015602168,0.008259971,0.017896605,0.011013295,0.014225506,0.010554408,0.012389957,0.012389957,0.012389957,0.011472182,0.019273266,0.012389957,0.024779914,0.01697883,0.012389957,0.01193107,0.017437717,0.007801084,0.012389957,0.009636633,0.011013295,0.001376662,0.008718859,0.006424422,0.008718859,0.005506648,0.014684393,0.010554408,0.019732154,0.008718859,0.007342197,0.00504776,0.01009552,0.003212211,0.166193611,0.128955503,1
0.008651191,0.014899274,0.01393803,0.010573678,0.012015543,0.008651191,0.014418652,0.011534921,0.012976787,0.014899274,0.012496165,0.011534921,0.005767461,0.007209326,0.0110543,0.007689948,0.009131813,0.009612435,0.012976787,0.007209326,0.008170569,0.007689948,0.008651191,0.008651191,0.007209326,0.010573678,0.014418652,0.012496165,0.011534921,0.005767461,0.014418652,0.007209326,0.017302382,0.011534921,0.014899274,0.011534921,0.012015543,0.0110543,0.012015543,0.0110543,0.020666734,0.010093056,0.023069843,0.016341139,0.011534921,0.011534921,0.018263626,0.008170569,0.012976787,0.010573678,0.010093056,0.001922487,0.006728704,0.005767461,0.009612435,0.007689948,0.014418652,0.010573678,0.020186113,0.009131813,0.006728704,0.005286839,0.0110543,0.004325596,0.168462192,0.129349466,1
0.010693192,0.013947641,0.015342405,0.01022827,0.010693192,0.009298427,0.013017798,0.009298427,0.012087956,0.016272248,0.01348272,0.013947641,0.005114135,0.008368585,0.009763349,0.006973821,0.008833506,0.008833506,0.013017798,0.007903663,0.006043978,0.006508899,0.008833506,0.012552877,0.006973821,0.009763349,0.014877484,0.013017798,0.01022827,0.006508899,0.015342405,0.007438742,0.017202091,0.01022827,0.014412563,0.010693192,0.013017798,0.011623034,0.013017798,0.011623034,0.018596855,0.012087956,0.022316226,0.015342405,0.013017798,0.011158113,0.018131934,0.008368585,0.01348272,0.009298427,0.013017798,0.001394764,0.008833506,0.006508899,0.009763349,0.006043978,0.014877484,0.011158113,0.017667012,0.008368585,0.008833506,0.005114135,0.008368585,0.002789528,0.168093336,0.130340309,1
0.012463191,0.013596208,0.016428752,0.011330174,0.010763665,0.007931122,0.011330174,0.013596208,0.013596208,0.015862243,0.015862243,0.012463191,0.005098578,0.00849763,0.009064139,0.006231596,0.010197156,0.006798104,0.0130297,0.006231596,0.006231596,0.005098578,0.009064139,0.010763665,0.007931122,0.010763665,0.010763665,0.011330174,0.014729226,0.005665087,0.014162717,0.00849763,0.018128278,0.010763665,0.014729226,0.009630648,0.0130297,0.011896682,0.011896682,0.010763665,0.019261295,0.009630648,0.022660347,0.016428752,0.011896682,0.010763665,0.018128278,0.00849763,0.0130297,0.012463191,0.013596208,0.002266035,0.006231596,0.006231596,0.00849763,0.007931122,0.012463191,0.011330174,0.018128278,0.009064139,0.009630648,0.003965561,0.009630648,0.004532069,0.167346148,0.130183086,1
0.012625827,0.012140219,0.016510697,0.010683392,0.011169001,0.009712175,0.012140219,0.009226566,0.012140219,0.01553948,0.013597045,0.012625827,0.004856087,0.00776974,0.011169001,0.008255349,0.009712175,0.008740957,0.012140219,0.008255349,0.00776974,0.006312914,0.008740957,0.010683392,0.008740957,0.010683392,0.014082654,0.01165461,0.010683392,0.007284131,0.01165461,0.008740957,0.017481915,0.011169001,0.014568262,0.010683392,0.012140219,0.01165461,0.014082654,0.011169001,0.017967524,0.013111436,0.027679699,0.014568262,0.010197784,0.010683392,0.018453132,0.00776974,0.012625827,0.010197784,0.010683392,0.001942435,0.00776974,0.005827305,0.010197784,0.007284131,0.015053871,0.009712175,0.017967524,0.008255349,0.009712175,0.005341696,0.009712175,0.003399261,0.166290837,0.128605259,1
0.01190089,0.013034308,0.016434562,0.01190089,0.011334181,0.007367218,0.01190089,0.012467599,0.013601017,0.017001271,0.015301144,0.012467599,0.00566709,0.008500636,0.009634054,0.006800509,0.010200763,0.006800509,0.013601017,0.006800509,0.006800509,0.005100381,0.007933927,0.010200763,0.009634054,0.011334181,0.010200763,0.010767472,0.012467599,0.006233799,0.014167726,0.008500636,0.018134689,0.01190089,0.015301144,0.010767472,0.013601017,0.011334181,0.012467599,0.010200763,0.019834817,0.009067345,0.022101653,0.016434562,0.011334181,0.011334181,0.018701398,0.007367218,0.013034308,0.011334181,0.013034308,0.001700127,0.00566709,0.006233799,0.009634054,0.008500636,0.013034308,0.010200763,0.019268108,0.009067345,0.009634054,0.003966963,0.009067345,0.003400254,0.167163632,0.130117152,1
0.010987157,0.013853372,0.015764182,0.010509455,0.010987157,0.008598645,0.01337567,0.00955405,0.011942562,0.016719587,0.01337567,0.014331075,0.005254727,0.00764324,0.010031752,0.007165537,0.009076347,0.008598645,0.01337567,0.00764324,0.006210132,0.006210132,0.009076347,0.010987157,0.007165537,0.010031752,0.014808777,0.01337567,0.010031752,0.00573243,0.014808777,0.007165537,0.01719729,0.010509455,0.014808777,0.010031752,0.01337567,0.01146486,0.012897967,0.01146486,0.018152695,0.01146486,0.021974315,0.015764182,0.012897967,0.01146486,0.018630397,0.008598645,0.013853372,0.00955405,0.012420265,0.001433107,0.008120942,0.006210132,0.010031752,0.00573243,0.01528648,0.010987157,0.01719729,0.008598645,0.009076347,0.005254727,0.008598645,0.002866215,0.169042305,0.130645831,1
0.011027077,0.014243308,0.015621693,0.010108154,0.010567616,0.009189231,0.012864924,0.009648693,0.012405462,0.016081155,0.013324385,0.014243308,0.005054077,0.00872977,0.010108154,0.006891923,0.00872977,0.00872977,0.012864924,0.008270308,0.005973,0.006432462,0.00872977,0.012405462,0.006891923,0.009648693,0.014243308,0.012864924,0.010108154,0.006432462,0.015621693,0.007351385,0.017459539,0.010108154,0.01470277,0.011027077,0.012864924,0.011486539,0.012405462,0.011486539,0.018378462,0.011946001,0.022973078,0.015162231,0.012864924,0.011027077,0.017919001,0.00872977,0.013324385,0.009189231,0.012864924,0.001378385,0.009189231,0.006432462,0.009648693,0.005973,0.015621693,0.010567616,0.017919001,0.008270308,0.009189231,0.005054077,0.00872977,0.003216231,0.167332915,0.130150361,1
0.010960873,0.013820232,0.01572647,0.010484314,0.010960873,0.009054634,0.013343672,0.009531194,0.011913993,0.01620303,0.012867112,0.014773351,0.005242157,0.008101515,0.010007754,0.006671836,0.009054634,0.008578075,0.012867112,0.008101515,0.006195276,0.006195276,0.009054634,0.010960873,0.007148396,0.010007754,0.014773351,0.013343672,0.010007754,0.005718717,0.014773351,0.007148396,0.01715615,0.010484314,0.014773351,0.010007754,0.013343672,0.011437433,0.012867112,0.010960873,0.018109269,0.011437433,0.021921747,0.015249911,0.013343672,0.011437433,0.019062388,0.008578075,0.013820232,0.010007754,0.012390552,0.001429679,0.008101515,0.006195276,0.010007754,0.006195276,0.015249911,0.010960873,0.01715615,0.009054634,0.009054634,0.005242157,0.008578075,0.002859358,0.1696685,0.130265286,1
0.010991322,0.013858623,0.015292274,0.010513438,0.010991322,0.009079788,0.012902856,0.009557671,0.011947089,0.016248041,0.01338074,0.014336507,0.005256719,0.008124021,0.010035555,0.007168253,0.008601904,0.008601904,0.012902856,0.008124021,0.006212486,0.006212486,0.009079788,0.011469206,0.007646137,0.009557671,0.01481439,0.01338074,0.010035555,0.005734603,0.01481439,0.007168253,0.017203808,0.010513438,0.015292274,0.010035555,0.012902856,0.011469206,0.01338074,0.010513438,0.018159575,0.011469206,0.021982644,0.015770158,0.01338074,0.011469206,0.018637459,0.008601904,0.013858623,0.009557671,0.012424973,0.001433651,0.008124021,0.006212486,0.010035555,0.006212486,0.015292274,0.010991322,0.017203808,0.008601904,0.009079788,0.005256719,0.008601904,0.002867301,0.169012739,0.130409958,1
0.010612095,0.013841864,0.014764655,0.0101507,0.010612095,0.009227909,0.012919073,0.009227909,0.012457677,0.016610236,0.013380468,0.014303259,0.00507535,0.008305118,0.0101507,0.006920932,0.008305118,0.008766514,0.013380468,0.007843723,0.005998141,0.006459536,0.008766514,0.012457677,0.007382327,0.009689305,0.014764655,0.012919073,0.0101507,0.006459536,0.014764655,0.007382327,0.017071632,0.0101507,0.01522605,0.011073491,0.012457677,0.011534886,0.013380468,0.011534886,0.018455818,0.011534886,0.022146982,0.015687446,0.012919073,0.011073491,0.017994423,0.009227909,0.013380468,0.009227909,0.012919073,0.001384186,0.009227909,0.006459536,0.009689305,0.005536745,0.01522605,0.011073491,0.017533027,0.008305118,0.008766514,0.00507535,0.009227909,0.003229768,0.167840588,0.130376923,1
0.011027077,0.014243308,0.015621693,0.010108154,0.010567616,0.009189231,0.012864924,0.009648693,0.012405462,0.016081155,0.013324385,0.014243308,0.005054077,0.00872977,0.010108154,0.006891923,0.00872977,0.00872977,0.012864924,0.008270308,0.005973,0.006432462,0.00872977,0.012405462,0.006891923,0.009648693,0.014243308,0.012864924,0.010108154,0.006432462,0.015621693,0.007351385,0.017459539,0.010108154,0.01470277,0.011027077,0.012864924,0.011486539,0.012405462,0.011486539,0.018378462,0.011946001,0.022973078,0.015162231,0.012864924,0.011027077,0.017919001,0.00872977,0.013324385,0.009189231,0.012864924,0.001378385,0.009189231,0.006432462,0.009648693,0.005973,0.015621693,0.010567616,0.017919001,0.008270308,0.009189231,0.005054077,0.00872977,0.003216231,0.167332915,0.130150361,1
0.009160381,0.012366514,0.015572647,0.012824533,0.007786324,0.011450476,0.013282552,0.007786324,0.012366514,0.012366514,0.014656609,0.011908495,0.006870286,0.006412267,0.014656609,0.006870286,0.008702362,0.007786324,0.0096184,0.007328305,0.007786324,0.007328305,0.010992457,0.0096184,0.0096184,0.009160381,0.016030666,0.010534438,0.005496229,0.005496229,0.011450476,0.010534438,0.0192368,0.010076419,0.016030666,0.012366514,0.010992457,0.011908495,0.011908495,0.010992457,0.0192368,0.012366514,0.029313219,0.016946705,0.012366514,0.008702362,0.018320762,0.010076419,0.012366514,0.010076419,0.010076419,0.002290095,0.006870286,0.005038209,0.009160381,0.00458019,0.016488686,0.011908495,0.017862743,0.010534438,0.010076419,0.005038209,0.012366514,0.005954248,0.166728892,0.127921783,1
0.008741335,0.011961826,0.015182318,0.014262178,0.008741335,0.011041686,0.014262178,0.006901054,0.011961826,0.011961826,0.015182318,0.011961826,0.006901054,0.008281264,0.014722248,0.007361124,0.008741335,0.009201405,0.009201405,0.008281264,0.007361124,0.006901054,0.011501756,0.009201405,0.011501756,0.011041686,0.015642388,0.010121545,0.006440983,0.005980913,0.009661475,0.011041686,0.019783021,0.010581616,0.017022599,0.011501756,0.011501756,0.011501756,0.012881967,0.011961826,0.01886288,0.014262178,0.026224004,0.014262178,0.013342037,0.008281264,0.016102459,0.007821194,0.012881967,0.009201405,0.009661475,0.003220492,0.007821194,0.005520843,0.009661475,0.005060773,0.016102459,0.010581616,0.016562529,0.009201405,0.008281264,0.005520843,0.011961826,0.005060773,0.168312387,0.128240206,1
0.009149586,0.011894462,0.015554296,0.014181858,0.008234627,0.011436982,0.01280942,0.008692107,0.011894462,0.011894462,0.014181858,0.011894462,0.007319669,0.006862189,0.015096817,0.006862189,0.008692107,0.008234627,0.009607065,0.007319669,0.008234627,0.007319669,0.010979503,0.009607065,0.009607065,0.008692107,0.015554296,0.010064544,0.005032272,0.005489752,0.010979503,0.010522024,0.01967161,0.010064544,0.015096817,0.011894462,0.010522024,0.011894462,0.011436982,0.009607065,0.018756651,0.012351941,0.030651113,0.016926734,0.014639337,0.008692107,0.017384213,0.009607065,0.0132669,0.010979503,0.009607065,0.002744876,0.006862189,0.005489752,0.008692107,0.004117314,0.016011775,0.010522024,0.018299172,0.011436982,0.010064544,0.004117314,0.01280942,0.005489752,0.168210756,0.128186088,1
0.009381001,0.011726251,0.015478651,0.012664351,0.007973851,0.010319101,0.013133401,0.007973851,0.012664351,0.013133401,0.014540551,0.012195301,0.007035751,0.006097651,0.015009601,0.006566701,0.008911951,0.007973851,0.009850051,0.007504801,0.008442901,0.007504801,0.010788151,0.008442901,0.009850051,0.009381001,0.015478651,0.009850051,0.0056286,0.00515955,0.011257201,0.010319101,0.018762002,0.010319101,0.016416751,0.012195301,0.011257201,0.012664351,0.011726251,0.011257201,0.018762002,0.012664351,0.029550153,0.016885801,0.012195301,0.008911951,0.018762002,0.009850051,0.012195301,0.009850051,0.010788151,0.00234525,0.006566701,0.0046905,0.008911951,0.0046905,0.016416751,0.011726251,0.018292952,0.010788151,0.009850051,0.0046905,0.012195301,0.006097651,0.167040114,0.128446725,1
0.009263065,0.011468557,0.01587954,0.01323295,0.008380868,0.011027458,0.013674048,0.00793977,0.011468557,0.011909655,0.014115146,0.011909655,0.006616475,0.006175377,0.014997343,0.00793977,0.00793977,0.008380868,0.009704163,0.007498672,0.007498672,0.007057573,0.01058636,0.008821967,0.01058636,0.008380868,0.014556245,0.01058636,0.004852082,0.00529318,0.01058636,0.011027458,0.019849425,0.011027458,0.015438441,0.011468557,0.01058636,0.011027458,0.011468557,0.01058636,0.018967228,0.011909655,0.02911249,0.016761736,0.012791852,0.008380868,0.01852613,0.011027458,0.012791852,0.010145262,0.008380868,0.003528787,0.007057573,0.004852082,0.008380868,0.004410983,0.016761736,0.011468557,0.018967228,0.011468557,0.010145262,0.004852082,0.014997343,0.008821967,0.167391846,0.127291928,1
0.008676278,0.01156837,0.014460463,0.013496432,0.008676278,0.01060434,0.014942478,0.008194262,0.012532401,0.01156837,0.014942478,0.012050386,0.007230231,0.007712247,0.014942478,0.007712247,0.008676278,0.008676278,0.009640309,0.008194262,0.008194262,0.007230231,0.011086355,0.008194262,0.010122324,0.011086355,0.014942478,0.010122324,0.006266201,0.005784185,0.009640309,0.01060434,0.018798602,0.01060434,0.016388525,0.012532401,0.01156837,0.011086355,0.01156837,0.011086355,0.019280617,0.013978448,0.025064803,0.014460463,0.014460463,0.008676278,0.01687054,0.008194262,0.012050386,0.01156837,0.01060434,0.002892093,0.006748216,0.005784185,0.008676278,0.004820154,0.016388525,0.008676278,0.017834571,0.01156837,0.009158293,0.003856123,0.013014417,0.00530217,0.170558357,0.128109188,1
0.009156261,0.012360953,0.015565644,0.013734392,0.008240635,0.011445327,0.012360953,0.007782822,0.012360953,0.01190314,0.014192205,0.011445327,0.006867196,0.006409383,0.015107831,0.007325009,0.008698448,0.007325009,0.010071887,0.007782822,0.007782822,0.007325009,0.010987514,0.009156261,0.009614074,0.008698448,0.015565644,0.010071887,0.005035944,0.005493757,0.011445327,0.010071887,0.020601588,0.010529701,0.015565644,0.010987514,0.010987514,0.011445327,0.01190314,0.010529701,0.019228149,0.012360953,0.030215662,0.01785471,0.012818766,0.008698448,0.018770336,0.010071887,0.012360953,0.009614074,0.008698448,0.003204691,0.006867196,0.005035944,0.008698448,0.004578131,0.016023457,0.01190314,0.019685962,0.010987514,0.009614074,0.004578131,0.013276579,0.006409383,0.166582199,0.127927867,1
0.009400136,0.010966826,0.015666894,0.016189123,0.007833447,0.008355677,0.015666894,0.007311217,0.012011285,0.012533515,0.015666894,0.012011285,0.007311217,0.007833447,0.014622434,0.007311217,0.009400136,0.007311217,0.009400136,0.007833447,0.006788987,0.007311217,0.011489055,0.007833447,0.013577974,0.011489055,0.016189123,0.009400136,0.006788987,0.005744528,0.009922366,0.010444596,0.019844732,0.012011285,0.018278043,0.009922366,0.013055745,0.012011285,0.013055745,0.012533515,0.019844732,0.015144664,0.02402257,0.013577974,0.011489055,0.008877906,0.017233583,0.006788987,0.013577974,0.008877906,0.008877906,0.003133379,0.006266757,0.005744528,0.009922366,0.005744528,0.014622434,0.011489055,0.016711353,0.009400136,0.008877906,0.005222298,0.010444596,0.005222298,0.168280671,0.128275807,1
0.009305914,0.012407885,0.013958871,0.016543847,0.008271923,0.008788919,0.014992861,0.008788919,0.011373895,0.011373895,0.014475866,0.01189089,0.007237933,0.007754928,0.014992861,0.007237933,0.009305914,0.006720938,0.009822909,0.007237933,0.007237933,0.007237933,0.010339904,0.008271923,0.011373895,0.011373895,0.016026852,0.009305914,0.006203943,0.005686947,0.010339904,0.011373895,0.020162813,0.01189089,0.016543847,0.009822909,0.01189089,0.011373895,0.01292488,0.0108569,0.020162813,0.013441876,0.025849761,0.014475866,0.01292488,0.008788919,0.018094833,0.007754928,0.013441876,0.009822909,0.008788919,0.003101971,0.005686947,0.005686947,0.009822909,0.005686947,0.015509856,0.0108569,0.017577837,0.01189089,0.008788919,0.004652957,0.012407885,0.005169952,0.169113632,0.127772876,1
0.009403401,0.012224422,0.015515612,0.013634932,0.007992891,0.010813912,0.013634932,0.007992891,0.012224422,0.012224422,0.014105102,0.011754252,0.007052551,0.006112211,0.014575272,0.007052551,0.008933231,0.007522721,0.009873572,0.007052551,0.007992891,0.007522721,0.010813912,0.008463061,0.010343742,0.009403401,0.015515612,0.010343742,0.005171871,0.005171871,0.011754252,0.009873572,0.019747143,0.010813912,0.015985782,0.010813912,0.011284082,0.011754252,0.012224422,0.010813912,0.018806803,0.012694592,0.029620715,0.017396293,0.012694592,0.008933231,0.018806803,0.009873572,0.012694592,0.009873572,0.008463061,0.003291191,0.006112211,0.005171871,0.008933231,0.004701701,0.015985782,0.011754252,0.019276973,0.010813912,0.009403401,0.004701701,0.012694592,0.006582381,0.167319826,0.127895236,1
0.011505539,0.014120435,0.012551498,0.009936602,0.012028518,0.008890644,0.013074477,0.009413623,0.011505539,0.013597456,0.012551498,0.014643414,0.006275749,0.007321707,0.010459581,0.007844686,0.01098256,0.011505539,0.014120435,0.006275749,0.010459581,0.009413623,0.008367665,0.01098256,0.006798728,0.011505539,0.017781288,0.011505539,0.007321707,0.008367665,0.011505539,0.008890644,0.014643414,0.008890644,0.015689372,0.013074477,0.014120435,0.013074477,0.012028518,0.009413623,0.018304267,0.015689372,0.021442142,0.014643414,0.008890644,0.009413623,0.017258309,0.01098256,0.01098256,0.008890644,0.009936602,0.002614895,0.006275749,0.007844686,0.014120435,0.006275749,0.015689372,0.007844686,0.018304267,0.00575277,0.010459581,0.009413623,0.007844686,0.004706812,0.164816281,0.129161984,1
0.010936509,0.013019653,0.012498867,0.009894937,0.011978081,0.010415723,0.012498867,0.008853364,0.011457295,0.013019653,0.012498867,0.014582012,0.00677022,0.007291006,0.010415723,0.007291006,0.010415723,0.011978081,0.013019653,0.006249434,0.010415723,0.010415723,0.008853364,0.011978081,0.00677022,0.011457295,0.019269087,0.011457295,0.007291006,0.008332578,0.011457295,0.00937415,0.014061226,0.00937415,0.015623584,0.012498867,0.013540439,0.013540439,0.013019653,0.008332578,0.018227515,0.01614437,0.021873018,0.014582012,0.009894937,0.009894937,0.017185942,0.009894937,0.010936509,0.00937415,0.010415723,0.003124717,0.005728647,0.007291006,0.015102798,0.00677022,0.015102798,0.007811792,0.017185942,0.006249434,0.009894937,0.00937415,0.007291006,0.004166289,0.165860606,0.128474183,1
0.01213506,0.014893028,0.013238247,0.010480279,0.011031872,0.008273904,0.013789841,0.009377092,0.012686653,0.013789841,0.011031872,0.014893028,0.006619123,0.008273904,0.011031872,0.007170717,0.011583466,0.009928685,0.013789841,0.006619123,0.009377092,0.009928685,0.008273904,0.010480279,0.007170717,0.011583466,0.019305777,0.010480279,0.006619123,0.009928685,0.01213506,0.008273904,0.015444621,0.009377092,0.015996215,0.013238247,0.014341434,0.01213506,0.01213506,0.009928685,0.01820259,0.015444621,0.020408964,0.014893028,0.008825498,0.009377092,0.017650996,0.009928685,0.011583466,0.008273904,0.009377092,0.002757968,0.007170717,0.007722311,0.014893028,0.007170717,0.015996215,0.007722311,0.01820259,0.005515936,0.009928685,0.008825498,0.006619123,0.003309562,0.164242246,0.129166324,1
0.0116427,0.014288769,0.012701128,0.010055059,0.012701128,0.008996632,0.013230341,0.008996632,0.012701128,0.013230341,0.011113487,0.015347196,0.006350564,0.007938205,0.010584273,0.006879778,0.011113487,0.0116427,0.013759555,0.006350564,0.009525846,0.010584273,0.009525846,0.010584273,0.006879778,0.0116427,0.019051692,0.011113487,0.006350564,0.009525846,0.0116427,0.008467419,0.014817982,0.009525846,0.016405623,0.012701128,0.013759555,0.012701128,0.0116427,0.009525846,0.017993264,0.015347196,0.020639333,0.014288769,0.008996632,0.009525846,0.016934837,0.011113487,0.011113487,0.008467419,0.009525846,0.002646068,0.006879778,0.007938205,0.014288769,0.006879778,0.01587641,0.007408991,0.017993264,0.00582135,0.010055059,0.008996632,0.007938205,0.005292137,0.164124851,0.128316489,1
0.012132401,0.014889765,0.013235347,0.00992651,0.011029456,0.008272092,0.013235347,0.009375037,0.013235347,0.013786819,0.011580928,0.015441238,0.006066201,0.008272092,0.011029456,0.007720619,0.011580928,0.00992651,0.013786819,0.006617673,0.009375037,0.00992651,0.007720619,0.011029456,0.006617673,0.011580928,0.018198602,0.010477983,0.007720619,0.009375037,0.011580928,0.008272092,0.014889765,0.009375037,0.01599271,0.013786819,0.014338292,0.012132401,0.011580928,0.00992651,0.018198602,0.015441238,0.020404493,0.014338292,0.008823564,0.009375037,0.017095656,0.010477983,0.011580928,0.007720619,0.011029456,0.002757364,0.007169146,0.007720619,0.014338292,0.006617673,0.01599271,0.007720619,0.018198602,0.005514728,0.00992651,0.008823564,0.007720619,0.004963255,0.163441026,0.129570876,1
0.010666273,0.015029748,0.013090426,0.009211781,0.011635934,0.010666273,0.012605595,0.009211781,0.011635934,0.013575256,0.012120765,0.014544918,0.005817967,0.007757289,0.009696612,0.006787628,0.011635934,0.011635934,0.012605595,0.005817967,0.009696612,0.010181442,0.009696612,0.012605595,0.007272459,0.011151103,0.019393223,0.011635934,0.006787628,0.009211781,0.012120765,0.009211781,0.015029748,0.009211781,0.015999409,0.012605595,0.013090426,0.013090426,0.012605595,0.009696612,0.017938732,0.015999409,0.022787038,0.015029748,0.009696612,0.009696612,0.01696907,0.010181442,0.010666273,0.00824212,0.010181442,0.002424153,0.006787628,0.00824212,0.014544918,0.005817967,0.015999409,0.007757289,0.017453901,0.005333136,0.009211781,0.008726951,0.007757289,0.005333136,0.16286215,0.128315535,1
0.011358907,0.013424163,0.012907849,0.009809965,0.011875221,0.010326279,0.012391535,0.008777337,0.011358907,0.014456791,0.012391535,0.014456791,0.006195767,0.007228395,0.010326279,0.007228395,0.011358907,0.011875221,0.013940477,0.006195767,0.010842593,0.010326279,0.008777337,0.011875221,0.007228395,0.011358907,0.018070988,0.011358907,0.007228395,0.008777337,0.011358907,0.008777337,0.013940477,0.009293651,0.016005732,0.012907849,0.013940477,0.013424163,0.012907849,0.009293651,0.018070988,0.015489418,0.021685186,0.014973105,0.008777337,0.009293651,0.017554674,0.010842593,0.010842593,0.008777337,0.009809965,0.00258157,0.006712081,0.007744709,0.013940477,0.006195767,0.015489418,0.007744709,0.018070988,0.005679453,0.009809965,0.009293651,0.007744709,0.004130512,0.164377264,0.12878894,1
0.01142039,0.013496824,0.012977716,0.009863064,0.011939498,0.010382172,0.012458607,0.008824847,0.01142039,0.013496824,0.012458607,0.01505415,0.006229303,0.007267521,0.010382172,0.007267521,0.01142039,0.011939498,0.013496824,0.006229303,0.010901281,0.010382172,0.008824847,0.011939498,0.006748412,0.01142039,0.018168802,0.01142039,0.007267521,0.008305738,0.01142039,0.008824847,0.014015933,0.009343955,0.016092367,0.012458607,0.014015933,0.013496824,0.012458607,0.008824847,0.018168802,0.015573259,0.021802562,0.01505415,0.008824847,0.009343955,0.017649693,0.010901281,0.010901281,0.008824847,0.009863064,0.002595543,0.006229303,0.007786629,0.014015933,0.006229303,0.015573259,0.007786629,0.018168802,0.005710195,0.009863064,0.009343955,0.007786629,0.004671978,0.164293016,0.12868104,1
0.011120884,0.013768713,0.013239148,0.010061752,0.012180016,0.009532186,0.013239148,0.00900262,0.012709582,0.012709582,0.013239148,0.014298279,0.006884357,0.007413923,0.010591318,0.007413923,0.010591318,0.01165045,0.013768713,0.006354791,0.009532186,0.010591318,0.008473054,0.01165045,0.006884357,0.01165045,0.018005241,0.011120884,0.007413923,0.008473054,0.01165045,0.009532186,0.015357411,0.009532186,0.015357411,0.012709582,0.014298279,0.012709582,0.011120884,0.010061752,0.018534807,0.015886977,0.019064373,0.014298279,0.009532186,0.010061752,0.016946109,0.009532186,0.011120884,0.00900262,0.010591318,0.003177395,0.006354791,0.007413923,0.014827845,0.006354791,0.014827845,0.007943489,0.017475675,0.006354791,0.010061752,0.00900262,0.007413923,0.004236527,0.165572321,0.12851633,1
0.01270077,0.015010001,0.013278078,0.009236924,0.010968847,0.008082308,0.013278078,0.009814231,0.013278078,0.013855385,0.013278078,0.013855385,0.006350385,0.006927693,0.010391539,0.008082308,0.012123462,0.010391539,0.014432693,0.005773077,0.009814231,0.008659616,0.006927693,0.012123462,0.006927693,0.010391539,0.017319232,0.010391539,0.007505,0.009814231,0.01270077,0.008659616,0.014432693,0.008659616,0.016164616,0.013855385,0.014432693,0.01270077,0.011546154,0.009814231,0.018473847,0.016164616,0.020783078,0.015587308,0.008082308,0.009236924,0.017896539,0.010391539,0.010968847,0.008082308,0.010391539,0.002886539,0.007505,0.008082308,0.013278078,0.006927693,0.015010001,0.008082308,0.019628462,0.005773077,0.010391539,0.009236924,0.007505,0.004041154,0.162747453,0.128895974,1
0.009717922,0.010797692,0.015656653,0.010257807,0.010797692,0.009178038,0.011877461,0.009178038,0.009717922,0.014576884,0.016196537,0.011337576,0.00593873,0.00593873,0.011877461,0.009178038,0.010257807,0.010797692,0.010797692,0.008638153,0.008098269,0.010257807,0.01295723,0.009178038,0.008638153,0.015116768,0.014576884,0.010257807,0.009717922,0.008638153,0.010257807,0.008638153,0.015656653,0.008638153,0.015656653,0.011337576,0.014576884,0.014576884,0.011877461,0.014036999,0.019975729,0.015116768,0.022675152,0.014036999,0.009717922,0.009178038,0.014576884,0.008638153,0.010797692,0.010797692,0.009717922,0.002699423,0.0070185,0.006478615,0.011877461,0.004858961,0.01295723,0.010797692,0.017816191,0.006478615,0.008638153,0.006478615,0.011337576,0.0070185,0.167214342,0.1276964,1
0.009977661,0.010531975,0.013303548,0.011640604,0.01108629,0.007760403,0.012194919,0.009423346,0.009977661,0.016629435,0.013857862,0.011640604,0.00498883,0.006097459,0.012749233,0.009977661,0.009977661,0.01108629,0.013303548,0.008869032,0.008314717,0.009977661,0.010531975,0.009423346,0.008314717,0.012749233,0.01607512,0.010531975,0.008869032,0.008869032,0.010531975,0.009423346,0.015520806,0.009423346,0.016629435,0.011640604,0.014966491,0.015520806,0.012194919,0.013303548,0.019955322,0.014966491,0.022172579,0.012194919,0.008314717,0.009977661,0.015520806,0.008314717,0.009977661,0.009423346,0.008869032,0.001662943,0.008869032,0.005543145,0.012749233,0.005543145,0.014966491,0.011640604,0.016629435,0.007760403,0.007760403,0.007760403,0.012194919,0.005543145,0.165837912,0.127965432,1
0.01008135,0.0112015,0.0134418,0.008401125,0.007280975,0.008401125,0.012881725,0.0089612,0.0089612,0.015122025,0.0156821,0.011761575,0.005040675,0.0067209,0.01232165,0.009521275,0.007280975,0.007280975,0.012881725,0.0089612,0.00784105,0.01008135,0.0112015,0.0112015,0.0089612,0.01456195,0.017362325,0.009521275,0.0089612,0.0089612,0.0112015,0.01008135,0.0156821,0.009521275,0.015122025,0.0134418,0.015122025,0.015122025,0.01232165,0.01456195,0.022963075,0.015122025,0.02352315,0.0134418,0.009521275,0.009521275,0.015122025,0.007280975,0.01008135,0.009521275,0.01008135,0.002800375,0.006160825,0.0067209,0.014001875,0.0044806,0.012881725,0.01232165,0.0179224,0.0067209,0.0089612,0.0067209,0.0112015,0.00560075,0.164571482,0.12973403,1
0.009183148,0.010713672,0.015305246,0.009693323,0.011223847,0.008672973,0.012754372,0.009183148,0.009183148,0.013774722,0.015815421,0.011734022,0.005611924,0.006632273,0.012244197,0.009183148,0.010203498,0.011223847,0.010713672,0.009183148,0.007652623,0.009693323,0.012244197,0.009183148,0.009183148,0.014284897,0.016835771,0.010203498,0.009693323,0.008162798,0.009693323,0.008672973,0.015305246,0.008672973,0.014795071,0.012244197,0.014795071,0.013774722,0.013264547,0.013774722,0.020406995,0.016325596,0.02193752,0.013264547,0.009183148,0.009183148,0.014284897,0.009183148,0.010203498,0.011223847,0.009693323,0.002550874,0.007142448,0.006632273,0.012244197,0.004591574,0.012244197,0.011223847,0.017345946,0.006632273,0.009183148,0.006632273,0.011223847,0.006632273,0.168310276,0.128158566,1
0.009280121,0.010826807,0.014951305,0.009795683,0.009795683,0.009795683,0.012889056,0.008764558,0.009280121,0.013920181,0.017013554,0.011857932,0.005671185,0.006186747,0.010826807,0.009280121,0.009795683,0.010311245,0.01134237,0.007733434,0.008248996,0.010311245,0.012889056,0.009795683,0.009280121,0.014951305,0.016497992,0.010311245,0.009795683,0.008248996,0.010311245,0.009280121,0.015466868,0.009280121,0.015466868,0.011857932,0.014435743,0.014435743,0.012889056,0.014435743,0.021138052,0.016497992,0.021653615,0.013404619,0.010311245,0.009280121,0.013920181,0.007733434,0.010311245,0.010826807,0.010311245,0.002577811,0.006702309,0.006702309,0.012373494,0.00464006,0.012373494,0.010826807,0.017013554,0.005671185,0.008764558,0.006702309,0.010826807,0.006186747,0.166605395,0.129136572,1
0.009036597,0.011546763,0.015060995,0.010040663,0.011044729,0.008534564,0.013052862,0.00953863,0.009036597,0.014056928,0.015563028,0.012048796,0.004016265,0.006526431,0.012048796,0.009036597,0.010040663,0.010542696,0.012048796,0.008534564,0.008032531,0.010040663,0.011546763,0.00953863,0.010542696,0.014056928,0.017069127,0.010542696,0.007530497,0.007530497,0.012048796,0.008534564,0.016065061,0.010040663,0.015563028,0.011546763,0.015060995,0.014056928,0.015060995,0.011546763,0.02058336,0.017069127,0.023093525,0.013052862,0.00953863,0.010040663,0.013554895,0.00953863,0.010542696,0.010040663,0.008032531,0.001506099,0.007028464,0.006526431,0.012550829,0.005020332,0.013052862,0.010542696,0.018073194,0.007028464,0.009036597,0.007028464,0.011044729,0.005522365,0.16585484,0.127784505,1
0.009433657,0.011005933,0.015722761,0.009957749,0.010481841,0.008909565,0.012578209,0.008909565,0.009433657,0.014150485,0.016246853,0.012054117,0.005765012,0.006289104,0.011530025,0.009433657,0.010481841,0.010481841,0.011005933,0.008385472,0.00786138,0.009957749,0.012578209,0.009433657,0.008909565,0.014674577,0.016246853,0.009957749,0.009433657,0.008385472,0.009957749,0.008909565,0.015722761,0.008909565,0.015198669,0.012054117,0.015198669,0.014150485,0.012054117,0.013626393,0.020963681,0.015198669,0.023060049,0.013626393,0.009433657,0.009433657,0.014674577,0.008385472,0.010481841,0.010481841,0.009957749,0.00262046,0.006813196,0.006813196,0.012578209,0.004716828,0.012578209,0.010481841,0.017819129,0.006289104,0.008909565,0.006813196,0.011005933,0.006813196,0.166443315,0.128128811,1
0.010190434,0.011718999,0.014776129,0.010190434,0.010190434,0.008661869,0.013247564,0.00917139,0.009680912,0.013247564,0.015795172,0.01222852,0.004076173,0.007133304,0.011718999,0.00917139,0.010699955,0.009680912,0.011718999,0.008661869,0.008661869,0.011718999,0.011718999,0.00917139,0.00917139,0.014266607,0.017833259,0.010699955,0.007642825,0.008152347,0.011718999,0.00917139,0.01528565,0.009680912,0.016814216,0.011718999,0.01528565,0.013757085,0.014266607,0.012738042,0.020890389,0.017833259,0.021909432,0.011718999,0.009680912,0.009680912,0.012738042,0.00917139,0.010699955,0.010190434,0.008152347,0.001528565,0.006623782,0.007133304,0.012738042,0.005604739,0.013247564,0.010699955,0.016814216,0.006623782,0.00917139,0.007133304,0.011209477,0.005095217,0.165121188,0.127153194,1
0.009438197,0.01101123,0.015205984,0.009962541,0.010486885,0.008913853,0.012584263,0.008913853,0.009438197,0.014157295,0.016254672,0.011535574,0.005767787,0.006292131,0.011535574,0.009438197,0.009962541,0.010486885,0.01101123,0.008389508,0.007865164,0.009962541,0.012584263,0.009438197,0.009438197,0.01468164,0.016254672,0.009962541,0.009438197,0.008389508,0.009962541,0.008913853,0.015730328,0.008913853,0.015205984,0.012059918,0.01468164,0.014157295,0.012584263,0.013632951,0.020973771,0.015730328,0.023071148,0.013632951,0.009438197,0.009438197,0.01468164,0.008389508,0.010486885,0.010486885,0.009962541,0.002621721,0.006816476,0.006816476,0.012584263,0.004719098,0.012584263,0.010486885,0.017827705,0.006292131,0.008913853,0.006816476,0.01101123,0.006816476,0.166554235,0.128202717,1
0.008851413,0.01229363,0.014752355,0.009834904,0.011310139,0.008851413,0.012785375,0.009343158,0.008851413,0.01426061,0.016719336,0.011801884,0.003933961,0.006392687,0.011801884,0.008851413,0.010326649,0.010326649,0.011801884,0.008359668,0.007867923,0.009834904,0.011801884,0.010326649,0.010326649,0.013768865,0.016719336,0.011310139,0.007376178,0.007376178,0.011801884,0.008851413,0.016227591,0.009834904,0.015244101,0.011310139,0.014752355,0.01426061,0.014752355,0.011310139,0.021145043,0.016719336,0.023603769,0.01327712,0.010818394,0.010326649,0.01327712,0.008851413,0.010326649,0.009834904,0.009343158,0.001475236,0.006884433,0.006884433,0.012785375,0.004425707,0.01229363,0.010818394,0.017702827,0.006884433,0.008851413,0.006884433,0.010818394,0.005900942,0.165833686,0.127528486,1
0.007523979,0.011035169,0.013543161,0.01053357,0.009530373,0.009530373,0.015047957,0.01053357,0.010031971,0.013543161,0.014546359,0.015549556,0.009530373,0.005015986,0.009028774,0.008025577,0.009028774,0.011035169,0.012038366,0.005015986,0.008527176,0.009028774,0.009530373,0.009530373,0.009530373,0.01404476,0.012038366,0.011536767,0.012539964,0.009530373,0.01053357,0.007523979,0.014546359,0.009028774,0.014546359,0.011536767,0.013041563,0.012539964,0.012038366,0.013543161,0.019060746,0.016051154,0.023575133,0.012038366,0.01053357,0.00702238,0.015047957,0.011536767,0.011536767,0.013543161,0.013543161,0.004514387,0.006019183,0.005517584,0.01053357,0.006520781,0.011035169,0.007523979,0.020565542,0.005015986,0.01053357,0.00702238,0.009530373,0.005015986,0.170973642,0.13180434,1
0.007505365,0.010507511,0.014010015,0.010007154,0.009506796,0.00850608,0.013509657,0.011007869,0.010507511,0.016511803,0.014010015,0.014010015,0.009506796,0.006004292,0.008005723,0.009506796,0.00850608,0.010507511,0.012508942,0.006004292,0.008005723,0.008005723,0.011007869,0.00850608,0.009506796,0.013509657,0.014010015,0.011007869,0.011508227,0.00850608,0.010007154,0.009506796,0.013509657,0.00850608,0.016511803,0.013509657,0.0130093,0.0130093,0.012008584,0.014510373,0.020014307,0.014510373,0.020014307,0.012508942,0.009506796,0.008005723,0.01501073,0.010007154,0.012508942,0.0130093,0.012008584,0.003502504,0.007005007,0.006004292,0.011508227,0.006004292,0.012008584,0.008005723,0.019013592,0.005003577,0.010507511,0.007505365,0.011007869,0.006004292,0.169638592,0.13236245,1
0.007468395,0.011451539,0.013443111,0.00995786,0.008962074,0.00995786,0.01493679,0.00995786,0.010455753,0.01493679,0.013941004,0.015434683,0.008464181,0.00497893,0.007966288,0.008464181,0.007966288,0.010953646,0.012447325,0.005974716,0.007468395,0.008962074,0.010455753,0.010455753,0.010455753,0.013941004,0.01493679,0.00995786,0.010455753,0.010455753,0.011451539,0.007468395,0.01493679,0.009459967,0.015932576,0.010953646,0.013941004,0.012447325,0.012945218,0.013443111,0.019417827,0.015932576,0.025392543,0.013443111,0.009459967,0.007966288,0.01493679,0.010953646,0.011451539,0.011949432,0.013443111,0.002987358,0.006970502,0.005974716,0.010953646,0.005974716,0.010953646,0.007966288,0.01991572,0.004481037,0.011451539,0.006472609,0.008962074,0.004481037,0.167832659,0.131631877,1
0.007731812,0.013047433,0.01401391,0.009181527,0.010148004,0.009181527,0.015463625,0.009664765,0.010148004,0.01401391,0.014980386,0.015463625,0.008698289,0.005315621,0.008215051,0.007731812,0.008698289,0.01111448,0.012080957,0.005315621,0.007731812,0.009181527,0.009664765,0.009664765,0.010148004,0.013530672,0.012564195,0.011597719,0.012080957,0.009181527,0.01111448,0.007248574,0.015463625,0.008215051,0.014497148,0.011597719,0.012564195,0.012564195,0.012080957,0.01401391,0.018363054,0.016430101,0.024161914,0.013530672,0.01111448,0.007731812,0.014980386,0.01111448,0.012080957,0.012080957,0.013530672,0.003865906,0.006765336,0.005315621,0.010631242,0.006282098,0.01111448,0.007248574,0.020779246,0.004832383,0.009664765,0.006765336,0.009664765,0.005798859,0.169280871,0.131956587,1
0.008901581,0.01099607,0.014137805,0.009425203,0.009425203,0.008377958,0.014661427,0.010472448,0.012566938,0.016232294,0.012566938,0.014137805,0.009948826,0.005759846,0.008377958,0.008377958,0.008377958,0.010472448,0.012566938,0.005759846,0.007330714,0.008901581,0.01099607,0.009948826,0.008377958,0.014137805,0.014137805,0.01099607,0.012043315,0.008901581,0.01099607,0.007330714,0.014137805,0.008901581,0.015708672,0.01309056,0.013614182,0.013614182,0.011519693,0.013614182,0.019374029,0.013614182,0.022515763,0.01309056,0.009425203,0.007854336,0.014661427,0.01099607,0.012043315,0.012566938,0.01309056,0.004188979,0.006807091,0.006283469,0.010472448,0.005759846,0.011519693,0.008377958,0.019374029,0.004712602,0.010472448,0.006807091,0.009425203,0.005236224,0.169630968,0.131856746,1
0.008760397,0.011852301,0.013913571,0.009275714,0.010306349,0.008245079,0.014428889,0.010821667,0.012367619,0.015974841,0.013398254,0.013913571,0.009791032,0.005668492,0.008760397,0.008245079,0.008245079,0.010821667,0.012882936,0.006183809,0.007214444,0.008760397,0.010821667,0.009791032,0.008245079,0.013913571,0.013913571,0.010821667,0.012367619,0.008760397,0.010821667,0.007729762,0.013913571,0.008760397,0.015974841,0.012882936,0.013913571,0.013398254,0.011336984,0.013398254,0.019066746,0.014428889,0.022158651,0.012882936,0.009275714,0.007729762,0.014428889,0.010821667,0.012367619,0.012367619,0.012882936,0.00412254,0.006699127,0.006183809,0.010306349,0.005668492,0.011852301,0.008245079,0.019066746,0.004637857,0.010306349,0.006699127,0.009791032,0.006183809,0.169596029,0.131633502,1
0.00877029,0.011349787,0.013929285,0.00928619,0.010317989,0.008254391,0.014445184,0.010833888,0.012381586,0.015992882,0.013413385,0.013929285,0.009802089,0.005674894,0.00877029,0.008254391,0.008254391,0.010833888,0.012897486,0.006190793,0.007222592,0.00877029,0.010833888,0.009802089,0.008254391,0.013929285,0.013929285,0.010833888,0.012381586,0.00877029,0.010833888,0.007738491,0.013929285,0.00877029,0.015992882,0.012897486,0.013929285,0.013413385,0.011349787,0.013413385,0.019088279,0.014445184,0.022183675,0.012897486,0.00928619,0.007738491,0.014445184,0.010833888,0.011865687,0.012897486,0.012897486,0.004127195,0.006706693,0.006190793,0.010317989,0.005674894,0.011865687,0.008254391,0.019088279,0.004643095,0.010317989,0.006706693,0.009802089,0.005674894,0.169809452,0.13166272,1
0.008731282,0.011812911,0.013867331,0.009244887,0.010272097,0.008731282,0.014380936,0.010785702,0.012326516,0.01592175,0.013353726,0.013867331,0.009758492,0.005649653,0.008731282,0.008217678,0.008217678,0.010785702,0.012840121,0.006163258,0.007704073,0.008731282,0.010785702,0.009758492,0.008731282,0.013867331,0.013867331,0.010785702,0.012326516,0.008731282,0.010785702,0.007704073,0.013867331,0.009244887,0.01592175,0.012840121,0.013867331,0.013353726,0.011812911,0.013353726,0.019003379,0.014380936,0.022085008,0.012840121,0.009244887,0.007704073,0.014380936,0.010785702,0.012326516,0.012326516,0.012840121,0.004108839,0.006676863,0.006163258,0.010272097,0.005649653,0.011812911,0.008217678,0.019003379,0.004622444,0.010272097,0.006676863,0.009758492,0.005649653,0.169634748,0.131862662,1
0.007764723,0.011905909,0.013458854,0.009835316,0.009317668,0.009317668,0.015011798,0.009835316,0.009835316,0.013976502,0.01449415,0.015529446,0.009317668,0.005176482,0.008282371,0.008282371,0.008282371,0.010870612,0.011905909,0.005176482,0.007764723,0.009317668,0.009835316,0.009835316,0.009835316,0.013976502,0.012423557,0.011388261,0.012423557,0.009317668,0.010352964,0.007764723,0.015011798,0.008282371,0.015011798,0.011905909,0.012941205,0.012941205,0.011905909,0.013458854,0.019670632,0.015529446,0.024329466,0.012423557,0.010352964,0.007247075,0.015529446,0.011388261,0.011905909,0.012941205,0.013458854,0.004141186,0.006211779,0.005176482,0.010870612,0.006729427,0.010870612,0.007764723,0.020705929,0.005176482,0.010352964,0.007247075,0.009835316,0.005176482,0.169865767,0.131826792,1
0.007760112,0.011381498,0.013450862,0.009312135,0.009312135,0.009312135,0.015002884,0.010346817,0.010864157,0.014485543,0.014485543,0.015002884,0.009829476,0.005173408,0.007760112,0.008277453,0.007760112,0.010864157,0.011898839,0.00620809,0.006725431,0.009312135,0.010864157,0.010346817,0.009312135,0.013968202,0.013968202,0.011381498,0.011898839,0.009829476,0.010346817,0.007242772,0.014485543,0.008277453,0.016037566,0.011381498,0.013450862,0.012933521,0.011381498,0.012933521,0.019141611,0.015002884,0.023797678,0.012933521,0.010346817,0.007760112,0.015002884,0.011898839,0.011898839,0.013450862,0.013450862,0.004138727,0.006725431,0.005690749,0.011381498,0.005690749,0.010864157,0.007760112,0.01862427,0.005690749,0.010864157,0.006725431,0.009829476,0.005173408,0.170504356,0.13108552,1
0.008489063,0.011984559,0.013981985,0.009487776,0.010486489,0.008988419,0.012983272,0.008489063,0.010985846,0.017976838,0.014481342,0.010486489,0.006491636,0.006491636,0.010486489,0.006990993,0.011485202,0.008988419,0.015480055,0.006491636,0.008489063,0.009987132,0.010985846,0.010985846,0.009487776,0.014980699,0.015480055,0.009987132,0.007490349,0.007490349,0.012483915,0.008988419,0.012483915,0.010486489,0.013981985,0.012983272,0.016478768,0.014980699,0.014481342,0.012483915,0.015480055,0.015979412,0.025467188,0.016478768,0.009487776,0.008988419,0.016478768,0.007989706,0.010985846,0.009487776,0.010486489,0.00149807,0.006990993,0.006491636,0.011485202,0.00449421,0.013981985,0.009487776,0.017976838,0.005992279,0.008988419,0.006491636,0.008489063,0.005992279,0.166691444,0.130713794,1
0.008399997,0.012352937,0.014823524,0.009388232,0.010376467,0.008894115,0.012847054,0.008399997,0.011858819,0.017788229,0.014329407,0.011364702,0.006423527,0.006423527,0.00988235,0.006917645,0.010870585,0.008894115,0.016305877,0.006423527,0.008399997,0.009388232,0.010870585,0.011364702,0.010376467,0.014823524,0.014823524,0.009388232,0.007411762,0.007411762,0.013835289,0.008399997,0.015317642,0.010376467,0.013835289,0.012352937,0.016305877,0.014823524,0.014329407,0.012847054,0.015317642,0.016305877,0.025199991,0.016305877,0.009388232,0.009388232,0.016305877,0.008399997,0.010376467,0.008894115,0.010376467,0.001482352,0.007411762,0.006423527,0.011364702,0.004447057,0.014329407,0.009388232,0.018776464,0.006423527,0.008399997,0.006423527,0.008894115,0.00395294,0.16546649,0.130910221,1
0.008102856,0.012660712,0.013673569,0.009622141,0.010634998,0.008609284,0.013167141,0.008102856,0.012660712,0.017218569,0.012660712,0.011647855,0.00658357,0.00658357,0.01012857,0.007089999,0.011141427,0.008609284,0.016205712,0.006077142,0.008102856,0.01012857,0.011141427,0.011647855,0.008609284,0.015699283,0.014686426,0.009622141,0.007089999,0.007596427,0.013167141,0.009115713,0.014686426,0.009622141,0.013673569,0.013167141,0.016205712,0.015699283,0.013673569,0.012660712,0.015699283,0.015699283,0.023802139,0.015192855,0.008609284,0.008609284,0.01671214,0.009115713,0.01012857,0.009622141,0.010634998,0.001519285,0.007596427,0.00658357,0.010634998,0.004557856,0.014179998,0.009622141,0.019244283,0.00658357,0.009622141,0.00658357,0.009622141,0.006077142,0.166184717,0.130386114,1
0.008611657,0.012664201,0.013677337,0.009624793,0.010131361,0.008105089,0.013677337,0.008611657,0.011144497,0.017729881,0.013677337,0.010131361,0.006585384,0.005572248,0.010637929,0.00759852,0.010637929,0.008105089,0.015703609,0.006585384,0.008611657,0.009118225,0.011144497,0.010131361,0.008611657,0.015197041,0.015703609,0.010131361,0.008105089,0.008611657,0.012157633,0.009624793,0.013677337,0.010637929,0.013677337,0.012157633,0.014690473,0.015197041,0.013677337,0.014183905,0.016210177,0.014183905,0.022795561,0.016716745,0.009118225,0.008611657,0.017223313,0.008105089,0.011651065,0.009118225,0.010131361,0.002026272,0.00759852,0.006585384,0.011144497,0.005572248,0.014183905,0.010637929,0.017729881,0.006078816,0.009118225,0.008105089,0.008611657,0.008105089,0.166699896,0.129677107,1
0.009315425,0.011644281,0.013973137,0.010479853,0.009315425,0.007568783,0.012226495,0.009315425,0.012808709,0.019213064,0.012808709,0.011062067,0.006986569,0.006404355,0.009897639,0.008150997,0.011062067,0.006986569,0.01571978,0.005239927,0.008150997,0.008733211,0.009315425,0.012226495,0.008733211,0.014555351,0.013390923,0.009897639,0.008150997,0.008150997,0.013390923,0.009315425,0.013973137,0.010479853,0.014555351,0.014555351,0.015137565,0.01571978,0.013390923,0.012226495,0.016301994,0.013973137,0.025035204,0.01571978,0.009315425,0.008733211,0.017466422,0.008150997,0.011062067,0.009315425,0.011644281,0.001746642,0.006404355,0.006404355,0.011644281,0.005239927,0.01571978,0.008733211,0.019213064,0.006986569,0.009315425,0.006404355,0.009897639,0.004657712,0.165235915,0.131449504,1
0.009137369,0.010850625,0.013706053,0.010850625,0.01027954,0.007995198,0.011992797,0.009137369,0.012563882,0.019416909,0.012563882,0.01027954,0.007424112,0.006853027,0.009708454,0.007995198,0.010850625,0.007995198,0.015990395,0.005710856,0.007995198,0.009708454,0.01027954,0.012563882,0.008566283,0.014277139,0.014848224,0.009708454,0.008566283,0.007995198,0.013706053,0.009137369,0.014277139,0.01027954,0.013706053,0.013706053,0.01541931,0.016561481,0.013134968,0.012563882,0.01541931,0.014277139,0.024556679,0.01541931,0.009137369,0.008566283,0.015990395,0.008566283,0.01027954,0.01027954,0.011421711,0.001713257,0.006853027,0.006853027,0.011992797,0.00513977,0.01541931,0.009137369,0.017703652,0.006853027,0.008566283,0.007424112,0.009708454,0.003426513,0.165882682,0.131111004,1
0.008330452,0.010933719,0.014057638,0.009892412,0.009892412,0.009371759,0.011454372,0.008330452,0.011454372,0.019264171,0.013536985,0.010413065,0.006768493,0.006768493,0.009892412,0.007289146,0.010933719,0.008330452,0.016140251,0.006247839,0.008851106,0.009371759,0.010933719,0.011975025,0.009371759,0.015098945,0.015098945,0.009892412,0.007289146,0.007289146,0.013016332,0.009371759,0.013536985,0.010413065,0.014057638,0.013016332,0.016140251,0.015619598,0.015619598,0.011975025,0.015098945,0.015098945,0.02551201,0.016140251,0.008851106,0.008330452,0.017181558,0.008851106,0.010413065,0.009371759,0.010413065,0.00156196,0.007289146,0.006768493,0.011454372,0.004685879,0.015098945,0.009371759,0.017702211,0.006768493,0.008851106,0.007809799,0.008851106,0.004165226,0.16599451,0.131123571,1
0.009130893,0.010842936,0.01369634,0.010842936,0.010272255,0.007989532,0.011984297,0.009130893,0.012554978,0.019403148,0.012554978,0.010272255,0.007418851,0.00684817,0.009701574,0.007989532,0.010842936,0.007989532,0.015979063,0.005706808,0.007989532,0.010272255,0.010842936,0.012554978,0.008560212,0.014267021,0.014837701,0.009701574,0.008560212,0.007989532,0.01369634,0.009130893,0.014267021,0.010272255,0.01369634,0.01369634,0.015408382,0.015979063,0.013125659,0.012554978,0.015408382,0.014267021,0.024539275,0.015408382,0.009130893,0.008560212,0.015979063,0.008560212,0.010272255,0.010272255,0.011413616,0.001712042,0.00684817,0.00684817,0.011984297,0.005136127,0.015408382,0.009130893,0.017691106,0.00684817,0.008560212,0.007418851,0.009701574,0.003424085,0.165785302,0.131135922,1
0.008125096,0.012426618,0.015772246,0.008125096,0.010514831,0.009558937,0.013382512,0.008125096,0.011470724,0.016250193,0.015294299,0.011470724,0.004301522,0.008125096,0.010036884,0.006213309,0.012426618,0.010036884,0.013860459,0.006213309,0.006691256,0.010992778,0.013382512,0.011470724,0.011470724,0.013382512,0.015772246,0.011470724,0.007169203,0.008603043,0.012904565,0.00764715,0.015294299,0.010514831,0.013860459,0.012426618,0.014338406,0.015294299,0.014816352,0.012426618,0.017206087,0.017684034,0.024853236,0.015772246,0.011470724,0.009558937,0.014816352,0.008603043,0.008603043,0.008603043,0.010992778,0.001911787,0.010992778,0.006691256,0.010514831,0.004301522,0.011948671,0.009558937,0.019595821,0.005735362,0.007169203,0.006213309,0.008603043,0.003345628,0.164309136,0.129285416,1
0.007959114,0.012436116,0.014425895,0.009451448,0.009948893,0.008954004,0.012933561,0.008456559,0.010943782,0.017410562,0.01392845,0.010446337,0.00646678,0.007959114,0.010446337,0.00646678,0.011441227,0.008954004,0.015420784,0.00746167,0.009451448,0.009948893,0.009948893,0.010943782,0.009451448,0.014425895,0.014923339,0.009451448,0.008456559,0.00746167,0.012933561,0.007959114,0.012933561,0.009948893,0.012436116,0.012933561,0.015918229,0.014923339,0.013431005,0.012933561,0.014425895,0.015420784,0.026862011,0.017908007,0.009451448,0.008456559,0.017410562,0.008954004,0.011441227,0.008954004,0.010943782,0.001492334,0.007959114,0.00646678,0.011938671,0.004477002,0.013431005,0.009948893,0.018902896,0.00646678,0.008456559,0.006964225,0.007959114,0.003979557,0.166818595,0.131784461,1
0.014330798,0.012283541,0.016378054,0.011771727,0.009212656,0.008700841,0.010748098,0.010748098,0.014330798,0.014842612,0.013818983,0.014842612,0.006653585,0.008700841,0.012795355,0.008700841,0.009212656,0.008700841,0.011771727,0.006653585,0.007165399,0.007677213,0.009212656,0.008700841,0.00972447,0.010748098,0.011259912,0.009212656,0.013307169,0.007165399,0.011259912,0.006653585,0.017913497,0.009212656,0.016378054,0.012795355,0.011259912,0.010748098,0.013307169,0.012283541,0.018425311,0.011259912,0.016889869,0.012795355,0.010236284,0.009212656,0.01586624,0.010748098,0.013307169,0.009212656,0.013818983,0.005629956,0.008700841,0.005629956,0.007677213,0.006653585,0.013818983,0.010748098,0.017401683,0.009212656,0.011259912,0.003582699,0.011259912,0.003582699,0.168609311,0.133276122,1
0.013637641,0.013183053,0.015455993,0.010910113,0.010000937,0.009546349,0.011819289,0.009546349,0.012728465,0.013183053,0.013183053,0.015455993,0.005455056,0.009091761,0.013183053,0.008182584,0.009546349,0.009091761,0.010910113,0.007273408,0.007273408,0.007727996,0.008182584,0.010455525,0.008182584,0.010000937,0.013637641,0.008637173,0.011364701,0.00681882,0.013183053,0.00681882,0.017728933,0.009546349,0.015001405,0.013183053,0.010910113,0.010910113,0.011819289,0.011819289,0.018638109,0.012273877,0.019547285,0.014546817,0.010910113,0.009091761,0.015455993,0.011819289,0.012273877,0.009091761,0.013183053,0.00454588,0.008637173,0.005455056,0.008637173,0.006364232,0.015910581,0.010000937,0.018638109,0.008637173,0.011364701,0.004091292,0.011364701,0.005000468,0.16641259,0.133521848,1
0.01413977,0.013683649,0.015964257,0.010034676,0.010034676,0.009578554,0.012315284,0.009578554,0.012771405,0.012771405,0.013683649,0.015508135,0.005473459,0.009122432,0.012315284,0.008666311,0.009578554,0.009122432,0.01140304,0.007297946,0.007297946,0.007754068,0.008210189,0.010946919,0.008666311,0.009578554,0.01413977,0.008666311,0.010490797,0.006385703,0.013683649,0.006841824,0.018244865,0.009578554,0.015052013,0.013683649,0.01140304,0.010946919,0.012315284,0.010946919,0.018700986,0.013227527,0.019157108,0.01413977,0.010490797,0.009122432,0.015508135,0.011859162,0.01140304,0.009122432,0.012315284,0.004561216,0.008666311,0.005929581,0.008210189,0.005929581,0.016420378,0.010034676,0.018244865,0.008666311,0.010946919,0.004105095,0.011859162,0.005017338,0.165456166,0.133028784,1
0.01503933,0.014569351,0.014569351,0.01033954,0.009399582,0.009869561,0.012689435,0.01033954,0.012689435,0.011749477,0.013629393,0.01550931,0.005639749,0.008459623,0.012689435,0.009399582,0.009869561,0.007989644,0.011749477,0.007519665,0.007519665,0.007049686,0.008929602,0.008929602,0.008929602,0.009869561,0.014099372,0.009399582,0.01033954,0.005639749,0.012689435,0.007049686,0.017859205,0.009869561,0.01503933,0.014099372,0.011749477,0.01033954,0.012689435,0.009869561,0.018329184,0.012689435,0.018329184,0.014099372,0.011279498,0.008929602,0.015979289,0.011749477,0.011749477,0.009869561,0.011749477,0.004229812,0.008459623,0.00516977,0.007989644,0.006579707,0.016919247,0.01033954,0.017389226,0.008929602,0.010809519,0.00516977,0.012219456,0.004699791,0.166952729,0.133718404,1
0.013609777,0.013609777,0.01407908,0.011263264,0.010324658,0.009386053,0.013140474,0.009855356,0.012671172,0.011263264,0.013140474,0.015486987,0.006100934,0.008447448,0.013609777,0.008447448,0.009855356,0.009386053,0.010793961,0.007978145,0.007508842,0.007508842,0.008447448,0.00891675,0.007978145,0.010324658,0.01407908,0.00891675,0.011263264,0.006570237,0.012201869,0.006570237,0.016894895,0.009855356,0.015017685,0.012671172,0.011263264,0.010793961,0.011263264,0.011263264,0.017833501,0.012671172,0.019710711,0.015017685,0.010793961,0.009386053,0.015486987,0.012201869,0.012201869,0.009855356,0.012671172,0.004693027,0.00891675,0.004693027,0.008447448,0.006570237,0.01595629,0.010324658,0.018302803,0.008447448,0.011263264,0.004223724,0.011732566,0.004693027,0.16833525,0.133811708,1
0.016003644,0.012238081,0.016003644,0.010825995,0.008943213,0.008472518,0.01129669,0.009884604,0.012708776,0.012708776,0.014120863,0.016945035,0.00611904,0.008943213,0.012708776,0.008472518,0.008943213,0.008943213,0.010825995,0.007531127,0.00611904,0.007060431,0.008943213,0.009413908,0.008472518,0.010355299,0.013650167,0.009884604,0.010825995,0.007531127,0.012238081,0.007531127,0.017415731,0.008472518,0.01647434,0.013650167,0.012238081,0.010355299,0.012238081,0.012238081,0.019769208,0.012238081,0.017415731,0.012238081,0.010355299,0.009884604,0.015532949,0.011767386,0.012708776,0.008943213,0.012708776,0.004236259,0.008943213,0.005648345,0.009884604,0.006589736,0.015062254,0.011767386,0.01647434,0.008472518,0.011767386,0.004706954,0.01129669,0.00517765,0.16659104,0.13207278,1
0.01413977,0.013683649,0.015964257,0.010034676,0.010034676,0.009578554,0.012315284,0.009578554,0.012771405,0.012771405,0.013683649,0.015508135,0.005473459,0.009122432,0.012315284,0.008666311,0.009578554,0.009122432,0.01140304,0.007297946,0.007297946,0.007754068,0.008210189,0.010946919,0.008666311,0.009578554,0.01413977,0.008666311,0.010490797,0.006385703,0.013683649,0.006841824,0.018244865,0.009578554,0.015052013,0.013683649,0.01140304,0.010946919,0.012315284,0.010946919,0.018700986,0.013227527,0.019157108,0.01413977,0.010490797,0.009122432,0.015508135,0.011859162,0.01140304,0.009122432,0.012315284,0.004561216,0.008666311,0.005929581,0.008210189,0.005929581,0.016420378,0.010034676,0.018244865,0.008666311,0.010946919,0.004105095,0.011859162,0.005017338,0.165456166,0.133028784,1
0.015061211,0.011660292,0.016032902,0.011174447,0.00971691,0.009231065,0.011660292,0.009231065,0.013603674,0.01408952,0.012631983,0.015547056,0.006315992,0.007773528,0.013603674,0.009231065,0.009231065,0.009231065,0.010688601,0.007287683,0.007287683,0.006801837,0.008259374,0.009231065,0.009231065,0.00971691,0.012146138,0.00971691,0.010688601,0.005830146,0.012146138,0.007287683,0.017490438,0.009231065,0.016032902,0.013117829,0.011174447,0.011174447,0.013117829,0.010688601,0.017490438,0.010688601,0.017490438,0.014575365,0.011660292,0.009231065,0.015547056,0.012146138,0.012146138,0.00971691,0.013117829,0.005344301,0.008259374,0.00437261,0.007773528,0.006801837,0.015547056,0.011660292,0.017490438,0.009231065,0.011660292,0.00437261,0.012631983,0.004858455,0.169272689,0.133539005,1
0.014504962,0.013101256,0.015908668,0.010761746,0.010293844,0.008890138,0.012165452,0.00935804,0.012633354,0.013101256,0.013101256,0.015440766,0.006082726,0.007954334,0.01403706,0.00935804,0.00935804,0.00935804,0.011229648,0.007954334,0.00701853,0.00701853,0.008422236,0.008890138,0.009825942,0.009825942,0.013101256,0.008890138,0.010761746,0.006082726,0.01169755,0.00701853,0.018248178,0.008890138,0.014972864,0.013569158,0.01169755,0.011229648,0.013101256,0.010761746,0.017312374,0.012165452,0.017780276,0.01403706,0.010761746,0.00935804,0.015440766,0.01169755,0.012165452,0.00935804,0.012165452,0.005146922,0.008890138,0.004211118,0.007954334,0.006550628,0.015908668,0.01169755,0.017780276,0.008422236,0.011229648,0.004211118,0.012633354,0.005146922,0.168786313,0.133571816,1
0.013637641,0.013183053,0.015455993,0.010910113,0.010000937,0.009546349,0.011819289,0.009546349,0.012728465,0.013183053,0.013183053,0.015455993,0.005455056,0.009091761,0.013183053,0.008182584,0.009546349,0.009091761,0.010910113,0.007273408,0.007273408,0.007727996,0.008182584,0.010455525,0.008182584,0.010000937,0.013637641,0.008637173,0.011364701,0.00681882,0.013183053,0.00681882,0.017728933,0.009546349,0.015001405,0.013183053,0.010910113,0.010910113,0.011819289,0.011819289,0.018638109,0.012273877,0.019547285,0.014546817,0.010910113,0.009091761,0.015455993,0.011819289,0.012273877,0.009091761,0.013183053,0.00454588,0.008637173,0.005455056,0.008637173,0.006364232,0.015910581,0.010000937,0.018638109,0.008637173,0.011364701,0.004091292,0.011364701,0.005000468,0.16641259,0.133521848,1
0.008609071,0.011837473,0.015065874,0.010223272,0.009685205,0.008071004,0.013451674,0.009685205,0.011299406,0.017218142,0.012913607,0.011299406,0.005918736,0.008071004,0.01237554,0.007532937,0.011299406,0.011299406,0.014527807,0.006456803,0.010223272,0.009685205,0.011299406,0.010223272,0.010223272,0.01237554,0.015065874,0.011837473,0.00699487,0.011299406,0.010761339,0.00699487,0.014527807,0.009147138,0.015603941,0.015065874,0.016142008,0.016680075,0.01237554,0.010223272,0.01937041,0.015603941,0.024751079,0.013989741,0.009685205,0.00699487,0.016142008,0.008609071,0.011299406,0.008609071,0.007532937,0.002152268,0.007532937,0.007532937,0.01237554,0.005918736,0.013451674,0.010223272,0.020446544,0.004304536,0.00699487,0.00699487,0.009147138,0.003228402,0.165113424,0.128404681,1
0.008597304,0.011125922,0.015171712,0.009608751,0.009608751,0.009608751,0.01213737,0.010114475,0.011125922,0.017700331,0.015171712,0.010620199,0.005562961,0.006574409,0.012643094,0.007080132,0.01213737,0.01213737,0.015171712,0.006574409,0.011125922,0.010114475,0.010620199,0.009608751,0.010114475,0.013654541,0.012643094,0.011125922,0.00809158,0.008597304,0.01213737,0.007585856,0.013148817,0.010114475,0.014665989,0.013654541,0.018206055,0.015171712,0.014160265,0.01213737,0.017700331,0.016688884,0.021240397,0.014160265,0.009103027,0.007585856,0.01618316,0.008597304,0.010620199,0.00809158,0.009103027,0.002022895,0.007080132,0.006574409,0.010620199,0.004551514,0.013148817,0.011631646,0.020734674,0.005562961,0.007080132,0.006068685,0.010114475,0.003540066,0.16712435,0.129919642,1
0.008615478,0.011846283,0.015615555,0.010230881,0.009692413,0.008615478,0.013461685,0.009692413,0.011307815,0.016692489,0.012923218,0.011307815,0.005923141,0.008077011,0.01238475,0.007538544,0.011307815,0.011846283,0.014000152,0.006461609,0.010769348,0.009692413,0.011307815,0.010230881,0.010230881,0.01238475,0.015077087,0.011846283,0.007000076,0.011307815,0.010769348,0.007000076,0.015077087,0.009153946,0.015077087,0.015077087,0.015615555,0.016692489,0.01238475,0.010230881,0.019923294,0.015615555,0.025307968,0.013461685,0.009692413,0.007000076,0.015615555,0.008615478,0.011307815,0.008615478,0.007538544,0.00215387,0.007538544,0.007538544,0.01238475,0.005923141,0.012923218,0.010230881,0.020461761,0.004307739,0.007000076,0.007000076,0.009153946,0.003230804,0.164826729,0.128165576,1
0.008880345,0.011492211,0.01619357,0.009402718,0.008357971,0.009402718,0.012014584,0.008880345,0.010447464,0.016715943,0.014104077,0.012014584,0.005746105,0.008880345,0.012536957,0.006790852,0.012014584,0.010447464,0.015148823,0.006268479,0.011492211,0.011492211,0.010447464,0.010447464,0.010969838,0.014104077,0.012014584,0.010969838,0.005746105,0.009402718,0.012014584,0.008357971,0.014104077,0.008357971,0.015148823,0.015671196,0.015671196,0.016715943,0.014104077,0.010969838,0.018805436,0.015148823,0.024029168,0.014104077,0.008880345,0.006790852,0.017238316,0.008880345,0.010969838,0.008357971,0.006790852,0.002089493,0.008357971,0.006790852,0.011492211,0.005223732,0.01305933,0.011492211,0.021939675,0.004701359,0.007835598,0.006790852,0.009402718,0.004178986,0.164345602,0.128361064,1
0.008874849,0.011833132,0.017256652,0.008874849,0.009367897,0.008874849,0.01232618,0.009367897,0.010847038,0.018242746,0.014791416,0.011340085,0.005423519,0.006902661,0.01232618,0.006409613,0.011833132,0.010847038,0.014791416,0.006409613,0.010353991,0.008381802,0.01232618,0.009367897,0.010847038,0.014791416,0.013312274,0.011833132,0.006902661,0.009860944,0.01232618,0.006409613,0.014298368,0.009860944,0.014791416,0.013805321,0.017256652,0.016763604,0.014298368,0.011340085,0.018735793,0.01577751,0.021201029,0.015284463,0.010353991,0.007888755,0.016270557,0.008381802,0.011340085,0.007395708,0.008381802,0.001972189,0.006902661,0.006902661,0.011833132,0.005423519,0.01232618,0.010847038,0.021694076,0.004437425,0.006409613,0.006409613,0.008381802,0.003944377,0.166055861,0.129379711,1
0.00843752,0.01160159,0.015293006,0.00949221,0.008964865,0.010019555,0.013183625,0.010019555,0.011074245,0.015820351,0.014238316,0.0105469,0.005800795,0.007910175,0.01160159,0.00738283,0.0105469,0.012128935,0.01371097,0.00632814,0.0105469,0.010019555,0.01265628,0.00949221,0.0105469,0.013183625,0.014765661,0.012128935,0.006855485,0.0105469,0.011074245,0.00738283,0.014765661,0.00949221,0.015293006,0.014765661,0.015293006,0.015293006,0.013183625,0.011074245,0.020039111,0.015820351,0.022675836,0.014238316,0.010019555,0.006855485,0.016347696,0.008964865,0.011074245,0.008964865,0.00738283,0.00210938,0.007910175,0.00738283,0.01160159,0.00527345,0.01265628,0.010019555,0.021093801,0.00527345,0.00738283,0.006855485,0.00949221,0.003691415,0.165634995,0.12877737,1
0.008017567,0.012026351,0.015534037,0.009520861,0.009520861,0.009520861,0.013028547,0.009520861,0.010523057,0.017037331,0.014531841,0.011024155,0.005512078,0.007516469,0.012026351,0.007015372,0.011024155,0.011525253,0.014531841,0.006514274,0.010523057,0.010021959,0.012026351,0.009520861,0.011525253,0.013529645,0.014531841,0.011525253,0.007015372,0.010523057,0.011525253,0.007015372,0.015032939,0.009520861,0.015534037,0.014030743,0.015534037,0.015534037,0.014531841,0.011525253,0.019041723,0.016536233,0.023050506,0.014531841,0.009520861,0.007516469,0.015534037,0.008518665,0.011024155,0.008518665,0.007516469,0.002004392,0.008017567,0.007015372,0.011525253,0.005512078,0.013028547,0.010021959,0.021046115,0.004008784,0.007015372,0.006514274,0.009019763,0.003507686,0.165061685,0.129392378,1
0.007851845,0.012268508,0.01570369,0.009324066,0.009814806,0.009324066,0.012759248,0.009324066,0.011287027,0.01668517,0.014722209,0.011287027,0.005398143,0.007851845,0.011777767,0.007361105,0.011287027,0.011287027,0.014722209,0.006379624,0.010305546,0.009814806,0.011777767,0.009814806,0.011287027,0.013249988,0.014231469,0.011777767,0.006870364,0.010796287,0.011777767,0.006870364,0.014722209,0.009324066,0.01570369,0.014722209,0.01521295,0.01521295,0.014231469,0.011777767,0.018648132,0.01668517,0.022574054,0.014231469,0.009814806,0.007851845,0.01521295,0.008342585,0.011287027,0.008342585,0.007361105,0.001962961,0.008342585,0.007361105,0.011777767,0.005398143,0.013249988,0.009814806,0.021101833,0.003925922,0.006870364,0.006379624,0.009324066,0.004416663,0.164496123,0.129328573,1
0.008078115,0.012354764,0.015205863,0.009028481,0.009503665,0.009978848,0.011879581,0.009503665,0.011404397,0.017581779,0.015205863,0.011404397,0.005227016,0.007127748,0.011879581,0.006652565,0.011404397,0.011404397,0.015205863,0.006177382,0.010454031,0.008553298,0.010454031,0.010929214,0.010454031,0.01330513,0.012829947,0.011404397,0.007602932,0.009978848,0.01330513,0.008078115,0.014255497,0.009503665,0.015681047,0.013780314,0.016631413,0.01473068,0.015205863,0.01330513,0.017581779,0.017581779,0.020432879,0.013780314,0.009978848,0.007602932,0.01473068,0.008553298,0.010929214,0.007602932,0.009503665,0.001900733,0.007602932,0.007127748,0.010454031,0.005227016,0.013780314,0.011404397,0.020908062,0.004276649,0.006652565,0.005702199,0.010454031,0.004276649,0.165333665,0.129969608,1
0.009571043,0.011963804,0.01770643,0.008135387,0.009571043,0.009571043,0.011485252,0.009571043,0.011485252,0.018184982,0.014835117,0.0110067,0.005264074,0.007178282,0.011485252,0.005742626,0.012442356,0.011963804,0.014835117,0.005742626,0.010049595,0.008613939,0.010049595,0.012442356,0.010049595,0.013399461,0.012442356,0.011963804,0.00669973,0.009571043,0.012920908,0.007178282,0.013878013,0.008613939,0.014356565,0.013878013,0.01770643,0.016749326,0.015313669,0.009571043,0.016749326,0.016749326,0.023449056,0.015313669,0.010049595,0.007656835,0.016270773,0.009571043,0.011485252,0.007656835,0.008135387,0.001914209,0.007656835,0.006221178,0.0110067,0.004785522,0.012442356,0.0110067,0.021534847,0.005264074,0.007178282,0.005264074,0.009571043,0.006221178,0.165245403,0.128411607,1
0.009144054,0.013716081,0.011684069,0.010668063,0.010668063,0.008636051,0.016256096,0.009144054,0.010668063,0.013208078,0.011684069,0.014224084,0.005588033,0.007112042,0.010668063,0.007112042,0.009144054,0.010668063,0.012700075,0.006096036,0.007620045,0.009652057,0.011176066,0.009652057,0.009652057,0.011176066,0.022860135,0.011176066,0.006604039,0.006604039,0.013208078,0.008128048,0.015748093,0.010668063,0.014732087,0.012192072,0.012192072,0.012192072,0.012700075,0.010668063,0.017272102,0.01524009,0.022352132,0.017780105,0.011176066,0.01016006,0.01524009,0.012192072,0.010668063,0.009652057,0.010668063,0.001524009,0.008128048,0.007620045,0.014732087,0.00508003,0.015748093,0.008128048,0.015748093,0.005588033,0.009144054,0.011684069,0.006604039,0.004064024,0.165204438,0.131211392,1
0.008772509,0.012900748,0.015480898,0.009804569,0.009288539,0.009288539,0.013932808,0.008256479,0.012900748,0.015996928,0.012384718,0.013416778,0.005676329,0.006708389,0.009804569,0.007224419,0.010836629,0.009804569,0.014448838,0.005676329,0.011868689,0.009804569,0.008772509,0.011352659,0.008772509,0.011352659,0.020641197,0.010836629,0.006708389,0.008772509,0.012900748,0.007224419,0.015996928,0.008256479,0.016512958,0.012384718,0.012900748,0.014448838,0.013932808,0.010320599,0.018061048,0.016512958,0.022705317,0.015480898,0.010836629,0.008256479,0.014964868,0.012384718,0.011868689,0.009804569,0.008256479,0.00154809,0.006708389,0.008256479,0.014964868,0.005676329,0.013416778,0.007740449,0.017028988,0.006708389,0.008256479,0.011352659,0.007224419,0.00361221,0.163309292,0.128697637,1
0.009326459,0.013715381,0.013715381,0.010972305,0.009326459,0.007131998,0.014812612,0.008777844,0.013166766,0.014812612,0.012618151,0.014263996,0.006034768,0.007680613,0.010972305,0.007680613,0.01042369,0.008777844,0.015361227,0.006034768,0.009326459,0.008229229,0.007131998,0.01152092,0.008777844,0.01152092,0.019750149,0.01042369,0.007680613,0.009326459,0.014263996,0.006583383,0.017007073,0.008229229,0.017007073,0.013715381,0.014812612,0.012618151,0.013715381,0.01152092,0.018104303,0.018104303,0.019750149,0.013715381,0.008777844,0.008229229,0.015361227,0.012069535,0.010972305,0.009326459,0.008777844,0.001645846,0.007131998,0.008229229,0.014812612,0.006034768,0.015361227,0.008229229,0.017555688,0.006583383,0.008229229,0.010972305,0.007131998,0.003291691,0.16372836,0.129106587,1
0.007631548,0.0111538,0.013501969,0.009392674,0.010566758,0.007044506,0.012914927,0.009979716,0.012327885,0.01643718,0.011740843,0.014676053,0.007044506,0.007631548,0.0111538,0.00821859,0.008805632,0.009392674,0.014089011,0.007631548,0.007631548,0.0111538,0.009979716,0.011740843,0.009979716,0.008805632,0.01937239,0.010566758,0.008805632,0.008805632,0.013501969,0.007044506,0.015263095,0.009392674,0.017611264,0.014089011,0.013501969,0.014089011,0.011740843,0.009392674,0.018198306,0.014676053,0.01937239,0.014676053,0.008805632,0.010566758,0.017024222,0.010566758,0.009979716,0.010566758,0.009979716,0.002935211,0.00821859,0.008805632,0.014089011,0.007044506,0.015850138,0.008805632,0.015850138,0.007044506,0.008805632,0.0111538,0.005870421,0.002935211,0.164696126,0.129679233,1
0.007717015,0.01398709,0.013504777,0.010128583,0.011093209,0.008681642,0.013022463,0.009163956,0.011093209,0.014951717,0.013022463,0.013504777,0.005787761,0.007234702,0.009646269,0.007234702,0.009646269,0.010128583,0.013022463,0.005787761,0.007234702,0.010128583,0.010128583,0.01254015,0.009163956,0.011093209,0.020257165,0.011093209,0.007234702,0.009163956,0.013022463,0.008681642,0.016880971,0.008681642,0.015916344,0.012057836,0.011575523,0.013504777,0.014469404,0.011093209,0.017845598,0.016398657,0.022668732,0.015434031,0.010128583,0.009163956,0.014469404,0.012057836,0.011093209,0.009163956,0.010128583,0.001929254,0.008681642,0.007717015,0.01398709,0.005305448,0.015434031,0.008199329,0.016398657,0.005787761,0.009163956,0.010128583,0.008681642,0.005787761,0.163035979,0.128927869,1
0.010032584,0.012672738,0.01425683,0.010560615,0.012144707,0.007920461,0.013200769,0.008448492,0.012144707,0.015840922,0.013200769,0.013200769,0.005280307,0.005808338,0.012672738,0.00739243,0.010560615,0.010560615,0.014784861,0.006336369,0.010032584,0.010032584,0.008976523,0.011616676,0.008976523,0.011088646,0.019009107,0.011616676,0.00739243,0.008976523,0.011616676,0.006336369,0.016368953,0.008448492,0.016896984,0.012144707,0.012144707,0.01425683,0.01425683,0.010032584,0.017953045,0.015840922,0.020065168,0.015840922,0.011088646,0.010560615,0.015312892,0.011088646,0.010560615,0.010032584,0.008448492,0.002112123,0.007920461,0.008448492,0.01425683,0.004224246,0.014784861,0.00739243,0.017425015,0.00739243,0.00739243,0.009504553,0.007920461,0.004224246,0.1653512,0.127615628,1
0.008542291,0.014069657,0.014069657,0.010552242,0.01105473,0.010552242,0.013064681,0.009547267,0.011557218,0.013064681,0.013064681,0.013567169,0.005527365,0.005527365,0.01105473,0.007537316,0.010049755,0.012059706,0.012059706,0.006029853,0.008542291,0.010552242,0.012059706,0.010049755,0.009547267,0.010049755,0.021104485,0.01105473,0.005527365,0.007537316,0.013064681,0.008039804,0.017587071,0.009044779,0.01557712,0.011557218,0.012059706,0.012562193,0.012562193,0.009547267,0.017084583,0.016582095,0.024119411,0.017084583,0.011557218,0.010552242,0.014069657,0.012059706,0.011557218,0.009044779,0.009547267,0.001507463,0.008542291,0.007537316,0.014069657,0.005024877,0.015074632,0.007034828,0.016582095,0.006532341,0.009044779,0.011557218,0.007034828,0.005024877,0.162913528,0.129081257,1
0.008500947,0.013501504,0.01400156,0.01050117,0.011501281,0.008500947,0.013501504,0.009001003,0.011001226,0.015001671,0.011501281,0.01400156,0.005500613,0.006500724,0.01050117,0.007500836,0.009501059,0.010001114,0.013501504,0.006500724,0.008000891,0.01050117,0.01050117,0.011001226,0.010001114,0.011501281,0.02100234,0.011001226,0.006500724,0.009501059,0.013001449,0.00700078,0.017001894,0.009501059,0.015501727,0.011501281,0.012501393,0.013501504,0.014501616,0.01050117,0.017001894,0.016501839,0.023002563,0.015501727,0.010001114,0.010001114,0.015001671,0.011501281,0.011501281,0.009501059,0.008500947,0.001500167,0.008000891,0.007500836,0.015001671,0.005500613,0.015501727,0.008000891,0.016501839,0.006000669,0.009001003,0.010001114,0.007500836,0.005000557,0.163974823,0.128946397,1
0.007777057,0.011406351,0.013480233,0.01088788,0.011406351,0.008295528,0.012961762,0.008295528,0.01088788,0.015554115,0.012961762,0.013998703,0.006221646,0.006740116,0.01088788,0.007777057,0.009332469,0.01036941,0.013480233,0.006740116,0.007777057,0.01088788,0.01036941,0.01088788,0.008813998,0.011924821,0.02073882,0.01088788,0.007777057,0.008295528,0.011406351,0.007777057,0.016072585,0.008813998,0.016072585,0.011924821,0.012961762,0.013480233,0.014517174,0.01036941,0.018146467,0.015554115,0.022294231,0.015554115,0.009332469,0.009850939,0.015035644,0.012443292,0.01036941,0.01036941,0.01036941,0.002073882,0.007777057,0.007258587,0.014517174,0.005703175,0.015035644,0.008295528,0.015554115,0.006221646,0.009850939,0.01036941,0.007777057,0.004666234,0.165558255,0.128803401,1
0.008405403,0.013844193,0.012360886,0.010383144,0.01087758,0.008405403,0.015821934,0.008899838,0.01087758,0.013349757,0.011866451,0.014833064,0.00543879,0.007416532,0.010383144,0.006922096,0.009888709,0.010383144,0.012855322,0.005933225,0.007416532,0.009394274,0.01087758,0.009888709,0.009394274,0.01087758,0.022249595,0.011372015,0.006427661,0.006922096,0.013349757,0.007910967,0.015821934,0.010383144,0.014833064,0.012360886,0.012360886,0.012360886,0.012360886,0.01087758,0.01631637,0.015821934,0.02175516,0.017799676,0.011866451,0.010383144,0.014833064,0.012360886,0.01087758,0.009394274,0.01087758,0.001483306,0.008405403,0.007910967,0.014833064,0.004944355,0.01631637,0.007910967,0.015821934,0.00543879,0.008899838,0.011372015,0.006922096,0.004449919,0.16492747,0.131490884,1
0.007919118,0.011645762,0.014906575,0.013509084,0.010714101,0.00978244,0.012577423,0.011179931,0.014440745,0.013509084,0.017235728,0.013509084,0.006521627,0.006987457,0.012111592,0.005124135,0.00931661,0.00931661,0.012111592,0.006055796,0.007919118,0.007919118,0.00978244,0.00978244,0.008850779,0.010714101,0.012577423,0.011645762,0.010248271,0.005124135,0.011645762,0.00931661,0.017235728,0.012577423,0.017701558,0.008384949,0.011645762,0.010714101,0.014906575,0.010248271,0.018167389,0.013974914,0.01956488,0.014906575,0.014440745,0.00978244,0.017235728,0.008850779,0.013509084,0.010714101,0.013509084,0.002794983,0.006521627,0.007453288,0.006521627,0.005124135,0.014440745,0.00931661,0.017235728,0.010248271,0.00931661,0.003726644,0.010248271,0.004658305,0.170474851,0.12984777,1
0.008257929,0.011658252,0.014572816,0.012629773,0.011658252,0.00922945,0.012629773,0.012144013,0.011172492,0.015544337,0.016030097,0.012144013,0.007286408,0.006800647,0.010686731,0.006314887,0.00971521,0.010200971,0.011172492,0.006314887,0.008257929,0.007286408,0.008743689,0.011658252,0.008257929,0.010200971,0.013115534,0.011172492,0.008743689,0.005343366,0.014087055,0.010200971,0.017487379,0.011658252,0.015544337,0.008743689,0.010686731,0.011658252,0.014087055,0.010686731,0.019430421,0.012144013,0.022830744,0.014572816,0.014572816,0.00971521,0.017487379,0.007772168,0.011658252,0.012144013,0.013601294,0.003400324,0.006800647,0.007772168,0.007286408,0.004371845,0.014572816,0.00922945,0.017001618,0.011172492,0.010200971,0.004371845,0.00971521,0.003886084,0.171119683,0.129385173,1
0.007405251,0.012033533,0.015273331,0.013422018,0.01295919,0.008330908,0.012033533,0.011107877,0.012033533,0.015736159,0.016198987,0.012033533,0.006479595,0.006016767,0.012496362,0.006942423,0.010182221,0.010182221,0.011570705,0.006942423,0.007405251,0.00786808,0.008330908,0.011107877,0.00786808,0.009719392,0.012496362,0.011107877,0.010182221,0.006016767,0.013422018,0.009256564,0.017124644,0.011570705,0.015273331,0.008793736,0.011107877,0.011570705,0.013884846,0.012033533,0.018513128,0.013422018,0.022678582,0.014810503,0.014347674,0.009256564,0.016661815,0.007405251,0.013422018,0.010645049,0.013884846,0.002776969,0.007405251,0.006942423,0.006942423,0.004165454,0.014347674,0.009719392,0.018513128,0.009719392,0.009719392,0.004165454,0.009719392,0.003702626,0.171055885,0.130536352,1
0.007768679,0.010681934,0.014080731,0.012624104,0.011653019,0.008254222,0.012624104,0.011167476,0.011653019,0.015537358,0.014080731,0.013109646,0.007768679,0.007768679,0.013595189,0.006797594,0.009710849,0.008739764,0.010681934,0.009225307,0.008254222,0.006312052,0.008254222,0.010196391,0.008739764,0.009710849,0.014080731,0.011167476,0.010681934,0.005340967,0.012624104,0.008254222,0.016993986,0.011653019,0.015051816,0.009710849,0.011167476,0.011167476,0.015051816,0.010196391,0.018936156,0.012138561,0.022334953,0.014080731,0.013595189,0.009710849,0.016508443,0.008254222,0.010681934,0.012624104,0.014566273,0.004369882,0.007283137,0.006797594,0.007768679,0.005340967,0.014080731,0.010196391,0.016993986,0.009710849,0.010196391,0.004369882,0.008739764,0.004369882,0.173666778,0.130550893,1
0.007354391,0.011950885,0.015168432,0.012870184,0.012870184,0.00827369,0.012410535,0.010112288,0.011950885,0.01608773,0.01608773,0.012410535,0.006894742,0.006894742,0.011950885,0.006435092,0.010112288,0.010112288,0.011491236,0.006894742,0.007354391,0.007814041,0.00827369,0.011491236,0.007814041,0.009652638,0.012410535,0.011491236,0.010112288,0.005975443,0.013329834,0.008733339,0.017007029,0.011491236,0.015628081,0.009192989,0.011031587,0.011491236,0.013789483,0.012410535,0.017926328,0.013329834,0.022522823,0.015168432,0.013789483,0.009192989,0.017007029,0.00827369,0.012870184,0.010112288,0.014249133,0.003217546,0.007354391,0.007354391,0.006894742,0.004136845,0.015168432,0.009652638,0.017926328,0.009652638,0.009652638,0.003677196,0.010112288,0.004596494,0.170821577,0.130511273,1
0.008156833,0.010705844,0.01478426,0.013764656,0.01223525,0.008156833,0.012745052,0.010705844,0.012745052,0.015803864,0.016313667,0.011725448,0.007647031,0.007647031,0.011725448,0.006117625,0.00968624,0.010196042,0.011215646,0.007137229,0.007647031,0.008156833,0.009176437,0.011215646,0.008156833,0.010196042,0.011215646,0.01223525,0.010196042,0.006117625,0.012745052,0.008666635,0.017333271,0.01223525,0.015803864,0.008666635,0.011215646,0.01223525,0.013254854,0.010705844,0.017843073,0.011725448,0.021411687,0.014274458,0.013764656,0.008666635,0.017843073,0.008666635,0.01223525,0.010705844,0.01478426,0.003568615,0.007137229,0.007647031,0.006627427,0.005098021,0.015294062,0.00968624,0.016823469,0.010705844,0.00968624,0.004078417,0.010196042,0.003568615,0.172044188,0.129526962,1
0.008365849,0.012025908,0.015685967,0.012025908,0.012548774,0.006797253,0.012548774,0.010980177,0.01307164,0.016731699,0.017254564,0.012025908,0.007320118,0.006797253,0.011503043,0.006797253,0.010457312,0.008365849,0.012548774,0.007320118,0.006797253,0.006797253,0.007842984,0.010980177,0.008888715,0.010457312,0.010980177,0.010980177,0.010457312,0.006274387,0.013594505,0.008365849,0.016208833,0.012548774,0.016731699,0.00941158,0.012548774,0.011503043,0.014640236,0.012025908,0.018300295,0.013594505,0.021437489,0.014117371,0.01307164,0.008365849,0.017254564,0.007842984,0.01307164,0.009934446,0.014117371,0.003660059,0.006274387,0.007320118,0.006274387,0.00470579,0.014640236,0.009934446,0.01777743,0.009934446,0.009934446,0.003137193,0.009934446,0.005228656,0.171030559,0.129898156,1
0.007429265,0.011608227,0.015322859,0.013001214,0.013001214,0.007893594,0.012536885,0.010215239,0.012536885,0.016251517,0.015787188,0.012536885,0.006964936,0.006964936,0.012072556,0.006500607,0.010215239,0.010215239,0.011608227,0.006964936,0.007429265,0.007429265,0.008822252,0.010679569,0.007893594,0.00975091,0.012072556,0.012072556,0.00975091,0.006036278,0.012536885,0.008822252,0.016715846,0.011608227,0.015787188,0.009286581,0.011143898,0.011608227,0.013465543,0.012072556,0.017644505,0.013001214,0.021823466,0.01485853,0.014394201,0.009286581,0.017180175,0.008357923,0.013001214,0.010215239,0.013929872,0.003250303,0.007429265,0.007429265,0.006964936,0.004178962,0.015322859,0.009286581,0.017644505,0.00975091,0.00975091,0.003714633,0.010215239,0.004643291,0.171584367,0.130529047,1
0.007383026,0.011997418,0.015227492,0.013381735,0.012920296,0.008305905,0.011997418,0.01107454,0.012458857,0.015688931,0.01615037,0.012458857,0.006460148,0.006460148,0.012458857,0.006921587,0.010151661,0.010151661,0.011997418,0.006921587,0.007383026,0.007844466,0.008305905,0.011535979,0.007844466,0.009690222,0.011997418,0.01107454,0.010151661,0.005998709,0.012920296,0.009228783,0.017073249,0.011535979,0.015688931,0.009228783,0.01107454,0.011535979,0.013381735,0.011535979,0.018457566,0.012920296,0.022610519,0.014766053,0.014304614,0.009228783,0.01661181,0.007844466,0.013381735,0.010613101,0.013843175,0.002768635,0.007383026,0.007383026,0.006921587,0.004152952,0.014766053,0.009690222,0.017996127,0.009690222,0.009690222,0.004152952,0.010151661,0.004152952,0.170493616,0.130426067,1
0.007438063,0.012086852,0.015341004,0.013481488,0.013016609,0.00836782,0.012086852,0.011157094,0.012086852,0.015805883,0.016270762,0.012086852,0.006508305,0.006043426,0.01255173,0.006973184,0.010227336,0.010227336,0.011621973,0.006973184,0.007438063,0.007902941,0.00836782,0.011157094,0.007902941,0.009762457,0.01255173,0.011157094,0.010227336,0.005578547,0.01255173,0.009297578,0.01720052,0.011621973,0.015341004,0.008832699,0.011157094,0.011621973,0.013946367,0.011621973,0.018595156,0.013016609,0.022779066,0.014876125,0.014411246,0.009297578,0.016735641,0.007438063,0.013481488,0.010692215,0.013946367,0.002789273,0.007438063,0.006973184,0.006973184,0.00418391,0.014411246,0.009762457,0.017665398,0.009762457,0.009762457,0.00418391,0.009762457,0.003719031,0.171215412,0.13053647,1
0.009643922,0.013019295,0.01735906,0.009643922,0.010126119,0.009643922,0.013983688,0.00867953,0.010608315,0.016876864,0.012537099,0.011572707,0.006750746,0.00626855,0.010126119,0.00626855,0.011572707,0.010608315,0.012054903,0.00626855,0.008197334,0.010608315,0.012054903,0.011572707,0.007715138,0.013019295,0.016394668,0.012537099,0.007715138,0.008197334,0.011572707,0.010126119,0.016876864,0.008197334,0.013501491,0.011090511,0.013019295,0.015912472,0.013019295,0.012537099,0.015430276,0.015912472,0.025074198,0.01494808,0.010608315,0.009161726,0.01494808,0.009161726,0.011572707,0.010608315,0.00867953,0.002410981,0.009161726,0.00626855,0.010126119,0.004821961,0.015912472,0.00867953,0.01735906,0.004821961,0.008197334,0.006750746,0.010126119,0.007232942,0.165529813,0.129017259,1
0.011246315,0.011838227,0.017165429,0.010062493,0.007694847,0.00887867,0.013022049,0.009470581,0.011838227,0.016573517,0.014797783,0.010062493,0.008286759,0.005919113,0.011246315,0.008286759,0.012430138,0.007694847,0.011246315,0.006511025,0.008286759,0.011246315,0.010062493,0.010654404,0.008286759,0.013022049,0.014205872,0.010654404,0.007102936,0.008286759,0.012430138,0.010654404,0.014797783,0.00887867,0.016573517,0.014205872,0.013613961,0.014205872,0.013022049,0.013022049,0.015981606,0.015981606,0.025452187,0.015389695,0.00887867,0.00887867,0.015389695,0.007694847,0.011838227,0.010654404,0.007694847,0.002959557,0.008286759,0.005919113,0.010062493,0.005919113,0.018349251,0.008286759,0.018349251,0.004735291,0.00887867,0.007102936,0.010654404,0.007102936,0.163461424,0.128612624,1
0.009198965,0.012588058,0.01597715,0.010167277,0.009198965,0.009683121,0.01355637,0.008714809,0.011135589,0.017429618,0.014040526,0.012588058,0.006778185,0.005809873,0.010651433,0.006778185,0.012103901,0.009683121,0.014040526,0.006294029,0.008230653,0.010167277,0.011135589,0.009198965,0.008230653,0.013072214,0.014524682,0.013072214,0.007746497,0.008230653,0.012103901,0.009198965,0.015008838,0.008230653,0.016945462,0.011619745,0.015008838,0.01355637,0.01355637,0.01355637,0.015492994,0.016945462,0.022755335,0.014040526,0.010651433,0.010167277,0.014524682,0.008714809,0.012103901,0.010651433,0.007746497,0.001936624,0.009683121,0.005325717,0.010651433,0.005809873,0.016945462,0.008230653,0.017913774,0.004357405,0.007262341,0.007262341,0.010167277,0.006778185,0.165762149,0.129306629,1
0.009313689,0.012254854,0.016666602,0.009313689,0.010294077,0.007843107,0.014215631,0.008823495,0.010784272,0.018627378,0.014215631,0.012254854,0.006372524,0.005392136,0.010294077,0.006372524,0.012745048,0.010294077,0.013725437,0.00588233,0.008333301,0.009313689,0.012254854,0.009313689,0.009313689,0.014215631,0.015686213,0.012254854,0.00588233,0.009313689,0.01176466,0.008823495,0.014215631,0.008823495,0.01764699,0.01176466,0.015196019,0.016666602,0.014215631,0.01176466,0.01764699,0.015686213,0.019607767,0.014705825,0.009803883,0.010294077,0.015686213,0.009313689,0.011274466,0.009803883,0.007843107,0.001470582,0.008823495,0.005392136,0.010784272,0.00588233,0.014705825,0.009313689,0.01764699,0.00588233,0.008823495,0.00588233,0.009803883,0.006372524,0.166462414,0.128638375,1
0.009313689,0.012254854,0.016666602,0.009313689,0.010294077,0.007843107,0.014215631,0.008823495,0.010784272,0.018627378,0.014215631,0.012254854,0.006372524,0.005392136,0.010294077,0.006372524,0.012745048,0.010294077,0.013725437,0.00588233,0.008333301,0.009313689,0.012254854,0.009313689,0.009313689,0.014215631,0.015686213,0.012254854,0.00588233,0.009313689,0.01176466,0.008823495,0.014215631,0.008823495,0.01764699,0.01176466,0.015196019,0.016666602,0.014215631,0.01176466,0.01764699,0.015686213,0.019607767,0.014705825,0.009803883,0.010294077,0.015686213,0.009313689,0.011274466,0.009803883,0.007843107,0.001470582,0.008823495,0.005392136,0.010784272,0.00588233,0.014705825,0.009313689,0.01764699,0.00588233,0.008823495,0.00588233,0.009803883,0.006372524,0.166462414,0.128638375,1
0.010001451,0.013001886,0.016502394,0.009501379,0.010001451,0.009001306,0.015002177,0.008501233,0.011001596,0.017502539,0.012501814,0.011501669,0.007001016,0.006000871,0.010501524,0.006500943,0.012001741,0.010501524,0.013501959,0.006500943,0.008501233,0.010001451,0.011501669,0.009501379,0.008501233,0.013501959,0.016502394,0.012001741,0.007501088,0.007501088,0.011501669,0.009501379,0.015502249,0.008501233,0.014002032,0.012001741,0.015002177,0.015002177,0.014002032,0.013001886,0.015002177,0.017002467,0.024003483,0.014502104,0.009501379,0.009501379,0.015502249,0.008501233,0.011501669,0.010501524,0.008001161,0.00200029,0.009001306,0.005500798,0.010001451,0.005000726,0.015502249,0.009001306,0.017502539,0.005000726,0.008001161,0.006500943,0.010001451,0.007501088,0.166829196,0.129568718,1
0.010492855,0.012591427,0.016263926,0.009968213,0.00944357,0.00944357,0.014689998,0.008394284,0.011542141,0.016263926,0.012591427,0.012066784,0.007344999,0.006295713,0.010492855,0.006820356,0.012066784,0.009968213,0.012591427,0.006295713,0.008394284,0.010492855,0.011542141,0.009968213,0.007869642,0.013640712,0.015739283,0.012591427,0.007869642,0.007869642,0.011017498,0.00944357,0.015739283,0.008394284,0.014689998,0.012591427,0.014689998,0.014689998,0.013116069,0.012591427,0.015739283,0.016263926,0.023084282,0.013640712,0.00944357,0.00944357,0.015739283,0.008918927,0.011017498,0.011017498,0.008394284,0.002098571,0.008918927,0.00577107,0.010492855,0.005246428,0.016263926,0.008918927,0.017313211,0.005246428,0.007869642,0.006820356,0.010492855,0.007869642,0.166328132,0.129076624,1
0.009506146,0.012007763,0.016010351,0.009506146,0.010506793,0.008005176,0.014009057,0.009005823,0.010506793,0.018511969,0.014009057,0.012007763,0.007004529,0.005003235,0.010506793,0.007004529,0.012508087,0.010506793,0.014009057,0.006504205,0.008505499,0.009506146,0.01150744,0.009506146,0.009506146,0.014009057,0.015510028,0.01150744,0.006003882,0.009005823,0.012007763,0.009005823,0.014009057,0.009005823,0.017010998,0.012007763,0.015510028,0.016010351,0.015009704,0.01150744,0.017010998,0.016010351,0.020513262,0.014509381,0.008505499,0.010506793,0.016010351,0.009005823,0.011007116,0.010006469,0.007504852,0.00150097,0.009005823,0.005503558,0.010006469,0.006003882,0.015009704,0.009506146,0.018011645,0.006003882,0.008505499,0.006003882,0.010506793,0.006504205,0.166536442,0.128507784,1
0.010323006,0.012387607,0.016516809,0.009806855,0.009290705,0.009290705,0.014968358,0.008258404,0.011355306,0.017032959,0.011871456,0.012387607,0.007226104,0.006193803,0.010839156,0.006709954,0.011871456,0.010323006,0.013419907,0.006709954,0.008774555,0.010323006,0.011871456,0.009290705,0.007742254,0.013936057,0.016000659,0.012387607,0.007742254,0.007742254,0.010839156,0.009290705,0.015484508,0.008258404,0.014452208,0.012387607,0.014968358,0.014968358,0.012903757,0.012903757,0.015484508,0.015484508,0.023226762,0.013936057,0.009806855,0.009290705,0.015484508,0.009290705,0.011355306,0.010839156,0.008258404,0.002064601,0.008774555,0.005677653,0.010323006,0.005161503,0.016000659,0.009290705,0.017032959,0.005161503,0.007742254,0.006709954,0.010323006,0.007742254,0.167002039,0.129485134,1
0.010235935,0.012673062,0.017059892,0.009261084,0.01072336,0.007798808,0.014135339,0.008773659,0.011210786,0.017547317,0.014622764,0.012185637,0.006336531,0.005849106,0.010235935,0.006336531,0.012673062,0.01072336,0.013160488,0.005849106,0.007798808,0.008773659,0.012185637,0.009748509,0.009261084,0.014135339,0.015597615,0.012185637,0.005849106,0.008286233,0.012673062,0.008773659,0.01511019,0.008773659,0.017059892,0.012185637,0.01511019,0.016572466,0.014135339,0.011698211,0.017547317,0.015597615,0.019009593,0.014622764,0.010235935,0.010235935,0.015597615,0.008773659,0.011210786,0.009748509,0.008286233,0.001462276,0.008773659,0.00536168,0.01072336,0.00536168,0.01511019,0.009748509,0.017547317,0.005849106,0.008286233,0.005849106,0.009748509,0.007311382,0.166501588,0.128193752,1
0.010905098,0.010905098,0.015267137,0.010905098,0.010359843,0.008724078,0.013086117,0.009269333,0.012540862,0.015812392,0.011450353,0.012540862,0.007088313,0.007088313,0.011995607,0.007633568,0.011450353,0.010359843,0.011995607,0.007633568,0.009814588,0.011995607,0.010359843,0.010359843,0.007088313,0.011450353,0.013086117,0.012540862,0.008724078,0.009814588,0.010905098,0.008178823,0.014176627,0.008178823,0.015812392,0.013086117,0.013086117,0.015267137,0.010905098,0.011450353,0.015267137,0.015267137,0.02344596,0.013631372,0.010905098,0.008724078,0.015812392,0.009269333,0.011450353,0.011995607,0.009269333,0.002726274,0.008178823,0.006543059,0.009814588,0.006543059,0.016357646,0.008178823,0.019629176,0.005452549,0.008724078,0.005452549,0.010905098,0.006543059,0.167124254,0.129496948,1
0.010408468,0.012886675,0.016851806,0.009417186,0.01090411,0.009417186,0.013382316,0.008921544,0.01090411,0.016356164,0.013877958,0.013382316,0.00743462,0.004956413,0.011399751,0.006938979,0.012391034,0.010408468,0.012886675,0.00743462,0.008921544,0.009417186,0.01090411,0.009912827,0.00743462,0.012391034,0.012886675,0.012886675,0.008425903,0.008921544,0.011399751,0.007930261,0.014373599,0.008425903,0.014373599,0.011399751,0.01486924,0.01486924,0.011895392,0.011895392,0.014373599,0.015860523,0.023790784,0.01486924,0.011895392,0.009912827,0.015860523,0.008425903,0.012391034,0.01090411,0.009912827,0.002478207,0.008425903,0.005452055,0.009417186,0.005947696,0.015860523,0.008921544,0.018834371,0.004956413,0.007930261,0.005452055,0.009912827,0.005452055,0.168695572,0.129971927,1
0.010415092,0.012607743,0.015896719,0.010963254,0.009318766,0.007674278,0.013704068,0.009318766,0.01205958,0.016993044,0.01205958,0.013155905,0.008222441,0.005481627,0.011511417,0.007674278,0.012607743,0.008222441,0.013155905,0.006577953,0.008222441,0.011511417,0.009866929,0.010963254,0.007674278,0.01205958,0.013155905,0.012607743,0.008222441,0.009318766,0.011511417,0.008222441,0.014800393,0.008222441,0.015348556,0.012607743,0.014800393,0.015348556,0.01205958,0.011511417,0.015348556,0.015896719,0.022474671,0.013155905,0.011511417,0.009318766,0.015348556,0.008222441,0.01205958,0.011511417,0.009866929,0.002740814,0.008222441,0.00602979,0.009866929,0.005481627,0.015896719,0.008770603,0.019185695,0.005481627,0.008222441,0.005481627,0.010415092,0.00602979,0.167924755,0.129878803,1
0.010376556,0.011933039,0.015564834,0.010376556,0.009857728,0.009857728,0.013489522,0.008820072,0.011414211,0.016083661,0.012451867,0.012970695,0.007782417,0.005188278,0.011933039,0.007263589,0.011933039,0.010376556,0.012970695,0.007263589,0.0093389,0.009857728,0.010895384,0.010376556,0.006744761,0.012970695,0.013489522,0.012451867,0.008820072,0.0093389,0.011414211,0.007782417,0.01400835,0.008301245,0.015046006,0.011933039,0.015046006,0.015046006,0.011933039,0.011933039,0.015046006,0.016083661,0.022828423,0.01400835,0.011414211,0.008820072,0.015564834,0.008820072,0.011933039,0.011414211,0.009857728,0.002594139,0.008301245,0.005707106,0.008820072,0.006225933,0.016083661,0.008820072,0.019196628,0.005188278,0.007782417,0.005707106,0.010376556,0.005707106,0.168939814,0.130123846,1
0.010593793,0.012107192,0.016647389,0.00958486,0.010089327,0.00958486,0.013620591,0.009080394,0.011098259,0.016142922,0.012611658,0.013620591,0.007566995,0.005044663,0.011602726,0.007062529,0.012107192,0.010593793,0.013116124,0.007566995,0.009080394,0.00958486,0.010593793,0.010089327,0.007566995,0.012611658,0.013116124,0.012611658,0.008575928,0.009080394,0.011602726,0.007566995,0.014629523,0.008575928,0.014629523,0.011602726,0.01513399,0.014629523,0.012107192,0.011602726,0.014629523,0.015638456,0.024214384,0.014629523,0.011098259,0.010089327,0.016142922,0.008575928,0.012107192,0.011098259,0.009080394,0.002522332,0.008575928,0.00554913,0.00958486,0.006053596,0.016142922,0.009080394,0.01916972,0.005044663,0.007566995,0.00554913,0.010089327,0.00554913,0.168402093,0.12938078,1
0.010202971,0.013118105,0.016519096,0.009231259,0.010688827,0.009231259,0.013603961,0.008745404,0.011174682,0.016519096,0.013603961,0.013118105,0.007287836,0.005344413,0.011174682,0.006801981,0.012146394,0.010202971,0.013603961,0.007287836,0.008745404,0.009231259,0.010688827,0.009717115,0.007773692,0.01263225,0.013118105,0.01263225,0.008259548,0.009231259,0.011660538,0.008259548,0.014575673,0.008259548,0.014575673,0.011660538,0.015061528,0.014575673,0.01263225,0.01263225,0.014089817,0.017004951,0.023321076,0.014575673,0.011660538,0.009717115,0.015547384,0.008259548,0.012146394,0.010688827,0.009717115,0.002429279,0.008745404,0.005344413,0.009231259,0.006316125,0.015547384,0.008745404,0.01943423,0.004858558,0.007773692,0.005344413,0.010202971,0.005344413,0.168427771,0.129996521,1
0.010694954,0.012222805,0.016297073,0.009676387,0.009676387,0.009676387,0.013750655,0.009167103,0.011204237,0.016297073,0.012732088,0.013241372,0.007639253,0.005092835,0.011713521,0.007129969,0.012222805,0.01018567,0.013241372,0.007639253,0.009167103,0.009676387,0.010694954,0.01018567,0.007639253,0.012732088,0.013241372,0.012222805,0.00865782,0.009167103,0.011713521,0.007639253,0.014259939,0.00865782,0.014769222,0.011713521,0.015278506,0.014769222,0.012222805,0.011713521,0.014769222,0.015787789,0.024445609,0.014259939,0.010694954,0.009676387,0.015787789,0.00865782,0.011713521,0.011204237,0.009167103,0.002546418,0.00865782,0.005602119,0.009167103,0.006111402,0.015787789,0.009167103,0.019352774,0.005092835,0.007639253,0.005602119,0.01018567,0.005602119,0.168015784,0.129682239,1
0.010872808,0.011908313,0.016050335,0.009837302,0.009837302,0.009837302,0.013461572,0.008801797,0.011390561,0.016050335,0.012943819,0.012943819,0.007766291,0.005177528,0.011390561,0.007248539,0.011908313,0.010355055,0.012943819,0.007248539,0.00931955,0.009837302,0.010872808,0.010355055,0.006730786,0.012943819,0.013461572,0.012426066,0.008801797,0.00931955,0.011390561,0.007766291,0.013979324,0.008284044,0.01501483,0.011908313,0.01501483,0.01501483,0.011908313,0.011908313,0.01501483,0.016050335,0.023816627,0.014497077,0.010872808,0.00931955,0.016050335,0.008801797,0.011908313,0.011390561,0.00931955,0.002588764,0.008801797,0.00569528,0.008801797,0.006213033,0.016050335,0.008801797,0.019156852,0.005177528,0.007766291,0.00569528,0.010355055,0.00569528,0.168155799,0.129771462,1
0.010060959,0.011649531,0.0153562,0.010590483,0.010060959,0.00900191,0.013767628,0.00900191,0.011649531,0.015885724,0.012179055,0.013238104,0.007942862,0.005295241,0.012179055,0.007413338,0.011649531,0.010060959,0.012708579,0.007413338,0.00900191,0.011120007,0.010590483,0.010590483,0.006883814,0.012708579,0.013238104,0.012708579,0.00900191,0.00900191,0.011120007,0.007942862,0.014297152,0.007942862,0.0153562,0.012179055,0.014297152,0.0153562,0.012179055,0.011649531,0.0153562,0.015885724,0.022240014,0.013767628,0.011120007,0.00900191,0.015885724,0.00900191,0.011649531,0.011649531,0.009531435,0.002647621,0.008472386,0.005824766,0.00900191,0.005824766,0.015885724,0.00900191,0.019592393,0.005295241,0.007942862,0.005824766,0.010590483,0.005824766,0.169022827,0.129887206,1
0.010408468,0.012886675,0.016851806,0.009417186,0.01090411,0.009417186,0.013382316,0.008921544,0.01090411,0.016356164,0.013877958,0.013382316,0.00743462,0.004956413,0.011399751,0.006938979,0.012391034,0.010408468,0.012886675,0.00743462,0.008921544,0.009417186,0.01090411,0.009912827,0.00743462,0.012391034,0.012886675,0.012886675,0.008425903,0.008921544,0.011399751,0.007930261,0.014373599,0.008425903,0.014373599,0.011399751,0.01486924,0.01486924,0.011895392,0.011895392,0.014373599,0.015860523,0.023790784,0.01486924,0.011895392,0.009912827,0.015860523,0.008425903,0.012391034,0.01090411,0.009912827,0.002478207,0.008425903,0.005452055,0.009417186,0.005947696,0.015860523,0.008921544,0.018834371,0.004956413,0.007930261,0.005452055,0.009912827,0.005452055,0.168695572,0.129971927,1
0.010198502,0.012882319,0.011272029,0.011272029,0.011272029,0.010198502,0.011272029,0.009124976,0.010198502,0.013419082,0.012345556,0.015029372,0.006441159,0.007514686,0.010735266,0.008051449,0.010198502,0.010198502,0.012882319,0.005904396,0.009661739,0.011808792,0.009661739,0.011272029,0.006977923,0.012345556,0.018249952,0.011808792,0.006977923,0.006977923,0.011808792,0.008588213,0.013419082,0.009124976,0.015029372,0.013419082,0.012345556,0.013419082,0.012882319,0.009661739,0.017713188,0.014492609,0.021470531,0.015566135,0.009661739,0.010198502,0.018249952,0.010735266,0.011808792,0.009661739,0.011272029,0.002147053,0.005904396,0.006977923,0.015566135,0.00483087,0.016102898,0.008051449,0.017176425,0.006441159,0.011808792,0.008588213,0.006977923,0.00483087,0.166415514,0.131498111,1
0.009954619,0.013098183,0.011526401,0.011002474,0.012050328,0.010478547,0.011002474,0.008906765,0.009954619,0.01362211,0.013098183,0.014669965,0.006287128,0.007334983,0.011002474,0.00785891,0.010478547,0.010478547,0.01362211,0.006287128,0.009954619,0.011526401,0.009430692,0.011526401,0.007334983,0.012050328,0.017813529,0.011526401,0.007334983,0.006811055,0.011526401,0.008906765,0.013098183,0.009430692,0.015193892,0.013098183,0.013098183,0.01362211,0.013098183,0.009430692,0.017289602,0.015193892,0.020957093,0.015193892,0.009430692,0.009954619,0.017813529,0.010478547,0.012050328,0.009430692,0.011002474,0.002095709,0.005763201,0.006811055,0.015193892,0.004715346,0.016241747,0.008382837,0.016765674,0.006287128,0.011526401,0.008382837,0.007334983,0.005239273,0.166535381,0.131402003,1
0.009372806,0.013319251,0.011839334,0.010359417,0.011839334,0.010852723,0.011346029,0.008879501,0.009372806,0.014305862,0.013319251,0.014305862,0.005919667,0.007399584,0.010359417,0.007399584,0.010359417,0.010852723,0.013319251,0.005919667,0.009372806,0.010852723,0.009372806,0.01233264,0.006906278,0.011839334,0.018745612,0.011839334,0.006906278,0.007399584,0.012825945,0.008386195,0.013319251,0.009372806,0.014799168,0.012825945,0.012825945,0.013319251,0.013812557,0.010359417,0.017759001,0.015785779,0.021705446,0.015785779,0.010359417,0.009866112,0.017759001,0.009866112,0.011839334,0.008879501,0.011346029,0.001973222,0.006412973,0.006906278,0.014799168,0.00443975,0.016279084,0.008386195,0.017265696,0.005919667,0.010852723,0.007892889,0.006906278,0.005426361,0.166160049,0.13137279,1
0.009820188,0.012404448,0.010853892,0.010853892,0.010853892,0.01033704,0.010853892,0.009303336,0.009820188,0.014471856,0.011887596,0.014988708,0.006202224,0.007235928,0.010853892,0.008269632,0.009820188,0.009820188,0.013438152,0.007235928,0.009820188,0.010853892,0.009303336,0.011370744,0.007235928,0.012404448,0.01808982,0.011370744,0.007235928,0.008269632,0.012404448,0.008786484,0.0129213,0.009303336,0.01550556,0.0129213,0.013438152,0.0129213,0.013438152,0.009820188,0.017572968,0.013955004,0.02067408,0.014988708,0.009820188,0.01033704,0.017572968,0.01033704,0.011370744,0.009820188,0.011370744,0.002067408,0.006202224,0.006719076,0.01550556,0.006202224,0.016022412,0.008786484,0.016539264,0.006719076,0.011370744,0.008786484,0.007235928,0.00516852,0.166748609,0.131366375,1
0.010526664,0.012742804,0.011080699,0.011634734,0.011080699,0.009418594,0.011634734,0.008864559,0.010526664,0.013850874,0.012188769,0.014404909,0.006648419,0.007756489,0.010526664,0.008310524,0.010526664,0.009972629,0.013296839,0.005540349,0.009418594,0.011634734,0.008864559,0.011634734,0.006648419,0.012188769,0.018837188,0.011634734,0.006648419,0.007202454,0.012188769,0.008864559,0.013296839,0.009418594,0.014958944,0.013850874,0.012742804,0.013296839,0.012742804,0.009418594,0.017729118,0.014404909,0.021053328,0.015512979,0.009972629,0.010526664,0.018283153,0.009972629,0.011634734,0.009418594,0.011634734,0.00221614,0.006094384,0.007202454,0.016067013,0.004986315,0.016621048,0.007756489,0.016621048,0.006648419,0.011634734,0.008864559,0.006648419,0.00443228,0.166277714,0.131760006,1
0.011084555,0.01225135,0.011667953,0.01225135,0.011667953,0.00991776,0.010501157,0.009334362,0.011084555,0.013418146,0.012834748,0.014584941,0.007000772,0.008167567,0.011084555,0.008750964,0.011084555,0.00991776,0.014001543,0.005833976,0.00991776,0.011084555,0.008750964,0.011667953,0.006417374,0.010501157,0.017501929,0.010501157,0.007000772,0.007584169,0.012834748,0.008750964,0.013418146,0.009334362,0.014584941,0.014584941,0.013418146,0.012834748,0.010501157,0.00991776,0.017501929,0.014584941,0.019835519,0.015168338,0.00991776,0.00991776,0.017501929,0.00991776,0.011667953,0.00991776,0.011667953,0.002333591,0.005833976,0.007584169,0.015751736,0.005250579,0.016918531,0.007584169,0.016918531,0.007000772,0.011667953,0.008750964,0.007000772,0.004667181,0.165508628,0.132080623,1
0.009699009,0.013272328,0.011230431,0.010719957,0.011740905,0.010209483,0.012251379,0.009188534,0.009699009,0.014293276,0.012761853,0.014293276,0.00612569,0.007146638,0.010719957,0.007657112,0.010209483,0.010719957,0.013782802,0.00612569,0.009699009,0.011230431,0.009188534,0.011230431,0.007657112,0.012251379,0.018887543,0.011230431,0.007146638,0.007146638,0.012251379,0.00867806,0.013272328,0.009699009,0.015314224,0.012761853,0.013272328,0.013272328,0.013782802,0.010209483,0.017356121,0.015824698,0.020418965,0.015314224,0.009188534,0.009699009,0.017866595,0.010209483,0.011740905,0.009188534,0.010719957,0.002041897,0.00612569,0.006636164,0.01480375,0.004594267,0.016335172,0.008167586,0.017356121,0.00612569,0.011230431,0.008167586,0.007146638,0.005615215,0.166600195,0.131497868,1
0.009765117,0.012334885,0.010793024,0.010793024,0.011820931,0.009765117,0.010793024,0.00873721,0.01027907,0.014904652,0.012848838,0.014390699,0.008223256,0.007195349,0.010793024,0.007709303,0.009765117,0.01027907,0.013362792,0.007709303,0.009765117,0.010793024,0.009251163,0.01027907,0.007709303,0.011820931,0.017988373,0.011306978,0.007195349,0.006681396,0.011306978,0.00873721,0.012848838,0.00873721,0.015418606,0.013362792,0.013362792,0.013362792,0.013876745,0.01027907,0.016960466,0.015418606,0.021586048,0.014904652,0.009251163,0.009765117,0.01747442,0.01027907,0.011306978,0.009765117,0.012848838,0.002055814,0.006167442,0.006167442,0.014904652,0.004625582,0.015932559,0.00873721,0.016446513,0.006167442,0.011306978,0.008223256,0.007709303,0.005653489,0.168208773,0.131786528,1
0.009372789,0.014305835,0.011839312,0.010359398,0.011839312,0.010359398,0.011839312,0.008879484,0.009866093,0.014305835,0.013319226,0.014305835,0.005919656,0.006906265,0.010359398,0.00739957,0.010359398,0.010359398,0.013812531,0.005919656,0.009372789,0.010852703,0.009372789,0.011346007,0.00739957,0.011839312,0.018745577,0.011839312,0.006906265,0.00739957,0.012332617,0.008386179,0.014305835,0.009372789,0.01479914,0.012332617,0.012825921,0.013319226,0.013812531,0.010852703,0.017265663,0.016279054,0.021705405,0.015785749,0.010359398,0.009866093,0.017758968,0.009866093,0.011839312,0.008879484,0.011346007,0.001973219,0.006412961,0.006412961,0.01479914,0.004439742,0.016279054,0.008386179,0.016772359,0.005919656,0.010852703,0.007892875,0.006906265,0.005426351,0.166275843,0.131258311,1
0.011183197,0.013978996,0.011183197,0.011183197,0.010064877,0.010624037,0.011183197,0.008946557,0.010624037,0.013978996,0.012860676,0.015097316,0.006150758,0.007828238,0.011183197,0.008387398,0.011183197,0.008946557,0.013978996,0.006150758,0.011183197,0.011742357,0.007269078,0.011183197,0.007828238,0.011742357,0.018452275,0.010624037,0.006709918,0.007269078,0.012301517,0.008387398,0.013419836,0.009505717,0.015656476,0.013978996,0.013978996,0.012301517,0.012860676,0.009505717,0.017893115,0.013978996,0.020688914,0.015656476,0.009505717,0.010064877,0.018452275,0.009505717,0.011742357,0.008387398,0.011742357,0.002236639,0.005032439,0.006709918,0.016774795,0.005032439,0.016774795,0.008946557,0.016215635,0.006150758,0.011742357,0.008387398,0.006150758,0.004473279,0.165128053,0.132008023,1
0.007684557,0.013447975,0.014888829,0.011046551,0.011526836,0.010085981,0.012487405,0.010566266,0.01200712,0.014888829,0.014888829,0.012487405,0.004802848,0.007684557,0.011046551,0.006243703,0.009605696,0.009605696,0.013447975,0.005763418,0.008164842,0.007684557,0.010085981,0.011046551,0.008645127,0.012487405,0.016809969,0.011526836,0.010085981,0.004802848,0.012487405,0.009605696,0.016809969,0.011526836,0.014888829,0.011046551,0.01296769,0.01296769,0.015849399,0.011046551,0.019691677,0.01392826,0.020652247,0.014888829,0.011526836,0.009605696,0.016809969,0.008164842,0.01296769,0.009605696,0.011526836,0.001921139,0.005763418,0.006243703,0.011046551,0.004322563,0.01392826,0.011526836,0.016809969,0.007204272,0.009605696,0.005283133,0.009125412,0.003842279,0.168675719,0.130588734,1
0.007983991,0.014089396,0.014089396,0.011271517,0.011271517,0.01080187,0.012680456,0.009392931,0.01080187,0.014559042,0.015498335,0.013150103,0.005166112,0.009392931,0.010332224,0.005635758,0.009392931,0.013150103,0.011271517,0.005166112,0.006575051,0.007983991,0.011271517,0.01080187,0.007514344,0.010332224,0.017376922,0.012680456,0.008923284,0.006575051,0.011271517,0.009862577,0.017376922,0.008923284,0.016437628,0.011741163,0.01221081,0.011741163,0.012680456,0.012680456,0.021134094,0.013619749,0.022073387,0.015967982,0.012680456,0.009392931,0.018316215,0.007983991,0.012680456,0.007983991,0.011741163,0.002348233,0.008923284,0.006575051,0.011271517,0.003757172,0.015028689,0.01080187,0.017846568,0.006575051,0.007983991,0.005166112,0.010332224,0.004226819,0.167308186,0.128222022,1
0.008992882,0.013988927,0.013489323,0.0109913,0.009992091,0.011490904,0.011990509,0.009992091,0.012490113,0.014988136,0.014488532,0.012989718,0.005995254,0.007494068,0.010491695,0.005995254,0.008493277,0.008493277,0.013489323,0.005995254,0.009492486,0.009492486,0.012490113,0.011490904,0.008493277,0.011490904,0.016986554,0.012490113,0.009992091,0.004996045,0.011490904,0.009992091,0.017486159,0.0109913,0.01648695,0.010491695,0.0109913,0.013489323,0.014488532,0.0109913,0.021482995,0.013489323,0.022482204,0.013988927,0.012490113,0.010491695,0.01648695,0.006994464,0.012989718,0.009992091,0.011490904,0.002498023,0.00549565,0.008493277,0.010491695,0.003996836,0.012989718,0.009992091,0.017486159,0.006994464,0.008493277,0.00549565,0.008992882,0.003497232,0.166512434,0.129544769,1
0.008441396,0.014068994,0.011724162,0.011724162,0.010317262,0.010786229,0.012662095,0.008910363,0.010317262,0.013600028,0.013600028,0.012662095,0.006565531,0.009379329,0.011724162,0.006096564,0.008441396,0.010317262,0.012662095,0.006565531,0.007503464,0.008910363,0.011255195,0.010786229,0.009379329,0.012662095,0.017351759,0.011255195,0.010317262,0.004689665,0.011724162,0.008910363,0.017351759,0.009848296,0.014068994,0.011724162,0.013600028,0.012193128,0.015006927,0.011255195,0.018758659,0.015475893,0.02391729,0.014537961,0.010786229,0.009379329,0.016882793,0.008441396,0.011724162,0.008441396,0.011724162,0.003751732,0.007034497,0.006096564,0.011724162,0.004689665,0.014537961,0.010317262,0.017820726,0.007034497,0.00797243,0.006096564,0.009379329,0.003282765,0.168987553,0.130845509,1
0.009749547,0.013161889,0.011699456,0.010724502,0.011699456,0.011211979,0.012186934,0.011211979,0.010724502,0.014136843,0.015111798,0.012186934,0.005362251,0.00731216,0.011211979,0.005849728,0.008287115,0.012186934,0.014136843,0.005849728,0.00731216,0.009749547,0.012186934,0.009749547,0.008287115,0.011211979,0.017549185,0.012186934,0.010237024,0.005849728,0.011699456,0.008774592,0.01657423,0.010724502,0.014136843,0.010237024,0.014624321,0.012674411,0.014136843,0.010237024,0.020474049,0.014136843,0.0258363,0.014624321,0.012186934,0.00926207,0.018036662,0.00731216,0.010724502,0.009749547,0.012186934,0.002924864,0.006824683,0.005362251,0.010724502,0.005362251,0.012186934,0.012186934,0.017061707,0.007799638,0.007799638,0.005849728,0.008287115,0.003412341,0.169093273,0.128451861,1
0.008284829,0.013645601,0.013645601,0.010721544,0.01169623,0.010234201,0.012183573,0.010721544,0.01169623,0.01510763,0.015594973,0.013158259,0.004386086,0.007310144,0.011208887,0.005848115,0.009259515,0.009259515,0.014132944,0.005360772,0.008772172,0.007797487,0.010721544,0.010234201,0.008772172,0.012670916,0.016569659,0.01169623,0.010721544,0.005360772,0.012670916,0.009746858,0.016569659,0.011208887,0.01510763,0.010721544,0.013158259,0.012670916,0.015594973,0.012183573,0.019493716,0.014132944,0.020468402,0.014132944,0.012670916,0.010234201,0.015594973,0.007310144,0.012183573,0.010721544,0.012670916,0.001949372,0.004873429,0.006822801,0.011208887,0.005360772,0.013645601,0.01169623,0.015594973,0.006822801,0.009746858,0.005360772,0.007797487,0.0034114,0.169025244,0.130662996,1
0.008514594,0.01419099,0.013244924,0.010406726,0.010406726,0.011352792,0.012298858,0.009933693,0.012771891,0.014664023,0.013717957,0.013244924,0.00473033,0.007568528,0.011352792,0.006622462,0.008514594,0.008987627,0.013717957,0.006622462,0.00946066,0.008987627,0.011825825,0.010879759,0.008041561,0.011352792,0.017029188,0.011825825,0.00946066,0.005203363,0.011825825,0.009933693,0.017502221,0.010879759,0.016556155,0.010879759,0.011352792,0.012298858,0.01419099,0.011825825,0.020340419,0.01419099,0.022232552,0.014664023,0.011825825,0.010406726,0.017029188,0.007568528,0.011825825,0.009933693,0.010879759,0.002365165,0.006622462,0.008514594,0.010406726,0.003784264,0.014664023,0.00946066,0.018448287,0.007095495,0.008987627,0.005676396,0.00946066,0.003784264,0.166139308,0.129514538,1
0.009587194,0.013119319,0.01261473,0.011100962,0.011100962,0.010596373,0.01261473,0.011100962,0.011100962,0.015137675,0.014633086,0.01261473,0.007064249,0.007064249,0.010596373,0.00605507,0.009587194,0.011100962,0.01261473,0.00605507,0.007064249,0.010596373,0.01211014,0.010091784,0.008073427,0.011605551,0.017660621,0.01211014,0.010091784,0.007568838,0.011605551,0.008578016,0.017156032,0.011100962,0.016651443,0.010596373,0.013623908,0.01211014,0.013623908,0.010596373,0.022201924,0.013623908,0.025229459,0.01261473,0.010596373,0.010091784,0.017660621,0.007064249,0.010091784,0.010091784,0.011605551,0.003027535,0.007064249,0.006559659,0.011100962,0.00605507,0.014128497,0.009587194,0.016651443,0.008073427,0.007064249,0.00605507,0.008578016,0.004036713,0.166863576,0.126206978,1
0.007961143,0.013268571,0.011676343,0.011676343,0.010614857,0.0111456,0.012207085,0.010614857,0.014330057,0.0148608,0.014330057,0.011676343,0.005838171,0.009022628,0.0111456,0.005307428,0.008491886,0.010084114,0.012737828,0.005838171,0.009022628,0.006899657,0.012207085,0.0111456,0.008491886,0.013268571,0.014330057,0.014330057,0.010614857,0.0074304,0.011676343,0.008491886,0.016453028,0.010614857,0.019106743,0.0111456,0.011676343,0.013799314,0.0148608,0.010614857,0.019106743,0.013268571,0.013268571,0.0148608,0.012207085,0.010084114,0.019106743,0.006899657,0.011676343,0.010614857,0.011676343,0.003184457,0.005838171,0.0074304,0.0111456,0.005838171,0.015391543,0.009553371,0.018045257,0.0074304,0.008491886,0.0037152,0.008491886,0.002653714,0.171387245,0.129624425,1
0.013904873,0.015822786,0.014863829,0.011986959,0.010069046,0.014384351,0.011507481,0.010069046,0.008630611,0.012466437,0.015343308,0.011986959,0.006233219,0.005274262,0.010069046,0.007192175,0.010548524,0.011986959,0.012466437,0.004794784,0.011028002,0.011028002,0.014384351,0.010069046,0.007671654,0.011507481,0.017261221,0.011986959,0.009110089,0.004794784,0.010548524,0.009110089,0.020138091,0.009110089,0.011028002,0.009110089,0.012466437,0.014863829,0.013904873,0.008630611,0.022535483,0.014863829,0.026850788,0.014384351,0.011028002,0.009110089,0.017261221,0.007671654,0.011986959,0.009110089,0.010069046,0.00287687,0.006233219,0.006233219,0.008630611,0.004794784,0.010548524,0.011028002,0.018699656,0.007192175,0.007671654,0.006712697,0.009589567,0.003356349,0.164921672,0.129286178,1
0.008846733,0.0132701,0.012778614,0.009829703,0.010812674,0.009829703,0.01425307,0.008355248,0.012287129,0.013761585,0.012287129,0.01425307,0.006389307,0.009338218,0.009829703,0.007372278,0.010321189,0.009338218,0.012778614,0.005406337,0.007863763,0.009829703,0.008846733,0.011304159,0.007372278,0.011304159,0.021133862,0.012287129,0.008355248,0.006880792,0.012287129,0.008355248,0.013761585,0.009338218,0.01425307,0.015727525,0.011795644,0.011795644,0.013761585,0.009829703,0.018676436,0.01523604,0.020642377,0.01523604,0.012778614,0.010812674,0.014744555,0.009338218,0.011795644,0.011304159,0.012287129,0.001965941,0.007372278,0.006880792,0.01523604,0.006389307,0.014744555,0.006880792,0.015727525,0.005897822,0.009829703,0.008846733,0.006389307,0.004914852,0.167168395,0.131482268,1
0.009264336,0.011323078,0.012867134,0.010808392,0.010808392,0.010293707,0.012867134,0.008749651,0.011837763,0.01441119,0.011323078,0.013381819,0.008234966,0.00772028,0.011323078,0.008234966,0.009779022,0.009779022,0.012352449,0.006176224,0.00772028,0.010293707,0.009264336,0.010293707,0.008234966,0.011837763,0.020072729,0.011837763,0.007205595,0.00669091,0.011323078,0.009264336,0.012867134,0.009779022,0.01441119,0.015955246,0.012352449,0.010808392,0.01441119,0.009264336,0.020072729,0.013381819,0.020072729,0.014925875,0.011837763,0.010293707,0.014925875,0.009779022,0.012352449,0.011837763,0.011323078,0.002573427,0.00669091,0.006176224,0.015440561,0.006176224,0.013381819,0.007205595,0.016984617,0.00669091,0.010808392,0.009779022,0.00669091,0.004632168,0.169193175,0.131349428,1
0.008730383,0.014379454,0.010784591,0.010271039,0.011811695,0.009757487,0.013865902,0.008730383,0.011298143,0.010784591,0.010784591,0.01592011,0.006162623,0.008730383,0.010271039,0.008216831,0.010271039,0.009757487,0.012325247,0.005649071,0.007189727,0.011811695,0.009757487,0.011811695,0.007189727,0.011298143,0.020542078,0.011811695,0.009243935,0.006676175,0.011811695,0.008730383,0.014379454,0.008216831,0.013352351,0.015406558,0.011811695,0.011298143,0.011811695,0.009243935,0.017974318,0.014893006,0.022082734,0.014893006,0.010271039,0.010784591,0.01592011,0.011811695,0.010784591,0.011811695,0.012325247,0.002054208,0.007189727,0.007703279,0.015406558,0.006676175,0.015406558,0.007189727,0.016433662,0.005649071,0.011298143,0.010784591,0.006676175,0.004621967,0.166163071,0.131297869,1
0.008384395,0.013809591,0.012329992,0.010357194,0.011343593,0.010357194,0.014302791,0.008384395,0.009863994,0.012823192,0.012329992,0.014302791,0.005918396,0.005918396,0.009863994,0.006904796,0.009863994,0.010357194,0.011836793,0.005425197,0.007397995,0.012329992,0.010850393,0.011836793,0.007397995,0.011343593,0.021207587,0.013809591,0.008384395,0.006904796,0.011836793,0.007397995,0.015289191,0.009863994,0.013316392,0.010850393,0.011836793,0.012329992,0.013316392,0.009863994,0.01676879,0.01627559,0.024166785,0.017755189,0.010850393,0.011836793,0.017261989,0.011343593,0.011343593,0.010357194,0.011343593,0.001972799,0.006904796,0.007397995,0.015289191,0.004438797,0.015289191,0.006904796,0.017261989,0.005918396,0.009863994,0.009370794,0.006411596,0.004931997,0.166390596,0.130306639,1
0.008814154,0.012731556,0.012731556,0.009793505,0.010772855,0.009303829,0.014200582,0.008324479,0.011752206,0.014200582,0.011752206,0.014200582,0.006365778,0.009303829,0.009793505,0.007345129,0.01028318,0.009303829,0.012731556,0.005386428,0.007834804,0.01028318,0.009303829,0.01126253,0.007345129,0.01126253,0.021056035,0.012731556,0.008324479,0.006855453,0.012241881,0.008324479,0.013710907,0.009303829,0.014200582,0.015669607,0.011752206,0.012241881,0.013710907,0.009793505,0.019097334,0.015179932,0.021056035,0.015179932,0.013221231,0.010772855,0.014690257,0.009303829,0.01126253,0.01126253,0.012241881,0.001958701,0.007345129,0.006855453,0.015179932,0.006365778,0.014690257,0.006855453,0.016648958,0.005876103,0.009303829,0.008814154,0.006855453,0.005386428,0.167103675,0.131191715,1
0.008384395,0.013809591,0.012329992,0.010357194,0.011343593,0.010357194,0.014302791,0.008384395,0.009863994,0.012823192,0.012329992,0.014302791,0.005918396,0.005918396,0.009863994,0.006904796,0.009863994,0.010357194,0.011836793,0.005425197,0.007397995,0.012329992,0.010850393,0.011836793,0.007397995,0.011343593,0.021207587,0.013809591,0.008384395,0.006904796,0.011836793,0.007397995,0.015289191,0.009863994,0.013316392,0.010850393,0.011836793,0.012329992,0.013316392,0.009863994,0.01676879,0.01627559,0.024166785,0.017755189,0.010850393,0.011836793,0.017261989,0.011343593,0.011343593,0.010357194,0.011343593,0.001972799,0.006904796,0.007397995,0.015289191,0.004438797,0.015289191,0.006904796,0.017261989,0.005918396,0.009863994,0.009370794,0.006411596,0.004931997,0.166390596,0.130306639,1
0.008904593,0.01335689,0.011872791,0.010883392,0.011872791,0.009893992,0.01286219,0.009893992,0.010388692,0.011872791,0.011872791,0.016325087,0.006925795,0.008409894,0.010388692,0.007420494,0.011378091,0.009893992,0.01236749,0.005441696,0.008409894,0.010883392,0.009399293,0.010883392,0.006925795,0.010388692,0.019787985,0.011872791,0.008409894,0.005936395,0.01236749,0.008904593,0.01335689,0.009893992,0.01335689,0.014346289,0.011872791,0.011378091,0.01236749,0.008904593,0.017809186,0.015335688,0.021766783,0.015335688,0.011378091,0.011378091,0.015830388,0.010388692,0.010883392,0.011378091,0.01286219,0.002473498,0.006925795,0.007420494,0.014346289,0.005936395,0.015830388,0.006925795,0.016819787,0.005936395,0.010883392,0.008904593,0.006925795,0.005441696,0.166810814,0.132199826,1
0.00816232,0.014404094,0.012003411,0.010082865,0.011043138,0.011043138,0.013923957,0.008642456,0.009602729,0.012483548,0.012483548,0.013923957,0.005761637,0.006241774,0.009602729,0.00672191,0.010082865,0.010563002,0.011523275,0.005281501,0.007202047,0.012003411,0.010563002,0.012963684,0.007202047,0.011043138,0.021126004,0.013443821,0.00816232,0.007202047,0.012483548,0.008642456,0.015364366,0.009602729,0.013443821,0.011043138,0.011523275,0.012003411,0.013443821,0.010082865,0.017284912,0.016324639,0.024486959,0.017284912,0.011043138,0.011523275,0.016804776,0.011043138,0.011043138,0.010082865,0.011523275,0.001920546,0.007682183,0.007682183,0.01488423,0.004801365,0.015364366,0.007202047,0.017284912,0.005761637,0.009602729,0.010082865,0.00672191,0.005761637,0.16508118,0.129598372,1
0.010250329,0.011958718,0.014806031,0.011389255,0.009111404,0.007972478,0.01252818,0.009111404,0.013097643,0.014806031,0.010819792,0.014806031,0.006833553,0.010819792,0.010250329,0.008541941,0.010819792,0.006833553,0.013097643,0.005125165,0.007403016,0.009680867,0.007403016,0.010819792,0.00626409,0.010250329,0.021070121,0.011958718,0.008541941,0.006833553,0.01252818,0.008541941,0.014806031,0.008541941,0.013097643,0.017653345,0.01252818,0.010819792,0.013097643,0.009680867,0.019931196,0.013667106,0.020500659,0.014236569,0.01252818,0.010250329,0.015375494,0.009111404,0.01252818,0.011389255,0.01252818,0.002277851,0.006833553,0.006833553,0.016514419,0.006833553,0.014806031,0.007403016,0.015944957,0.00626409,0.010819792,0.009111404,0.00626409,0.005125165,0.166269678,0.132152226,1
0.009445705,0.012428559,0.012925701,0.010439989,0.011434274,0.009942847,0.013919986,0.00845142,0.011931416,0.013919986,0.010937132,0.013422843,0.007954277,0.007457135,0.011434274,0.007954277,0.009445705,0.010439989,0.012428559,0.00646285,0.007457135,0.009942847,0.008948562,0.010439989,0.00845142,0.012428559,0.019885694,0.011434274,0.007954277,0.006959993,0.011434274,0.008948562,0.013919986,0.009445705,0.013919986,0.015411413,0.012428559,0.010937132,0.014417128,0.009942847,0.018891409,0.014417128,0.020382836,0.01491427,0.011434274,0.010439989,0.01491427,0.009445705,0.012428559,0.011434274,0.010937132,0.002485712,0.007457135,0.005965708,0.01491427,0.00646285,0.013422843,0.006959993,0.017399982,0.00646285,0.010439989,0.009445705,0.00646285,0.004474281,0.169374285,0.131146438,1
0.012837189,0.012837189,0.011720912,0.011720912,0.011162773,0.010604635,0.012837189,0.00837208,0.010604635,0.013953467,0.011720912,0.012837189,0.006697664,0.007255803,0.012279051,0.00837208,0.011162773,0.010604635,0.011720912,0.006139525,0.010046496,0.015069744,0.011162773,0.011162773,0.006697664,0.010604635,0.019534854,0.011720912,0.008930219,0.007813941,0.010604635,0.005581387,0.014511606,0.010046496,0.013953467,0.012837189,0.012837189,0.013953467,0.009488357,0.00837208,0.018976715,0.013395328,0.022883686,0.01674416,0.011162773,0.008930219,0.01674416,0.010604635,0.010604635,0.009488357,0.011720912,0.003906971,0.005581387,0.007813941,0.015069744,0.005023248,0.015069744,0.007255803,0.017860438,0.006139525,0.00837208,0.009488357,0.006697664,0.003906971,0.165390092,0.130797041,1
0.010672465,0.015038474,0.012612913,0.009702241,0.011157577,0.012127801,0.012127801,0.008732017,0.010187353,0.01406825,0.013583138,0.013098026,0.004851121,0.006306457,0.010187353,0.006306457,0.011157577,0.011157577,0.012127801,0.005821345,0.010187353,0.012612913,0.010187353,0.013583138,0.007761793,0.011157577,0.01891937,0.011642689,0.006306457,0.009217129,0.012612913,0.008246905,0.015523586,0.009702241,0.015038474,0.010187353,0.012127801,0.013583138,0.013098026,0.009702241,0.016978922,0.015523586,0.025225827,0.018434258,0.012127801,0.009702241,0.01649381,0.010187353,0.010672465,0.008246905,0.011157577,0.001940448,0.006791569,0.008246905,0.01406825,0.004366009,0.015523586,0.007761793,0.018434258,0.005336233,0.008246905,0.008246905,0.007761793,0.004851121,0.162362219,0.128889065,1
0.012243469,0.012799991,0.012243469,0.011686948,0.011130427,0.010573905,0.012799991,0.009460863,0.010573905,0.013913033,0.010573905,0.013356512,0.006678256,0.006678256,0.012243469,0.00834782,0.011686948,0.010573905,0.011686948,0.006121735,0.010017384,0.013913033,0.010573905,0.011130427,0.005565213,0.010017384,0.019478246,0.011686948,0.00834782,0.00834782,0.011130427,0.006121735,0.014469555,0.010017384,0.013356512,0.011686948,0.012799991,0.012799991,0.009460863,0.00834782,0.018365204,0.012799991,0.023930417,0.017808682,0.011686948,0.009460863,0.01669564,0.011130427,0.010573905,0.010017384,0.011130427,0.004452171,0.006121735,0.00834782,0.013913033,0.005008692,0.015026076,0.006678256,0.019478246,0.006121735,0.009460863,0.008904341,0.007234777,0.004452171,0.165777156,0.130779887,1
0.012115274,0.013695527,0.012115274,0.01000827,0.010535021,0.011061772,0.012642025,0.009481519,0.011061772,0.012642025,0.012115274,0.014222279,0.005794262,0.007901266,0.010535021,0.007901266,0.011061772,0.010535021,0.012115274,0.006321013,0.010535021,0.012115274,0.008954768,0.011061772,0.007901266,0.011588523,0.019489789,0.011061772,0.009481519,0.007374515,0.012115274,0.006847764,0.013695527,0.010535021,0.01474903,0.012642025,0.012642025,0.012115274,0.012642025,0.009481519,0.018436287,0.01474903,0.022123544,0.015802532,0.010535021,0.009481519,0.016856034,0.010535021,0.011061772,0.008954768,0.011061772,0.003160506,0.005794262,0.007374515,0.015802532,0.005794262,0.014222279,0.007901266,0.017382785,0.006847764,0.008428017,0.01000827,0.006847764,0.004214008,0.164805576,0.130928261,1
0.011410484,0.013891024,0.011906592,0.010418268,0.011410484,0.011410484,0.012898808,0.008433836,0.00992216,0.01488324,0.0124027,0.013891024,0.005953296,0.006945512,0.010914376,0.00744162,0.010914376,0.010914376,0.012898808,0.005953296,0.009426052,0.010914376,0.008929944,0.012898808,0.006945512,0.010418268,0.018852103,0.011410484,0.008929944,0.00744162,0.011906592,0.006945512,0.014387132,0.010418268,0.013891024,0.011410484,0.013394916,0.012898808,0.011906592,0.008929944,0.017859887,0.01488324,0.023813183,0.017363779,0.011906592,0.009426052,0.016371563,0.010418268,0.010914376,0.008929944,0.0124027,0.003472756,0.006449404,0.00744162,0.013891024,0.00496108,0.01488324,0.006945512,0.018852103,0.005457188,0.008929944,0.008929944,0.006945512,0.00496108,0.165403954,0.131114923,1
0.013379418,0.013379418,0.012797704,0.011052563,0.011052563,0.010470849,0.010470849,0.010470849,0.011634277,0.012797704,0.01221599,0.013961132,0.006398852,0.00756228,0.010470849,0.008725707,0.011634277,0.009889135,0.012797704,0.005817138,0.010470849,0.01221599,0.009307421,0.011634277,0.006398852,0.011052563,0.017451415,0.011052563,0.008143994,0.008143994,0.012797704,0.006980566,0.014542846,0.009889135,0.013961132,0.012797704,0.012797704,0.012797704,0.010470849,0.009307421,0.017451415,0.013961132,0.022105126,0.015706273,0.011052563,0.009889135,0.018033129,0.009889135,0.011052563,0.009307421,0.011052563,0.003490283,0.005817138,0.008143994,0.015706273,0.004653711,0.015706273,0.00756228,0.017451415,0.00756228,0.009307421,0.009307421,0.006980566,0.004653711,0.164343545,0.130619294,1
0.012162929,0.012715789,0.012162929,0.011610068,0.011057208,0.010504347,0.012715789,0.009398627,0.010504347,0.01437437,0.010504347,0.013268649,0.006634325,0.006634325,0.012162929,0.008292906,0.011610068,0.010504347,0.011610068,0.006081464,0.009951487,0.01382151,0.010504347,0.011057208,0.005528604,0.009951487,0.020455834,0.011610068,0.008292906,0.008292906,0.011057208,0.006081464,0.01437437,0.010504347,0.013268649,0.011610068,0.012715789,0.012715789,0.010504347,0.008292906,0.018797253,0.013268649,0.023772997,0.017691533,0.011610068,0.009398627,0.016585812,0.011057208,0.010504347,0.009951487,0.011057208,0.004422883,0.006081464,0.008292906,0.01382151,0.004975744,0.014927231,0.006634325,0.019350114,0.006081464,0.009398627,0.008845766,0.007187185,0.004422883,0.165781549,0.130980034,1
0.012715935,0.012715935,0.012137938,0.010981944,0.011559941,0.010981944,0.011559941,0.009247952,0.010403947,0.013293932,0.011559941,0.012137938,0.005201973,0.007513961,0.012137938,0.008669955,0.011559941,0.010981944,0.011559941,0.006357967,0.00982595,0.012715935,0.011559941,0.010981944,0.006935964,0.010981944,0.019651899,0.011559941,0.008669955,0.008091958,0.010981944,0.006935964,0.013293932,0.010403947,0.012715935,0.012715935,0.013293932,0.012715935,0.00982595,0.00982595,0.016761914,0.013293932,0.024275875,0.017917908,0.010403947,0.00982595,0.017339911,0.010981944,0.010403947,0.009247952,0.010981944,0.003467982,0.00577997,0.008669955,0.016183917,0.004623976,0.015027923,0.008091958,0.016761914,0.006935964,0.00982595,0.010403947,0.006357967,0.003467982,0.165220771,0.130778846,1
0.010880109,0.014836512,0.01285831,0.008901907,0.011374659,0.009891008,0.01335286,0.009396457,0.011374659,0.01285831,0.013847411,0.014836512,0.005440054,0.007418256,0.009396457,0.007418256,0.010385558,0.010385558,0.01285831,0.005934605,0.009396457,0.010385558,0.008407357,0.011869209,0.007418256,0.01236376,0.018792915,0.011374659,0.009396457,0.008407357,0.01285831,0.007418256,0.014341961,0.010385558,0.015331062,0.011869209,0.01236376,0.01236376,0.01335286,0.010385558,0.018792915,0.015825612,0.021760217,0.015331062,0.011374659,0.009396457,0.016320163,0.010385558,0.011869209,0.008407357,0.011374659,0.002967302,0.006429155,0.007418256,0.014836512,0.006429155,0.014341961,0.007418256,0.017309264,0.005934605,0.008901907,0.009891008,0.006429155,0.003956403,0.164566729,0.13020442,1
0.011630351,0.014537939,0.012599547,0.009691959,0.011145753,0.010661155,0.012599547,0.009207362,0.011145753,0.012599547,0.013084145,0.014537939,0.005815176,0.008238166,0.009691959,0.007753568,0.010661155,0.010176557,0.013084145,0.005815176,0.009691959,0.011145753,0.009207362,0.011145753,0.008238166,0.011145753,0.018899321,0.011145753,0.008722764,0.00726897,0.012599547,0.00726897,0.014537939,0.010176557,0.014053341,0.013084145,0.012599547,0.012114949,0.012599547,0.009691959,0.017930125,0.015991733,0.023260703,0.015507135,0.012114949,0.009207362,0.015991733,0.010176557,0.011630351,0.008722764,0.011630351,0.002907588,0.006299774,0.00726897,0.015022537,0.005815176,0.014053341,0.00726897,0.017445527,0.006299774,0.008238166,0.009691959,0.006784372,0.005330578,0.164216098,0.131178446,1
0.010909685,0.01140558,0.016364528,0.012893264,0.010909685,0.009422001,0.012893264,0.008430211,0.010909685,0.015868633,0.012893264,0.011901475,0.007438422,0.008430211,0.01239737,0.007438422,0.01140558,0.01041379,0.01239737,0.007438422,0.007438422,0.006942527,0.01041379,0.009917896,0.008430211,0.009422001,0.018348107,0.012893264,0.008926106,0.005950737,0.012893264,0.007438422,0.018348107,0.009917896,0.01239737,0.01239737,0.017356317,0.011901475,0.014876843,0.008926106,0.021323476,0.012893264,0.018844002,0.01239737,0.01041379,0.01140558,0.015868633,0.007934317,0.010909685,0.009917896,0.01041379,0.002975369,0.006446632,0.006446632,0.010909685,0.007934317,0.01239737,0.014380949,0.015372738,0.008430211,0.007438422,0.005950737,0.009422001,0.002975369,0.170728967,0.128571707,1
0.009674039,0.013059952,0.016445866,0.011608846,0.011125145,0.009190337,0.013059952,0.008706635,0.010157741,0.015962164,0.014027356,0.011125145,0.005804423,0.007255529,0.01257625,0.006288125,0.012092548,0.009674039,0.012092548,0.007739231,0.007255529,0.007739231,0.010641443,0.011125145,0.008706635,0.009190337,0.020315481,0.010641443,0.008706635,0.008222933,0.01257625,0.008222933,0.017896972,0.010641443,0.013059952,0.010641443,0.01741327,0.013059952,0.01499476,0.009674039,0.019831779,0.01499476,0.018864376,0.014027356,0.009190337,0.011125145,0.01741327,0.008222933,0.011125145,0.008706635,0.009674039,0.001934808,0.005804423,0.006771827,0.010157741,0.008222933,0.013543654,0.01499476,0.014511058,0.010157741,0.007739231,0.004353317,0.010641443,0.00241851,0.168614275,0.128566811,1
0.012244073,0.011661022,0.017491532,0.012244073,0.008745766,0.009328817,0.011661022,0.009328817,0.01107797,0.016908481,0.014576277,0.012827124,0.00524746,0.008162715,0.011661022,0.008162715,0.012827124,0.006996613,0.013993226,0.006996613,0.008162715,0.008745766,0.01107797,0.009328817,0.010494919,0.01107797,0.016908481,0.011661022,0.008745766,0.007579664,0.009328817,0.008162715,0.017491532,0.011661022,0.013993226,0.010494919,0.017491532,0.012827124,0.015742379,0.008745766,0.019240686,0.013993226,0.016908481,0.013410175,0.01107797,0.009911868,0.016908481,0.008745766,0.01107797,0.008745766,0.009911868,0.003498306,0.006413562,0.006413562,0.011661022,0.006413562,0.012827124,0.012244073,0.015159328,0.008745766,0.008162715,0.00524746,0.011661022,0.002915255,0.168154553,0.128685849,1
0.009390839,0.013616716,0.017373052,0.011269007,0.011269007,0.009860381,0.013147174,0.007512671,0.010799465,0.015494884,0.014086258,0.011269007,0.005634503,0.007512671,0.01220809,0.006573587,0.011738549,0.009390839,0.01220809,0.007512671,0.007043129,0.007982213,0.010799465,0.011269007,0.008451755,0.009390839,0.020190303,0.011269007,0.009390839,0.007043129,0.012677632,0.007982213,0.018312136,0.010329923,0.012677632,0.010799465,0.01690351,0.012677632,0.0145558,0.010329923,0.018781678,0.015964426,0.01925122,0.0145558,0.010329923,0.011269007,0.016433968,0.007982213,0.01220809,0.008451755,0.008921297,0.00234771,0.005634503,0.006573587,0.010799465,0.007982213,0.014086258,0.013616716,0.015025342,0.009390839,0.006573587,0.005164961,0.010799465,0.002817252,0.168203689,0.128892024,1
0.008396679,0.012128536,0.016326875,0.010262607,0.010729089,0.009796125,0.013994464,0.006997232,0.008396679,0.017259839,0.013994464,0.010729089,0.005597786,0.006997232,0.011195572,0.006064268,0.010262607,0.010262607,0.012128536,0.006997232,0.006997232,0.009796125,0.012595018,0.011195572,0.010729089,0.010729089,0.01959225,0.014460947,0.007463714,0.005131304,0.013994464,0.006997232,0.016793357,0.011195572,0.012595018,0.010729089,0.015393911,0.013994464,0.015860393,0.010729089,0.019125768,0.016326875,0.020991697,0.014927429,0.011195572,0.0130615,0.016326875,0.008396679,0.011662054,0.007930196,0.008863161,0.001865929,0.00653075,0.006997232,0.0130615,0.004664821,0.0130615,0.011662054,0.016793357,0.009329643,0.006064268,0.006064268,0.009329643,0.002332411,0.168908076,0.129036293,1
0.010709419,0.011219391,0.016319115,0.012749308,0.010709419,0.010199447,0.012239336,0.008159557,0.010709419,0.01733906,0.013259281,0.012749308,0.006119668,0.00662964,0.011219391,0.00662964,0.012239336,0.009689474,0.014279226,0.00662964,0.008159557,0.008159557,0.010199447,0.011219391,0.010709419,0.010199447,0.01733906,0.011729364,0.008159557,0.00866953,0.011219391,0.008159557,0.016829087,0.011219391,0.013769253,0.00866953,0.017849032,0.013259281,0.016319115,0.010199447,0.016319115,0.016319115,0.016829087,0.013259281,0.011219391,0.010709419,0.016829087,0.008159557,0.011219391,0.009179502,0.009689474,0.002549862,0.00662964,0.006119668,0.010709419,0.00662964,0.012749308,0.013769253,0.01529917,0.009179502,0.007139613,0.004079779,0.011729364,0.002549862,0.170376511,0.128921494,1
0.010976477,0.011974339,0.016963646,0.011974339,0.010477546,0.008980754,0.012473269,0.009479685,0.011974339,0.015466854,0.014967923,0.012473269,0.006985031,0.007483962,0.010976477,0.0064861,0.009978615,0.009479685,0.013970062,0.007483962,0.007483962,0.008980754,0.010477546,0.009978615,0.008980754,0.008980754,0.017462577,0.010976477,0.008481823,0.007483962,0.013471131,0.007982892,0.018959369,0.009978615,0.014967923,0.009978615,0.015965785,0.011475408,0.014468992,0.010477546,0.020955092,0.0129722,0.018460439,0.013471131,0.009978615,0.010976477,0.016963646,0.008980754,0.011974339,0.009978615,0.008980754,0.002494654,0.006985031,0.007483962,0.008980754,0.007483962,0.012473269,0.014967923,0.014967923,0.009978615,0.007483962,0.004989308,0.010976477,0.004989308,0.167596629,0.126416327,1
0.010589071,0.012261029,0.017276905,0.01170371,0.01114639,0.009474432,0.012818349,0.008359793,0.010031751,0.017276905,0.013932988,0.010031751,0.006130515,0.006687834,0.01170371,0.007245154,0.012818349,0.009474432,0.012818349,0.007245154,0.007245154,0.008917112,0.012261029,0.010589071,0.007802473,0.010589071,0.018391544,0.01170371,0.008917112,0.007245154,0.012261029,0.007802473,0.017276905,0.010031751,0.01170371,0.010031751,0.018391544,0.013375668,0.014490307,0.010031751,0.017834224,0.014490307,0.021735461,0.013932988,0.010589071,0.010031751,0.016162266,0.008917112,0.01114639,0.010031751,0.009474432,0.002786598,0.006130515,0.006687834,0.008917112,0.007245154,0.013375668,0.013932988,0.013932988,0.010031751,0.007802473,0.005015876,0.01114639,0.002229278,0.170382513,0.127952235,1
0.012123434,0.012123434,0.016002932,0.01454812,0.00921381,0.008728872,0.013578246,0.008243935,0.012123434,0.01648787,0.015033058,0.008243935,0.00921381,0.005334311,0.014063183,0.009698747,0.013093308,0.007758998,0.009698747,0.006304185,0.008243935,0.006304185,0.00921381,0.010668622,0.009698747,0.008243935,0.015517995,0.013578246,0.00727406,0.005334311,0.013093308,0.006304185,0.019882431,0.010668622,0.013578246,0.012608371,0.015033058,0.013093308,0.016972807,0.007758998,0.020367368,0.01454812,0.019397494,0.014063183,0.012123434,0.007758998,0.016972807,0.00727406,0.009698747,0.00921381,0.012608371,0.004849373,0.004364436,0.006304185,0.00727406,0.005819248,0.01454812,0.013578246,0.018427619,0.008243935,0.007758998,0.005334311,0.010183684,0.003879499,0.17199461,0.128725738,1
0.009932187,0.011918624,0.017381327,0.012415233,0.010428796,0.008938968,0.011918624,0.00744914,0.010428796,0.018374545,0.01489828,0.011918624,0.006952531,0.006455921,0.011918624,0.005959312,0.011422015,0.009435577,0.013905061,0.006952531,0.005959312,0.007945749,0.010428796,0.011422015,0.009932187,0.009932187,0.017877936,0.009932187,0.009435577,0.008938968,0.012415233,0.008442359,0.017381327,0.009932187,0.01489828,0.008442359,0.019367764,0.012911843,0.013905061,0.012415233,0.018374545,0.015394889,0.018374545,0.013905061,0.009435577,0.010925405,0.015394889,0.008938968,0.012911843,0.00744914,0.009435577,0.003476265,0.005959312,0.006455921,0.011422015,0.00744914,0.011918624,0.01489828,0.01489828,0.008938968,0.00744914,0.004966093,0.010925405,0.002483047,0.168244771,0.129053023,1
0.010532075,0.012446998,0.016276844,0.014840652,0.009095883,0.009574614,0.01340446,0.010053345,0.012446998,0.012925729,0.014361921,0.011010806,0.008138422,0.00670223,0.015319382,0.009095883,0.010053345,0.009095883,0.009095883,0.008138422,0.008617153,0.00670223,0.010053345,0.00718096,0.010532075,0.008138422,0.014361921,0.009095883,0.00670223,0.005266038,0.011968267,0.010053345,0.019149228,0.009574614,0.015798113,0.012446998,0.011489537,0.011010806,0.011010806,0.010532075,0.020106689,0.011968267,0.025851458,0.015319382,0.01388319,0.008617153,0.014361921,0.008138422,0.014361921,0.011010806,0.009574614,0.003829846,0.00670223,0.005266038,0.007659691,0.006223499,0.01388319,0.011010806,0.018670497,0.009574614,0.010053345,0.005266038,0.011968267,0.005744768,0.169172977,0.12948655,1
0.010619097,0.011124768,0.016181481,0.014664467,0.010619097,0.008596412,0.011630439,0.009102083,0.014158796,0.013653124,0.014664467,0.012641782,0.007079398,0.007585069,0.016687152,0.006068055,0.009607754,0.009102083,0.009607754,0.010113425,0.008596412,0.007079398,0.010113425,0.007079398,0.010113425,0.009102083,0.014158796,0.009102083,0.005562384,0.006068055,0.010619097,0.010619097,0.020732522,0.010113425,0.017192823,0.011124768,0.012641782,0.011124768,0.011630439,0.012136111,0.01972118,0.011124768,0.022755207,0.015170138,0.013653124,0.008596412,0.017192823,0.008596412,0.011124768,0.009607754,0.012136111,0.001517014,0.006573727,0.006068055,0.009102083,0.005056713,0.015170138,0.013653124,0.017192823,0.011124768,0.00809074,0.004551041,0.012641782,0.005562384,0.168729778,0.126870137,1
0.011454225,0.011974872,0.018222631,0.015098752,0.008850992,0.007289053,0.013016165,0.009892286,0.011974872,0.014057459,0.015098752,0.011974872,0.008850992,0.006247759,0.014578105,0.007809699,0.010412932,0.007809699,0.010933579,0.006768406,0.007809699,0.006247759,0.008330346,0.007809699,0.008330346,0.008850992,0.014057459,0.009892286,0.006768406,0.006247759,0.011974872,0.011974872,0.019784571,0.009892286,0.015619398,0.010933579,0.013016165,0.011454225,0.010933579,0.013536812,0.019784571,0.013536812,0.024470391,0.014057459,0.011974872,0.008330346,0.015619398,0.008330346,0.015098752,0.009371639,0.008330346,0.004165173,0.006247759,0.005206466,0.008850992,0.005727113,0.016140045,0.012495519,0.018222631,0.008330346,0.009371639,0.005206466,0.013016165,0.006247759,0.167550766,0.128535015,1
0.010955382,0.013146458,0.016433073,0.012598689,0.006573229,0.007668767,0.014241996,0.009859844,0.013694227,0.014241996,0.014789766,0.011503151,0.007668767,0.007120998,0.013146458,0.007668767,0.008216536,0.00602546,0.010407613,0.006573229,0.007668767,0.007668767,0.010955382,0.008764306,0.010955382,0.011503151,0.015337535,0.009859844,0.007668767,0.006573229,0.012598689,0.008764306,0.018624149,0.010955382,0.01807638,0.012598689,0.011503151,0.012598689,0.01205092,0.01205092,0.021910764,0.01205092,0.027388455,0.014789766,0.012598689,0.008216536,0.017528611,0.006573229,0.015337535,0.008216536,0.009312075,0.003834384,0.005477691,0.007120998,0.009859844,0.004929922,0.013694227,0.010955382,0.018624149,0.008764306,0.008764306,0.005477691,0.008764306,0.005477691,0.165511269,0.129509905,1
0.011646816,0.01063405,0.017723416,0.015191499,0.010127666,0.00759575,0.012153199,0.01063405,0.012659583,0.015191499,0.014178733,0.011646816,0.008102133,0.0060766,0.015191499,0.007089366,0.011140433,0.009621283,0.009621283,0.007089366,0.008608516,0.007089366,0.0091149,0.00759575,0.0091149,0.008608516,0.012659583,0.010127666,0.006582983,0.005570216,0.011140433,0.012153199,0.018736183,0.009621283,0.016204266,0.011140433,0.012659583,0.012153199,0.010127666,0.012153199,0.019748949,0.011646816,0.025319166,0.014178733,0.013165966,0.0091149,0.016204266,0.008102133,0.013165966,0.01063405,0.010127666,0.0030383,0.0060766,0.005570216,0.0091149,0.005570216,0.014178733,0.011646816,0.018736183,0.01063405,0.0091149,0.005570216,0.012659583,0.006582983,0.168352215,0.1272686,1
0.01070081,0.012096568,0.018144852,0.013492326,0.009770305,0.0088398,0.013027073,0.0088398,0.01256182,0.013492326,0.013957578,0.01256182,0.008374547,0.006048284,0.014888083,0.007444042,0.009770305,0.009305052,0.01070081,0.007444042,0.008374547,0.006513537,0.009305052,0.007444042,0.007444042,0.008374547,0.014422831,0.011166063,0.006513537,0.005583031,0.011166063,0.012096568,0.018610104,0.009305052,0.014888083,0.011631315,0.011631315,0.011166063,0.01070081,0.013957578,0.017679599,0.014422831,0.024193136,0.013957578,0.013957578,0.007909294,0.014888083,0.009305052,0.015353336,0.009770305,0.0088398,0.004187273,0.007444042,0.005117779,0.008374547,0.005117779,0.016749094,0.011166063,0.017679599,0.008374547,0.009305052,0.006513537,0.013027073,0.006513537,0.169206057,0.129193008,1
0.009571571,0.011964464,0.015793092,0.015793092,0.01005015,0.008614414,0.012921621,0.01005015,0.011485885,0.013878778,0.013400199,0.011964464,0.008614414,0.0067001,0.015314514,0.009092993,0.011007307,0.009092993,0.01005015,0.008135835,0.008614414,0.0067001,0.009571571,0.007657257,0.008614414,0.009092993,0.013878778,0.009092993,0.007657257,0.005742943,0.011964464,0.008614414,0.017707406,0.009092993,0.015793092,0.011007307,0.012921621,0.011485885,0.011007307,0.011007307,0.019621721,0.011964464,0.025364663,0.014357357,0.013400199,0.007657257,0.014835935,0.009571571,0.014835935,0.011485885,0.009092993,0.004307207,0.0067001,0.005742943,0.007178678,0.005264364,0.013878778,0.011485885,0.018664564,0.01005015,0.01005015,0.004785786,0.012443042,0.004785786,0.171794036,0.129959855,1
0.011944869,0.013502896,0.015060922,0.015580264,0.008828817,0.00727079,0.012464212,0.010906185,0.011944869,0.013502896,0.014022238,0.011944869,0.006751448,0.00727079,0.014022238,0.008309474,0.010906185,0.00727079,0.010386843,0.007790132,0.007790132,0.006751448,0.007790132,0.009867501,0.009867501,0.008309474,0.01454158,0.008828817,0.00727079,0.006751448,0.011944869,0.010386843,0.020254344,0.008828817,0.016618949,0.010906185,0.012983554,0.011944869,0.011944869,0.010386843,0.01921566,0.012464212,0.024928423,0.016618949,0.010906185,0.008309474,0.01921566,0.008828817,0.012983554,0.009867501,0.009348159,0.001558026,0.006751448,0.006232106,0.009348159,0.005193421,0.015580264,0.012983554,0.019735002,0.009867501,0.008828817,0.005193421,0.012983554,0.005712764,0.165890691,0.127803987,1
0.011044701,0.011044701,0.01536654,0.014886336,0.010084292,0.009123883,0.012485314,0.009123883,0.010564497,0.01536654,0.015846745,0.011044701,0.008163475,0.006242657,0.01536654,0.008643679,0.009604088,0.010564497,0.010084292,0.009123883,0.010084292,0.006242657,0.00768327,0.008163475,0.008643679,0.008163475,0.012485314,0.009123883,0.006242657,0.005762453,0.011524905,0.011044701,0.018247767,0.009123883,0.016326949,0.010564497,0.012965519,0.011044701,0.010564497,0.01200511,0.020168584,0.012485314,0.024010219,0.01536654,0.01200511,0.00768327,0.016807154,0.009604088,0.013445723,0.010084292,0.011044701,0.003361431,0.006242657,0.005762453,0.00768327,0.005282248,0.014886336,0.010564497,0.01968838,0.010564497,0.011524905,0.005282248,0.012485314,0.005282248,0.169913886,0.128987705,1
0.012053268,0.012053268,0.017532026,0.014792647,0.008766013,0.007122385,0.012601143,0.010957516,0.012601143,0.014244771,0.014244771,0.011505392,0.008218137,0.00657451,0.014244771,0.007670261,0.01040964,0.007670261,0.009861764,0.00657451,0.008218137,0.00657451,0.008218137,0.008218137,0.009313889,0.008766013,0.014792647,0.009313889,0.007122385,0.00657451,0.012053268,0.011505392,0.019723529,0.01040964,0.016436274,0.011505392,0.011505392,0.012053268,0.010957516,0.012053268,0.020819281,0.012601143,0.026298039,0.014244771,0.011505392,0.008766013,0.015888398,0.008218137,0.014244771,0.009313889,0.008766013,0.003835131,0.006026634,0.005478758,0.01040964,0.006026634,0.015340522,0.011505392,0.018627777,0.008766013,0.009313889,0.006026634,0.012053268,0.007670261,0.165028279,0.128211934,1
0.009194096,0.013520729,0.016224875,0.011357412,0.009194096,0.010816583,0.013520729,0.011357412,0.0129799,0.014061558,0.01243907,0.011357412,0.005949121,0.009734925,0.010816583,0.00648995,0.01243907,0.009734925,0.0129799,0.005949121,0.010275754,0.008112437,0.009734925,0.010816583,0.011357412,0.010816583,0.014061558,0.010816583,0.007030779,0.007030779,0.0129799,0.007571608,0.01892902,0.010275754,0.014061558,0.014061558,0.015684045,0.011357412,0.01243907,0.007571608,0.021092337,0.0129799,0.024337312,0.017306533,0.009734925,0.010275754,0.019469849,0.007030779,0.009734925,0.011357412,0.007571608,0.001622487,0.00648995,0.008653266,0.011357412,0.004867462,0.011898241,0.009194096,0.024878141,0.007030779,0.007571608,0.004326633,0.009194096,0.004326633,0.164412182,0.128183289,1
0.008336766,0.012750348,0.01471194,0.011279154,0.00980796,0.01225995,0.013240746,0.010788756,0.011769552,0.013731144,0.012750348,0.011769552,0.006375174,0.008336766,0.010298358,0.006865572,0.010788756,0.010788756,0.012750348,0.006375174,0.011279154,0.007846368,0.009317562,0.010788756,0.010298358,0.010298358,0.015692736,0.010298358,0.007846368,0.006375174,0.013240746,0.008827164,0.018144726,0.010788756,0.013731144,0.01225995,0.013731144,0.011769552,0.011769552,0.009317562,0.021577512,0.012750348,0.025500696,0.016673532,0.010298358,0.00980796,0.01716393,0.009317562,0.00980796,0.011769552,0.008827164,0.001961592,0.005884776,0.00735597,0.011769552,0.005394378,0.011279154,0.00980796,0.022558308,0.008336766,0.007846368,0.005884776,0.011279154,0.003432786,0.165186005,0.129131286,1
0.009018684,0.014323792,0.016445835,0.011140727,0.010079706,0.009549195,0.01273226,0.011671238,0.012201749,0.014854303,0.01273226,0.011671238,0.00636613,0.009549195,0.009549195,0.007427151,0.012201749,0.009018684,0.01273226,0.00636613,0.009549195,0.008488173,0.010079706,0.010079706,0.010610216,0.011140727,0.015384814,0.010610216,0.007957662,0.00636613,0.01326277,0.008488173,0.0196289,0.010079706,0.014323792,0.01273226,0.014854303,0.011671238,0.01273226,0.007957662,0.021750944,0.011671238,0.023342476,0.016445835,0.010079706,0.010079706,0.018037368,0.007957662,0.010079706,0.010610216,0.007957662,0.002652554,0.005835619,0.007957662,0.012201749,0.00636613,0.012201749,0.009549195,0.022281454,0.007427151,0.006896641,0.00636613,0.010610216,0.003713576,0.164305122,0.127993444,1
0.008301274,0.012696066,0.014649307,0.010742825,0.009766205,0.012207756,0.013672686,0.010254515,0.012696066,0.014160997,0.012207756,0.010742825,0.005859723,0.008301274,0.010742825,0.006348033,0.010742825,0.011719445,0.013184376,0.006348033,0.010742825,0.008301274,0.010254515,0.011231135,0.010742825,0.010742825,0.015625927,0.010254515,0.007812964,0.006836343,0.014160997,0.007324653,0.018067478,0.009766205,0.014160997,0.012207756,0.015137617,0.012207756,0.012696066,0.009766205,0.019532409,0.014160997,0.026368752,0.017579168,0.010254515,0.010254515,0.018067478,0.007324653,0.009277894,0.011719445,0.007812964,0.001953241,0.006348033,0.007812964,0.010742825,0.004883102,0.011231135,0.010742825,0.023438891,0.007324653,0.006836343,0.004394792,0.009766205,0.004394792,0.165781546,0.128610174,1
0.008475883,0.013184707,0.016010002,0.010830295,0.010359413,0.012242942,0.013184707,0.00988853,0.010830295,0.01365559,0.014597355,0.011301178,0.006121471,0.008946766,0.010359413,0.005179706,0.011301178,0.012713825,0.01177206,0.005650589,0.011301178,0.010359413,0.012713825,0.00988853,0.010359413,0.011301178,0.016480884,0.010830295,0.007063236,0.007063236,0.013184707,0.006592354,0.018835296,0.00988853,0.01365559,0.01177206,0.013184707,0.01365559,0.013184707,0.00988853,0.020247943,0.015068237,0.024015003,0.016951767,0.01177206,0.009417648,0.018364414,0.007534118,0.00988853,0.00988853,0.008475883,0.002354412,0.006592354,0.008005001,0.00988853,0.004237942,0.012713825,0.00988853,0.021660591,0.008005001,0.005650589,0.003296177,0.010359413,0.002825294,0.166113518,0.128975524,1
0.007962922,0.014052215,0.015457436,0.010304958,0.011241772,0.011710179,0.013115401,0.010304958,0.012178586,0.013115401,0.012646993,0.011710179,0.005620886,0.008899736,0.010773365,0.006089293,0.011241772,0.011710179,0.013115401,0.006089293,0.010304958,0.007494515,0.010304958,0.011710179,0.010304958,0.010773365,0.014052215,0.010773365,0.007026107,0.0065577,0.013583808,0.008431329,0.018267879,0.00983655,0.013115401,0.013115401,0.014520622,0.012646993,0.011710179,0.008899736,0.019204694,0.013583808,0.023888765,0.017799472,0.010773365,0.00983655,0.020141508,0.007494515,0.010304958,0.010773365,0.007494515,0.001873629,0.0065577,0.007962922,0.010773365,0.004684072,0.012646993,0.010304958,0.023888765,0.007962922,0.007026107,0.004684072,0.010304958,0.004684072,0.166198493,0.128380317,1
0.00877519,0.012675275,0.01657536,0.011212743,0.010725233,0.011700254,0.011700254,0.010725233,0.012675275,0.014625317,0.013650296,0.011700254,0.007312659,0.00828768,0.010237722,0.005362616,0.011700254,0.011212743,0.013650296,0.005850127,0.011212743,0.00877519,0.011212743,0.010725233,0.009262701,0.010725233,0.015112828,0.010237722,0.006337638,0.006337638,0.013650296,0.009262701,0.018525402,0.010725233,0.014137807,0.012187765,0.015112828,0.013650296,0.012187765,0.00828768,0.021937976,0.013162786,0.023888018,0.015112828,0.010237722,0.009262701,0.017550381,0.00828768,0.010237722,0.010237722,0.00828768,0.001950042,0.005362616,0.007800169,0.010725233,0.005850127,0.011700254,0.010725233,0.021450466,0.00828768,0.006825148,0.005850127,0.010237722,0.004387595,0.164102348,0.1285198,1
0.008153958,0.013430048,0.014868982,0.010552181,0.010552181,0.01151147,0.013430048,0.010072536,0.012950403,0.013430048,0.012470759,0.01151147,0.005755735,0.009113247,0.010552181,0.006235379,0.011031825,0.011991114,0.012950403,0.006235379,0.010072536,0.007674313,0.009592891,0.011991114,0.010072536,0.011031825,0.014868982,0.010072536,0.007194669,0.006715024,0.013909693,0.008633602,0.018226494,0.009113247,0.014389337,0.012950403,0.014868982,0.012470759,0.012470759,0.009592891,0.019665427,0.014389337,0.023982229,0.017267205,0.010072536,0.009592891,0.019185783,0.007674313,0.009592891,0.011031825,0.007674313,0.001918578,0.006715024,0.008153958,0.010552181,0.004796446,0.011991114,0.010552181,0.023982229,0.007674313,0.007194669,0.004796446,0.010552181,0.004796446,0.165742653,0.127740892,1
0.00839015,0.013819071,0.015793224,0.01135138,0.010857841,0.01135138,0.013325533,0.010364303,0.011844918,0.013819071,0.013819071,0.01135138,0.005922459,0.008883688,0.009870765,0.005428921,0.011844918,0.01135138,0.012831994,0.005428921,0.009870765,0.007896612,0.010857841,0.01135138,0.009870765,0.010857841,0.015793224,0.011844918,0.006909535,0.00839015,0.014312609,0.006909535,0.01974153,0.009377227,0.014806147,0.011844918,0.014312609,0.011844918,0.012831994,0.009377227,0.021222144,0.014806147,0.023689836,0.015299686,0.010364303,0.010857841,0.0167803,0.009377227,0.009377227,0.01135138,0.007403074,0.001480615,0.006415997,0.008883688,0.01135138,0.005922459,0.012831994,0.008883688,0.021715683,0.008883688,0.006415997,0.004441844,0.010857841,0.003454768,0.164459649,0.126819435,1
0.007911138,0.013350045,0.015822275,0.010877814,0.010877814,0.011866706,0.013350045,0.009888922,0.012361153,0.014338937,0.012855599,0.010877814,0.005933353,0.009394476,0.010877814,0.005933353,0.01137226,0.012361153,0.012855599,0.006427799,0.010383368,0.007911138,0.010383368,0.01137226,0.009888922,0.010877814,0.015327829,0.010383368,0.007911138,0.005933353,0.012855599,0.00890003,0.018294506,0.009394476,0.013844491,0.012361153,0.015327829,0.012361153,0.012361153,0.00890003,0.02027229,0.012855599,0.023733413,0.01780006,0.010383368,0.009394476,0.01780006,0.007911138,0.010383368,0.010877814,0.007911138,0.002472231,0.006427799,0.007911138,0.010383368,0.004944461,0.01137226,0.010877814,0.022744521,0.006922245,0.007416692,0.004944461,0.010383368,0.004450015,0.166534642,0.128385217,1
0.009241437,0.012159786,0.017996483,0.012159786,0.01021422,0.008755046,0.01361896,0.009241437,0.014591743,0.018482875,0.011187003,0.013132569,0.008755046,0.008268654,0.011673395,0.006323089,0.012646177,0.010700612,0.012159786,0.008268654,0.009727829,0.006323089,0.007782263,0.008755046,0.00680948,0.009727829,0.014591743,0.010700612,0.009241437,0.005350306,0.011187003,0.009241437,0.0170237,0.009727829,0.014105352,0.012159786,0.015564526,0.011673395,0.012646177,0.012159786,0.017510092,0.014591743,0.019942049,0.012159786,0.010700612,0.007295872,0.016537309,0.009727829,0.012646177,0.009241437,0.013132569,0.002431957,0.008268654,0.005836697,0.007782263,0.004863914,0.014591743,0.009241437,0.018482875,0.008268654,0.008755046,0.005836697,0.010700612,0.005350306,0.170002764,0.132025521,1
0.009498984,0.011657844,0.016407336,0.011657844,0.009498984,0.009930756,0.013384932,0.009067212,0.01511202,0.01727088,0.012089616,0.012521388,0.008203668,0.007771896,0.0107943,0.006908352,0.0107943,0.011226072,0.011657844,0.00863544,0.0107943,0.006044808,0.00863544,0.009498984,0.00863544,0.010362528,0.014680248,0.009930756,0.007771896,0.005181264,0.012521388,0.010362528,0.016839108,0.009498984,0.015975564,0.011226072,0.014248476,0.012521388,0.013816704,0.012521388,0.016407336,0.015975564,0.020293284,0.01295316,0.0107943,0.008203668,0.016407336,0.008203668,0.012089616,0.009498984,0.01295316,0.00215886,0.007771896,0.00647658,0.007771896,0.004749492,0.013384932,0.009498984,0.018566196,0.008203668,0.010362528,0.005613036,0.009930756,0.00647658,0.169281481,0.130816098,1
0.010000466,0.012727866,0.017273533,0.011364166,0.010000466,0.010455033,0.013182433,0.009091333,0.014546133,0.0163644,0.012727866,0.012727866,0.008636766,0.007273067,0.010455033,0.006363933,0.011364166,0.0109096,0.0109096,0.0081822,0.0109096,0.006363933,0.008636766,0.010000466,0.0081822,0.010000466,0.015455266,0.010000466,0.0068185,0.005000233,0.0122733,0.010455033,0.0177281,0.0095459,0.0150007,0.011364166,0.013637,0.0122733,0.012727866,0.011364166,0.0177281,0.015455266,0.0218192,0.014091566,0.011364166,0.008636766,0.016818966,0.008636766,0.0122733,0.0095459,0.013182433,0.001818267,0.0068185,0.0068185,0.009091333,0.0040911,0.013182433,0.0081822,0.0190918,0.008636766,0.010455033,0.005909367,0.0095459,0.006363933,0.167997524,0.130151556,1
0.009552798,0.012896277,0.017672676,0.012896277,0.010508078,0.009075158,0.013373917,0.009075158,0.012896277,0.017672676,0.012418637,0.013851557,0.009075158,0.008119878,0.011940998,0.006209319,0.012896277,0.012418637,0.011463358,0.008597518,0.010985718,0.006209319,0.007642238,0.008597518,0.007164599,0.009552798,0.015284477,0.010030438,0.008597518,0.005254039,0.010508078,0.008597518,0.017672676,0.009075158,0.014806837,0.011463358,0.014806837,0.011940998,0.013373917,0.010985718,0.017195036,0.015284477,0.020060876,0.012418637,0.010030438,0.007642238,0.017195036,0.009552798,0.012896277,0.008119878,0.012896277,0.0023882,0.009075158,0.006209319,0.007642238,0.004298759,0.015762117,0.008119878,0.017195036,0.008119878,0.008597518,0.006209319,0.009552798,0.006686959,0.169056681,0.132633782,1
0.009252537,0.013416179,0.016654567,0.012490925,0.010640418,0.009715164,0.012953552,0.009252537,0.011565671,0.01757982,0.012953552,0.013878806,0.008327283,0.008327283,0.011103045,0.006476776,0.012490925,0.012490925,0.011103045,0.007864657,0.010177791,0.006014149,0.007864657,0.010177791,0.006939403,0.009252537,0.014804059,0.010640418,0.007864657,0.005088895,0.012490925,0.009252537,0.018042447,0.00878991,0.014341433,0.011103045,0.014341433,0.012028298,0.012953552,0.011103045,0.01757982,0.015266686,0.021743462,0.012953552,0.011103045,0.007864657,0.017117194,0.009252537,0.012028298,0.007864657,0.013878806,0.002313134,0.00878991,0.006476776,0.007864657,0.004163642,0.01619194,0.008327283,0.018042447,0.007864657,0.00878991,0.006014149,0.009715164,0.006476776,0.16806593,0.132442265,1
0.00950395,0.01330553,0.01710711,0.01140474,0.009979147,0.009979147,0.014731122,0.009028752,0.01330553,0.018057505,0.011879937,0.012355135,0.006652765,0.007127962,0.010929542,0.006652765,0.01330553,0.012830332,0.01140474,0.006652765,0.011879937,0.00570237,0.008553555,0.009028752,0.008078357,0.00950395,0.016156715,0.012355135,0.00760316,0.006177567,0.01140474,0.00760316,0.016631912,0.009979147,0.01520632,0.011879937,0.013780727,0.01330553,0.014255925,0.010454345,0.01710711,0.01520632,0.020433492,0.01330553,0.010929542,0.008078357,0.018057505,0.009979147,0.011879937,0.008078357,0.011879937,0.001425592,0.008553555,0.006177567,0.008078357,0.004276777,0.01520632,0.009028752,0.017582307,0.009028752,0.008078357,0.00570237,0.010454345,0.00570237,0.168636188,0.1313979,1
0.009931274,0.012090246,0.016839986,0.011658452,0.009931274,0.009931274,0.012953835,0.009499479,0.014249219,0.016839986,0.012522041,0.012522041,0.008204096,0.007772301,0.010794863,0.006908712,0.011226657,0.011226657,0.011658452,0.00863589,0.010794863,0.006045123,0.00863589,0.009499479,0.008204096,0.010794863,0.014681013,0.009931274,0.007772301,0.005181534,0.012090246,0.010363068,0.01727178,0.009499479,0.014681013,0.011226657,0.014249219,0.012522041,0.013817424,0.012090246,0.016839986,0.015976397,0.020294342,0.012953835,0.010794863,0.008204096,0.016408191,0.008204096,0.012090246,0.009499479,0.012953835,0.002158973,0.007772301,0.006476918,0.008204096,0.004317945,0.01338563,0.009067685,0.018567164,0.008204096,0.010363068,0.005613329,0.009931274,0.006908712,0.169162333,0.130898782,1
0.009306417,0.013028984,0.017216871,0.012563663,0.01070238,0.009306417,0.012563663,0.009306417,0.015355588,0.016751551,0.012098342,0.0111677,0.007445134,0.007445134,0.012563663,0.008375775,0.013028984,0.01070238,0.01070238,0.008841096,0.009306417,0.007445134,0.007910454,0.009771738,0.006979813,0.009306417,0.014424946,0.01070238,0.008841096,0.005118529,0.012563663,0.007445134,0.017682192,0.009306417,0.015355588,0.012563663,0.014890267,0.011633021,0.013028984,0.009771738,0.016751551,0.014424946,0.022335401,0.013494305,0.01070238,0.007910454,0.016751551,0.009771738,0.012563663,0.008841096,0.011633021,0.001861283,0.008375775,0.006049171,0.007910454,0.005118529,0.015820909,0.008841096,0.018147513,0.009771738,0.007910454,0.006979813,0.01070238,0.006514492,0.168034659,0.130261499,1
0.009305628,0.013493161,0.017680693,0.012097317,0.010701472,0.009305628,0.013027879,0.00977091,0.011632035,0.017680693,0.013027879,0.013958442,0.008840347,0.007444502,0.011166754,0.006048658,0.012097317,0.012562598,0.011166754,0.007909784,0.010701472,0.006048658,0.007909784,0.009305628,0.006979221,0.009305628,0.014889005,0.010701472,0.008375065,0.004652814,0.012097317,0.008840347,0.018145975,0.008840347,0.013958442,0.011166754,0.013958442,0.012562598,0.013027879,0.011166754,0.017680693,0.015354286,0.021868226,0.013027879,0.011166754,0.007909784,0.017215412,0.009305628,0.013027879,0.007909784,0.013493161,0.002326407,0.008375065,0.006048658,0.007909784,0.003722251,0.015819568,0.008375065,0.018145975,0.007909784,0.008375065,0.006048658,0.00977091,0.00651394,0.168674777,0.132472553,1
0.009374667,0.012655801,0.017343134,0.011249601,0.010312134,0.009843401,0.013593268,0.009374667,0.014530734,0.016405668,0.012655801,0.013124534,0.008905934,0.007031,0.010312134,0.006093534,0.011249601,0.010780867,0.011249601,0.007968467,0.011249601,0.006562267,0.008437201,0.009374667,0.008905934,0.010312134,0.015468201,0.009843401,0.007031,0.004687334,0.012187067,0.010312134,0.017811868,0.009843401,0.015468201,0.011249601,0.014062001,0.012187067,0.012655801,0.011249601,0.017343134,0.015468201,0.021561735,0.014062001,0.010780867,0.008905934,0.017343134,0.008905934,0.012187067,0.009843401,0.012655801,0.001874933,0.0056248,0.007031,0.009843401,0.0042186,0.013124534,0.007968467,0.019218068,0.008905934,0.009843401,0.006093534,0.009374667,0.006562267,0.16811347,0.130192684,1
0.008836892,0.009876527,0.016114333,0.011435978,0.009356709,0.011435978,0.014035064,0.008317075,0.012475613,0.016114333,0.014035064,0.009876527,0.005717989,0.007277441,0.009356709,0.006237806,0.009356709,0.010396344,0.01299543,0.006757623,0.009876527,0.010396344,0.014554881,0.010916161,0.010916161,0.011435978,0.022871956,0.010396344,0.007277441,0.006237806,0.011955795,0.007797258,0.019233236,0.01299543,0.014554881,0.008836892,0.01299543,0.014554881,0.01663415,0.010916161,0.020792688,0.017153967,0.024431408,0.01663415,0.009876527,0.011435978,0.017153967,0.006757623,0.008836892,0.009876527,0.008317075,0.001559452,0.007277441,0.009356709,0.010396344,0.003118903,0.011435978,0.010396344,0.017673784,0.008317075,0.005717989,0.005198172,0.009356709,0.002079269,0.164496047,0.126993126,1
0.008860606,0.00990303,0.016157576,0.011466667,0.009381818,0.011466667,0.013551515,0.008339394,0.012509091,0.015636364,0.013551515,0.00990303,0.005733333,0.00729697,0.00990303,0.006254545,0.009381818,0.010424242,0.012509091,0.006775758,0.009381818,0.010424242,0.014593939,0.010945455,0.010945455,0.010945455,0.022933333,0.010424242,0.00729697,0.006254545,0.011987879,0.007818182,0.019284849,0.012509091,0.014593939,0.009381818,0.013030303,0.014593939,0.016678788,0.010945455,0.020848485,0.0172,0.02449697,0.016157576,0.00990303,0.010945455,0.0172,0.006775758,0.008860606,0.00990303,0.008860606,0.001563636,0.00729697,0.008860606,0.010424242,0.003127273,0.011466667,0.010945455,0.017721212,0.008339394,0.006254545,0.005212121,0.009381818,0.002084848,0.164917127,0.12727681,1
0.008200937,0.011095385,0.015437058,0.010612977,0.010612977,0.010612977,0.013989834,0.008683345,0.011095385,0.015919466,0.013507426,0.010130569,0.005788897,0.007236121,0.009648161,0.006753713,0.009165753,0.011095385,0.013025018,0.008200937,0.009165753,0.009165753,0.013507426,0.011095385,0.011095385,0.011095385,0.023155587,0.009648161,0.007236121,0.006753713,0.011577793,0.008200937,0.017849098,0.01254261,0.013507426,0.009165753,0.013025018,0.014472242,0.016884282,0.011095385,0.019778731,0.017849098,0.024120403,0.016401874,0.010130569,0.011095385,0.016884282,0.006753713,0.010130569,0.009165753,0.008683345,0.001447224,0.008683345,0.008683345,0.010612977,0.002894448,0.011095385,0.010130569,0.017849098,0.008683345,0.006271305,0.005788897,0.009648161,0.001447224,0.166247306,0.128472107,1
0.00876214,0.010308401,0.015978021,0.011339241,0.00979298,0.011339241,0.013916341,0.00824672,0.012370081,0.016493441,0.013916341,0.00979298,0.00566962,0.00721588,0.00927756,0.00618504,0.00927756,0.010308401,0.013400921,0.00670046,0.00979298,0.010308401,0.014431761,0.011339241,0.010823821,0.011339241,0.022678481,0.010308401,0.0077313,0.00618504,0.011854661,0.0077313,0.019070541,0.012885501,0.014431761,0.00876214,0.012885501,0.014947181,0.016493441,0.010823821,0.020616801,0.017008861,0.024224741,0.016493441,0.00979298,0.011339241,0.017008861,0.00670046,0.00927756,0.00979298,0.00876214,0.00154626,0.00721588,0.00927756,0.010308401,0.00309252,0.011339241,0.010308401,0.017524281,0.00824672,0.00618504,0.0051542,0.00927756,0.00206168,0.164677734,0.127650571,1
0.00844286,0.010429416,0.015395804,0.010926055,0.009436138,0.011422693,0.013905888,0.008939499,0.011919332,0.016389082,0.013905888,0.009932777,0.005463027,0.007449583,0.009436138,0.005959666,0.008939499,0.010926055,0.013409249,0.006952944,0.009932777,0.009932777,0.013905888,0.010926055,0.011422693,0.010926055,0.023342026,0.009932777,0.007449583,0.005959666,0.011919332,0.007946222,0.018375637,0.01291261,0.014899165,0.008939499,0.01291261,0.014402527,0.016885721,0.010429416,0.020362193,0.016885721,0.023838665,0.01738236,0.009932777,0.011422693,0.01738236,0.006952944,0.009436138,0.009436138,0.00844286,0.001489917,0.007946222,0.008939499,0.010926055,0.002979833,0.011422693,0.010429416,0.01738236,0.00844286,0.005959666,0.005959666,0.008939499,0.001986555,0.164743491,0.128042791,1
0.009706019,0.010727706,0.016857823,0.010727706,0.008684333,0.011238549,0.013792764,0.00817349,0.010727706,0.017879509,0.015325294,0.009706019,0.005619274,0.00817349,0.00817349,0.005619274,0.008684333,0.009195176,0.011238549,0.006130117,0.005619274,0.009706019,0.01634698,0.010727706,0.012771078,0.012260235,0.025031313,0.011238549,0.009195176,0.006130117,0.010216862,0.00817349,0.019922882,0.011749392,0.015325294,0.009195176,0.013281921,0.012260235,0.019412039,0.011238549,0.021966254,0.01634698,0.021966254,0.015836137,0.010216862,0.012771078,0.015836137,0.006640961,0.009706019,0.010216862,0.010216862,0.001532529,0.007662647,0.009195176,0.011749392,0.003575902,0.010727706,0.009706019,0.013792764,0.00817349,0.007151804,0.005108431,0.00817349,0.002043372,0.165552033,0.127951931,1
0.008793186,0.009827679,0.016034634,0.011379417,0.009310432,0.011379417,0.013448402,0.00827594,0.01241391,0.01655188,0.013965649,0.009827679,0.005689709,0.007241447,0.009827679,0.006206955,0.009310432,0.010344925,0.013448402,0.006724201,0.009827679,0.010344925,0.014482895,0.011379417,0.010862171,0.010862171,0.022758835,0.010344925,0.007241447,0.006206955,0.011896664,0.007758694,0.019138111,0.01241391,0.014482895,0.009310432,0.012931156,0.015000141,0.01655188,0.010862171,0.02068985,0.017069126,0.024310574,0.01655188,0.009827679,0.011379417,0.017069126,0.006724201,0.008793186,0.009827679,0.008793186,0.001551739,0.007241447,0.009310432,0.010344925,0.003103477,0.011379417,0.010862171,0.017586372,0.00827594,0.006206955,0.005172462,0.009310432,0.002068985,0.164501575,0.12738831,1
0.009847778,0.010340167,0.015756444,0.010832555,0.008370611,0.011324944,0.015264055,0.007878222,0.011324944,0.017726,0.014279278,0.009355389,0.005416278,0.008370611,0.008863,0.005908667,0.007878222,0.009847778,0.011324944,0.006401055,0.007385833,0.008370611,0.015264055,0.010832555,0.013786889,0.011817333,0.025604222,0.011817333,0.008370611,0.006401055,0.009355389,0.008370611,0.019203166,0.011817333,0.016248833,0.009847778,0.012309722,0.012802111,0.020680333,0.009847778,0.021665111,0.015264055,0.021172722,0.016248833,0.010340167,0.011817333,0.016248833,0.006893444,0.009847778,0.010832555,0.009355389,0.001477167,0.007385833,0.008863,0.011817333,0.003939111,0.010340167,0.010832555,0.0132945,0.007878222,0.007385833,0.005416278,0.008370611,0.002461944,0.167163713,0.127243019,1
0.010364471,0.011777808,0.016960043,0.010364471,0.009422246,0.010835583,0.013662257,0.008008909,0.010835583,0.016960043,0.015075594,0.009893359,0.005182235,0.008951134,0.008951134,0.005653348,0.010364471,0.010364471,0.010835583,0.006595572,0.00612446,0.008951134,0.015075594,0.011306695,0.01224892,0.011777808,0.02449784,0.010835583,0.008008909,0.00612446,0.010364471,0.008008909,0.019315605,0.010835583,0.016017819,0.009893359,0.013662257,0.012720032,0.018844492,0.010364471,0.020728942,0.016960043,0.021200054,0.016488931,0.009422246,0.011777808,0.016488931,0.007537797,0.009422246,0.008951134,0.009422246,0.001884449,0.008951134,0.008951134,0.011777808,0.002826674,0.01224892,0.009893359,0.014604482,0.008008909,0.006595572,0.005653348,0.008951134,0.003297786,0.164877082,0.127041117,1
0.010558597,0.011061387,0.016592081,0.010558597,0.009050226,0.010558597,0.01508371,0.008547435,0.011061387,0.018100451,0.014580919,0.010055806,0.005530694,0.008044645,0.008044645,0.005530694,0.008044645,0.009553016,0.011061387,0.006033484,0.005530694,0.008547435,0.0155865,0.011061387,0.013575339,0.012066968,0.024636726,0.012066968,0.009050226,0.006536274,0.010055806,0.008044645,0.019608822,0.012066968,0.01608929,0.009553016,0.013072548,0.012569758,0.019608822,0.010558597,0.022122774,0.01508371,0.020614403,0.0155865,0.010558597,0.011564177,0.01608929,0.007039064,0.010558597,0.010558597,0.010055806,0.001508371,0.007039064,0.009050226,0.012066968,0.003519532,0.010558597,0.010558597,0.013575339,0.007541855,0.007541855,0.005530694,0.007541855,0.002513952,0.166865069,0.127217324,1
0.019220118,0.015644282,0.018326159,0.018326159,0.009386569,0.009833549,0.010727508,0.011174487,0.015644282,0.011621467,0.013409385,0.013409385,0.010727508,0.008045631,0.012962405,0.009386569,0.009386569,0.007151672,0.012068446,0.007151672,0.006704692,0.003575836,0.005810733,0.009833549,0.006257713,0.008045631,0.011621467,0.010280528,0.012515426,0.004469795,0.010727508,0.00849261,0.022795954,0.00893959,0.011174487,0.009386569,0.012068446,0.008045631,0.012068446,0.009833549,0.015197303,0.013856364,0.015197303,0.012068446,0.014303344,0.008045631,0.016091262,0.006704692,0.020114077,0.009386569,0.012515426,0.006257713,0.007598651,0.004469795,0.007598651,0.005363754,0.015197303,0.00849261,0.016091262,0.009386569,0.010727508,0.004469795,0.009386569,0.007598651,0.172249082,0.135379694,1
0.019956327,0.016243522,0.02181273,0.013458918,0.010210214,0.009746113,0.012530717,0.010210214,0.013458918,0.013458918,0.015779422,0.013923019,0.008817912,0.007889711,0.012066617,0.00696151,0.012994818,0.00742561,0.010674315,0.00696151,0.007889711,0.004641006,0.006497409,0.010674315,0.007889711,0.009746113,0.012530717,0.009746113,0.009746113,0.004641006,0.011602516,0.008353811,0.021348629,0.008817912,0.012066617,0.011138415,0.012530717,0.008353811,0.013458918,0.010210214,0.018564025,0.012994818,0.017171724,0.013458918,0.013923019,0.008353811,0.01485122,0.008817912,0.016707623,0.010210214,0.012066617,0.004176906,0.00742561,0.00696151,0.00742561,0.003248704,0.013458918,0.008353811,0.016707623,0.008817912,0.011138415,0.004176906,0.008817912,0.004641006,0.169176639,0.131887802,1
0.023499675,0.015205672,0.020735007,0.014744894,0.010137115,0.009215559,0.011519448,0.010137115,0.014284116,0.01336256,0.014284116,0.01336256,0.010597893,0.007372447,0.011980226,0.008294003,0.010597893,0.007372447,0.010597893,0.007372447,0.007372447,0.004147001,0.006450891,0.010597893,0.007833225,0.008754781,0.01105867,0.009215559,0.009676337,0.004607779,0.011980226,0.008754781,0.020735007,0.008294003,0.01105867,0.011519448,0.011519448,0.008754781,0.011980226,0.010597893,0.017048784,0.011519448,0.015205672,0.013823338,0.014744894,0.007372447,0.016588006,0.008754781,0.018891895,0.010137115,0.012901782,0.004607779,0.006911669,0.006450891,0.006911669,0.003686223,0.012441004,0.009215559,0.017048784,0.01105867,0.011980226,0.004607779,0.009215559,0.005068557,0.171698214,0.132527102,1
0.024891966,0.015211757,0.019360418,0.01382887,0.009680209,0.009219247,0.012445983,0.010602134,0.013367908,0.012906945,0.014289832,0.01382887,0.009219247,0.00783636,0.012445983,0.00783636,0.010141171,0.007375397,0.010141171,0.00783636,0.007375397,0.004148661,0.006914435,0.010141171,0.008297322,0.009219247,0.010602134,0.010141171,0.010141171,0.004609623,0.011063096,0.009219247,0.01982138,0.008758284,0.011063096,0.011524058,0.011524058,0.008297322,0.011985021,0.010602134,0.016594644,0.011524058,0.015672719,0.014289832,0.015211757,0.00783636,0.016594644,0.008758284,0.017977531,0.010602134,0.01382887,0.004148661,0.006914435,0.006914435,0.006914435,0.003687699,0.012906945,0.008758284,0.017516569,0.010141171,0.012445983,0.004148661,0.009219247,0.005531548,0.171751792,0.132195081,1
0.023414177,0.01433521,0.021502815,0.016724412,0.009078966,0.008123286,0.012901689,0.010990328,0.01433521,0.013379529,0.01385737,0.01433521,0.010512487,0.007167605,0.012423849,0.008123286,0.013379529,0.007167605,0.009078966,0.007645445,0.008601126,0.004300563,0.007167605,0.008123286,0.008123286,0.009078966,0.010990328,0.010512487,0.008123286,0.004778403,0.010990328,0.008123286,0.021502815,0.009078966,0.01433521,0.009078966,0.012901689,0.009078966,0.010990328,0.009078966,0.016724412,0.010990328,0.016724412,0.013379529,0.015290891,0.008123286,0.016246571,0.008601126,0.017680092,0.010512487,0.010990328,0.004778403,0.006689765,0.006689765,0.007645445,0.004300563,0.01481305,0.008601126,0.016246571,0.010034647,0.010034647,0.005256244,0.009556807,0.005256244,0.170807774,0.130589653,1
0.02788167,0.016264307,0.021375947,0.014405529,0.012546751,0.008829195,0.012082057,0.010687973,0.014870224,0.013011446,0.01347614,0.013011446,0.011152668,0.007435112,0.012082057,0.006505723,0.012546751,0.00929389,0.010687973,0.00929389,0.007435112,0.005111639,0.006505723,0.00929389,0.006041028,0.00929389,0.011152668,0.00929389,0.008364501,0.004646945,0.011152668,0.009758584,0.020911252,0.008364501,0.011152668,0.00929389,0.013940835,0.007899806,0.010223279,0.010223279,0.015799613,0.011152668,0.017658391,0.013940835,0.01347614,0.008829195,0.014870224,0.00929389,0.018123085,0.010223279,0.011152668,0.00418225,0.007899806,0.006505723,0.006970417,0.003717556,0.013011446,0.008829195,0.016264307,0.010223279,0.011152668,0.00418225,0.010223279,0.005576334,0.170569614,0.128671085,1
0.008974038,0.011807945,0.015586487,0.011335627,0.010863309,0.010390991,0.01275258,0.010390991,0.013697216,0.015586487,0.014641851,0.011807945,0.005195496,0.00850172,0.010863309,0.006612449,0.007084767,0.011807945,0.014641851,0.007084767,0.009446356,0.008974038,0.008974038,0.011807945,0.009918674,0.009918674,0.01700344,0.010390991,0.009446356,0.006140131,0.01275258,0.00850172,0.020309665,0.011807945,0.016058805,0.010863309,0.01275258,0.011335627,0.014169534,0.009918674,0.022198936,0.013697216,0.020781983,0.014169534,0.009918674,0.010390991,0.017948076,0.008029402,0.011335627,0.008974038,0.009446356,0.001889271,0.007557085,0.00850172,0.011335627,0.004723178,0.013224898,0.00850172,0.018892712,0.009918674,0.007084767,0.007084767,0.008974038,0.00425086,0.164074587,0.126976413,1
0.022186598,0.014941995,0.020375447,0.016300358,0.009055754,0.009508542,0.012678056,0.009508542,0.013130844,0.012678056,0.01584757,0.014036419,0.010866905,0.008150179,0.010866905,0.007697391,0.010866905,0.007244603,0.010414117,0.007697391,0.007697391,0.004527877,0.006791816,0.00996133,0.007697391,0.009508542,0.012225268,0.00996133,0.00996133,0.004980665,0.011319693,0.008602967,0.020828235,0.008150179,0.013130844,0.010414117,0.011772481,0.008150179,0.012678056,0.011319693,0.017658721,0.013130844,0.017658721,0.012678056,0.014036419,0.008150179,0.014941995,0.008602967,0.019469872,0.010414117,0.011772481,0.003169514,0.007697391,0.006791816,0.007244603,0.004075089,0.014036419,0.008602967,0.015394782,0.009055754,0.010414117,0.004527877,0.00996133,0.005433453,0.169748801,0.131599754,1
0.009450838,0.011674564,0.016122017,0.013342359,0.008894906,0.007783043,0.013342359,0.011674564,0.015010154,0.016122017,0.015566086,0.010006769,0.006115248,0.010562701,0.011118633,0.006115248,0.007783043,0.008338975,0.015010154,0.00667118,0.009450838,0.008338975,0.009450838,0.011118633,0.010006769,0.011674564,0.015566086,0.011118633,0.010006769,0.00667118,0.012786428,0.008338975,0.021125402,0.012230496,0.016677949,0.011674564,0.012230496,0.013342359,0.015010154,0.009450838,0.022793197,0.013342359,0.018901676,0.012786428,0.009450838,0.008894906,0.016677949,0.007783043,0.011674564,0.010006769,0.008894906,0.002223727,0.007227111,0.008894906,0.010562701,0.005559316,0.013898291,0.008894906,0.017789812,0.008894906,0.007227111,0.006115248,0.008894906,0.004447453,0.164181865,0.1270053,1
0.020797311,0.014789199,0.020797311,0.015713524,0.010167574,0.009705412,0.012478386,0.009705412,0.012940549,0.012940549,0.016175686,0.014327036,0.010629737,0.007394599,0.010629737,0.007394599,0.010629737,0.007394599,0.011091899,0.007394599,0.007856762,0.005083787,0.006932437,0.009705412,0.008318924,0.009705412,0.012478386,0.009705412,0.009705412,0.004621625,0.011554062,0.008781087,0.021721636,0.009243249,0.012478386,0.009705412,0.012016224,0.008318924,0.012940549,0.011091899,0.018486498,0.012940549,0.018486498,0.012478386,0.013864874,0.008318924,0.015251361,0.008318924,0.018486498,0.010629737,0.012016224,0.003235137,0.006470274,0.006470274,0.007856762,0.004159462,0.013402711,0.008781087,0.015251361,0.009243249,0.010629737,0.004621625,0.009243249,0.00554595,0.169560321,0.131187874,1
0.008100406,0.010414807,0.015622211,0.011572008,0.007521805,0.007521805,0.011572008,0.010414807,0.012729209,0.018515213,0.012150608,0.012150608,0.006943205,0.008100406,0.010414807,0.008679006,0.010993408,0.006943205,0.012729209,0.006943205,0.009257606,0.009257606,0.011572008,0.009257606,0.008679006,0.012729209,0.016779412,0.010993408,0.009836207,0.010993408,0.012150608,0.005786004,0.01446501,0.008679006,0.018515213,0.012729209,0.01446501,0.01388641,0.012729209,0.012729209,0.017936613,0.015043611,0.019093813,0.016200811,0.008679006,0.008679006,0.016779412,0.010414807,0.012150608,0.010993408,0.008679006,0.002893002,0.006364604,0.008679006,0.013307809,0.006364604,0.01446501,0.007521805,0.020251014,0.005207404,0.009257606,0.006943205,0.008100406,0.003471602,0.165638951,0.131361558,1
0.007983205,0.011176487,0.015434197,0.009579846,0.008515419,0.009047633,0.012240915,0.008515419,0.011708701,0.017563052,0.011708701,0.012240915,0.006386564,0.007450992,0.010644274,0.008515419,0.010644274,0.007983205,0.012240915,0.007450992,0.008515419,0.012240915,0.014901983,0.008515419,0.009047633,0.013837556,0.017030838,0.011176487,0.009047633,0.009579846,0.010644274,0.006386564,0.01436977,0.008515419,0.018095265,0.012240915,0.013837556,0.013837556,0.013305342,0.012773128,0.018627479,0.014901983,0.021288547,0.016498624,0.009579846,0.009047633,0.017030838,0.009579846,0.011176487,0.010644274,0.007450992,0.003725496,0.007450992,0.008515419,0.011176487,0.005854351,0.013837556,0.007450992,0.021288547,0.005322137,0.007983205,0.006918778,0.009579846,0.004257709,0.165921767,0.129959527,1
0.007551952,0.010249078,0.01564333,0.009709653,0.008630803,0.008630803,0.012406779,0.009709653,0.011327929,0.017801031,0.011327929,0.012406779,0.007012527,0.007551952,0.010249078,0.007551952,0.009709653,0.008630803,0.012946204,0.007012527,0.008630803,0.011327929,0.01456448,0.008630803,0.008630803,0.013485629,0.018340456,0.011327929,0.008630803,0.008630803,0.011327929,0.007012527,0.015103905,0.008630803,0.01672218,0.012946204,0.013485629,0.014025055,0.013485629,0.011867354,0.018879881,0.01456448,0.021037582,0.017261606,0.009709653,0.009170228,0.017261606,0.010249078,0.010788504,0.011867354,0.007551952,0.002697126,0.007551952,0.009170228,0.011327929,0.005394252,0.014025055,0.007012527,0.021037582,0.005394252,0.007551952,0.008091378,0.009170228,0.004315401,0.165955257,0.130094888,1
0.008371076,0.010463845,0.016742152,0.009940653,0.008371076,0.008894268,0.012033422,0.00941746,0.010463845,0.017265344,0.013079806,0.012033422,0.006278307,0.007847884,0.009940653,0.007324691,0.009940653,0.008371076,0.012033422,0.007324691,0.008371076,0.012033422,0.015172575,0.008371076,0.009940653,0.014126191,0.017788536,0.010987037,0.008894268,0.008371076,0.010987037,0.006801499,0.015695767,0.008371076,0.016742152,0.011510229,0.013602998,0.014126191,0.014126191,0.012033422,0.018834921,0.015172575,0.021450882,0.017265344,0.00941746,0.00941746,0.016742152,0.010463845,0.011510229,0.011510229,0.007324691,0.002615961,0.007324691,0.008894268,0.011510229,0.005231922,0.013602998,0.007324691,0.020404498,0.005231922,0.008371076,0.007324691,0.008894268,0.004185538,0.165285835,0.130497399,1
0.008160597,0.010710784,0.016831232,0.009180672,0.008160597,0.008670635,0.012240896,0.008670635,0.011220821,0.017851307,0.013260971,0.012750933,0.006120448,0.007140523,0.009690709,0.008670635,0.010200747,0.008160597,0.012240896,0.007140523,0.008670635,0.010710784,0.013771008,0.008670635,0.010710784,0.013260971,0.01734127,0.011730859,0.008670635,0.009180672,0.010200747,0.006120448,0.014791083,0.008670635,0.018361344,0.012240896,0.013771008,0.013771008,0.014281046,0.011730859,0.018361344,0.01530112,0.021421568,0.01734127,0.010200747,0.009690709,0.016831232,0.010200747,0.011220821,0.010200747,0.00765056,0.003060224,0.007140523,0.008670635,0.012750933,0.005100373,0.013771008,0.007140523,0.020401494,0.005100373,0.00765056,0.00765056,0.009690709,0.004590336,0.164875371,0.130253025,1
0.008393692,0.01101672,0.016262777,0.009442903,0.008393692,0.008393692,0.012065932,0.008393692,0.01101672,0.017836594,0.012590537,0.012590537,0.006295269,0.00734448,0.009967509,0.008918297,0.010492114,0.007869086,0.012590537,0.00734448,0.008393692,0.012065932,0.014164354,0.008393692,0.009967509,0.014164354,0.017311989,0.010492114,0.008918297,0.008918297,0.01101672,0.006295269,0.01468896,0.007869086,0.0183612,0.012590537,0.014164354,0.013639749,0.013639749,0.013115143,0.018885806,0.015213566,0.021508834,0.016262777,0.009442903,0.008918297,0.016787383,0.009967509,0.011541326,0.010492114,0.00734448,0.003147634,0.006819874,0.008918297,0.012065932,0.005246057,0.013639749,0.00734448,0.020459623,0.005770663,0.007869086,0.007869086,0.009442903,0.004721451,0.165056925,0.129872989,1
0.007889952,0.010519935,0.016831897,0.009467942,0.008415948,0.008415948,0.012097926,0.009467942,0.011045932,0.01788389,0.013149919,0.012097926,0.006311961,0.007363955,0.009993939,0.007889952,0.009993939,0.008415948,0.012623923,0.006837958,0.008415948,0.012097926,0.015253906,0.008415948,0.009467942,0.014201913,0.01788389,0.011045932,0.008941945,0.008415948,0.011045932,0.006837958,0.015253906,0.008415948,0.017357894,0.012623923,0.014201913,0.014201913,0.013675916,0.012097926,0.019461881,0.01472791,0.021565868,0.016831897,0.009467942,0.008941945,0.016831897,0.009993939,0.011571929,0.011045932,0.007363955,0.002629984,0.006837958,0.009467942,0.011045932,0.005259968,0.013675916,0.007363955,0.020513874,0.005259968,0.007889952,0.007889952,0.008941945,0.004207974,0.164928502,0.129709824,1
0.007556187,0.011082407,0.01662361,0.008563678,0.008059932,0.00957117,0.01309739,0.008563678,0.011082407,0.017631102,0.013601136,0.012593644,0.006044949,0.006548695,0.00957117,0.008059932,0.011586153,0.007556187,0.012593644,0.007052441,0.009067424,0.012089899,0.013601136,0.008563678,0.010074915,0.014608627,0.018134848,0.011082407,0.009067424,0.009067424,0.010578661,0.006548695,0.014104882,0.00957117,0.017631102,0.011586153,0.014608627,0.014104882,0.015112373,0.012593644,0.018638594,0.01662361,0.021661068,0.016119865,0.010074915,0.00957117,0.01662361,0.008563678,0.010578661,0.011082407,0.008059932,0.003022475,0.007052441,0.007556187,0.012089899,0.005541203,0.01309739,0.007556187,0.019646085,0.005037458,0.007556187,0.007052441,0.008563678,0.004029966,0.165869819,0.129893593,1
0.007484171,0.010691674,0.01603751,0.009622506,0.008553339,0.009087923,0.012295425,0.009622506,0.011226257,0.017641261,0.011760841,0.012295425,0.006949588,0.007484171,0.01015709,0.007484171,0.01015709,0.008553339,0.012830008,0.006949588,0.008553339,0.011226257,0.014968343,0.008553339,0.008553339,0.013899176,0.017641261,0.011226257,0.009087923,0.008553339,0.011226257,0.006949588,0.014968343,0.008553339,0.01603751,0.012830008,0.013899176,0.013899176,0.013364592,0.012295425,0.018710429,0.014433759,0.02031418,0.017106678,0.009622506,0.009087923,0.017106678,0.01015709,0.011226257,0.011760841,0.007484171,0.002672918,0.007484171,0.009087923,0.010691674,0.005345837,0.013899176,0.007484171,0.021383347,0.005345837,0.007484171,0.007484171,0.009622506,0.005345837,0.166174628,0.130313252,1
0.007644507,0.011466761,0.015766796,0.009555634,0.009077852,0.009077852,0.012900106,0.009077852,0.010988979,0.01672236,0.014333451,0.011944543,0.005733381,0.009077852,0.009077852,0.007166726,0.010511198,0.009555634,0.012900106,0.007166726,0.008600071,0.010033416,0.011466761,0.010033416,0.010033416,0.013377888,0.016244578,0.010511198,0.008600071,0.008600071,0.014811233,0.006211162,0.015289015,0.009077852,0.016244578,0.011944543,0.014333451,0.012422324,0.014333451,0.014333451,0.017677923,0.017200142,0.020544614,0.016244578,0.010511198,0.008600071,0.016244578,0.009555634,0.011466761,0.010033416,0.009077852,0.002388909,0.008122289,0.008600071,0.011466761,0.004777817,0.01385567,0.008122289,0.020544614,0.005733381,0.008122289,0.006688944,0.008122289,0.00286669,0.166139129,0.131043975,1
0.012070476,0.010496066,0.014694493,0.01102087,0.00944646,0.008396853,0.013120083,0.008921656,0.01259528,0.01416969,0.012070476,0.01259528,0.00629764,0.00629764,0.013120083,0.008921656,0.008396853,0.009971263,0.01416969,0.00787205,0.006822443,0.009971263,0.009971263,0.010496066,0.007347247,0.013644886,0.013644886,0.011545673,0.012070476,0.00629764,0.01102087,0.006822443,0.016268903,0.00787205,0.011545673,0.012070476,0.016793706,0.013644886,0.013644886,0.01102087,0.014694493,0.0157441,0.02046733,0.013644886,0.009971263,0.00787205,0.016793706,0.011545673,0.011545673,0.011545673,0.01102087,0.003673623,0.007347247,0.005772837,0.00944646,0.005248033,0.013120083,0.011545673,0.018368116,0.008396853,0.00944646,0.007347247,0.010496066,0.005772837,0.172209375,0.129802206,1
0.010840367,0.011382386,0.014092477,0.011382386,0.010840367,0.007046239,0.013550459,0.009214312,0.011924404,0.015176514,0.011924404,0.011924404,0.00650422,0.005420184,0.013550459,0.008130275,0.008672294,0.010298349,0.014092477,0.007588257,0.007046239,0.009214312,0.010840367,0.010298349,0.007046239,0.014092477,0.014092477,0.011924404,0.010298349,0.00650422,0.012466422,0.007046239,0.016260551,0.008130275,0.011382386,0.011382386,0.016802569,0.014634496,0.014092477,0.011382386,0.015176514,0.016260551,0.019512661,0.014092477,0.010298349,0.007046239,0.016802569,0.011382386,0.011924404,0.010840367,0.011382386,0.00325211,0.005962202,0.00650422,0.008130275,0.005420184,0.013008441,0.011382386,0.019512661,0.008130275,0.010298349,0.007046239,0.009214312,0.005420184,0.173325766,0.130180644,1
0.010564018,0.012073164,0.014588406,0.011067067,0.011570115,0.007042679,0.013582309,0.009557921,0.012576212,0.015594503,0.013079261,0.011067067,0.00653963,0.006036582,0.013582309,0.007545727,0.008048776,0.010564018,0.017103648,0.008551824,0.008048776,0.008551824,0.009054873,0.009557921,0.007545727,0.012576212,0.013582309,0.011067067,0.009054873,0.005030485,0.013582309,0.007545727,0.017606697,0.008048776,0.011570115,0.011570115,0.017103648,0.014588406,0.013079261,0.010564018,0.016097551,0.016097551,0.019115842,0.014085357,0.01006097,0.007042679,0.016097551,0.012576212,0.012073164,0.011067067,0.009557921,0.002515242,0.007042679,0.005030485,0.009054873,0.005533533,0.012576212,0.011067067,0.019618891,0.009557921,0.009557921,0.008551824,0.009557921,0.005533533,0.171893255,0.129372405,1
0.009884715,0.012355894,0.014332837,0.010378951,0.010873187,0.007413536,0.013838601,0.009390479,0.011861658,0.015321308,0.013344365,0.012355894,0.005930829,0.006425065,0.013344365,0.007413536,0.008402008,0.010378951,0.014827073,0.007907772,0.006919301,0.008896244,0.010378951,0.009884715,0.007907772,0.013344365,0.013344365,0.011367422,0.010378951,0.006425065,0.01285013,0.006919301,0.016804016,0.008402008,0.011367422,0.011861658,0.01630978,0.013838601,0.013838601,0.011861658,0.015815544,0.01630978,0.018780959,0.014332837,0.010873187,0.007413536,0.015815544,0.011861658,0.011861658,0.010378951,0.011861658,0.002965415,0.007413536,0.006425065,0.007907772,0.005436593,0.01285013,0.010873187,0.01976943,0.007907772,0.009884715,0.006919301,0.009390479,0.005436593,0.171992141,0.13064121,1
0.010373072,0.012842851,0.014818675,0.010867028,0.010867028,0.006915381,0.014324719,0.009879116,0.010373072,0.013830763,0.013336807,0.011360984,0.00592747,0.00592747,0.013830763,0.007409337,0.009385161,0.010373072,0.013830763,0.008891205,0.007409337,0.008891205,0.010867028,0.008891205,0.007409337,0.013336807,0.015806586,0.012842851,0.008397249,0.004939558,0.01185494,0.007903293,0.017288454,0.008397249,0.010373072,0.011360984,0.017288454,0.014818675,0.014324719,0.009879116,0.016794498,0.017288454,0.019264277,0.014818675,0.010373072,0.007409337,0.015806586,0.012842851,0.01185494,0.010373072,0.009385161,0.001975823,0.006915381,0.005433514,0.009879116,0.004445602,0.012842851,0.01185494,0.019758233,0.007903293,0.008891205,0.008397249,0.010867028,0.004939558,0.172113061,0.129927365,1
0.012036501,0.011513175,0.014129806,0.010989849,0.010466523,0.007849892,0.014129806,0.007849892,0.012559827,0.013606479,0.012036501,0.012036501,0.006279914,0.00680324,0.013606479,0.008896544,0.008373218,0.010466523,0.014129806,0.008373218,0.006279914,0.008896544,0.009943197,0.010466523,0.008373218,0.013606479,0.013083153,0.011513175,0.010989849,0.00680324,0.010989849,0.00680324,0.017269762,0.007326566,0.011513175,0.012559827,0.01622311,0.013083153,0.013606479,0.012036501,0.014129806,0.016746436,0.019363067,0.014129806,0.009943197,0.007849892,0.01622311,0.011513175,0.011513175,0.010989849,0.010466523,0.003663283,0.008373218,0.005756587,0.008896544,0.005233261,0.013606479,0.010989849,0.019886393,0.007849892,0.00941987,0.00680324,0.010989849,0.005756587,0.172497842,0.129908422,1
0.009863365,0.012329207,0.014795048,0.010356533,0.010849702,0.007397524,0.013808711,0.008877029,0.011836038,0.014795048,0.013808711,0.012329207,0.006411187,0.006411187,0.013315543,0.006904356,0.00838386,0.009863365,0.015781384,0.007890692,0.006904356,0.010356533,0.010356533,0.009863365,0.007397524,0.013315543,0.01430188,0.011836038,0.009370197,0.004931683,0.013808711,0.007397524,0.017260889,0.007890692,0.010849702,0.012329207,0.016767721,0.01430188,0.013808711,0.010849702,0.015781384,0.016767721,0.01972673,0.01430188,0.010849702,0.00838386,0.015288216,0.011836038,0.011836038,0.010849702,0.010849702,0.002465841,0.007397524,0.005424851,0.008877029,0.005918019,0.013315543,0.010849702,0.018740394,0.007890692,0.009863365,0.007890692,0.00838386,0.004931683,0.171387523,0.130286219,1
0.011417167,0.011913565,0.014891956,0.010424369,0.010424369,0.007445978,0.013899159,0.008935174,0.012409964,0.013899159,0.013402761,0.011913565,0.005956783,0.006453181,0.013402761,0.008438775,0.008438775,0.010424369,0.014891956,0.007942377,0.006453181,0.008438775,0.009431572,0.009927971,0.008438775,0.013402761,0.013402761,0.011417167,0.010920768,0.006453181,0.011417167,0.00694958,0.016877551,0.007942377,0.011417167,0.011913565,0.016381152,0.012906362,0.013899159,0.011913565,0.014395558,0.016877551,0.019359543,0.014891956,0.010920768,0.007942377,0.015884754,0.011417167,0.011913565,0.010424369,0.010424369,0.003971188,0.008438775,0.005460384,0.009431572,0.004963985,0.012906362,0.010920768,0.019359543,0.007942377,0.009431572,0.007445978,0.010424369,0.005460384,0.172312042,0.130247999,1
0.010614945,0.010614945,0.014330175,0.011676439,0.010084198,0.008491956,0.013799428,0.009022703,0.011676439,0.014330175,0.012207186,0.011145692,0.006368967,0.006368967,0.013268681,0.008491956,0.008491956,0.010084198,0.013799428,0.007961209,0.007430461,0.010614945,0.010614945,0.010084198,0.006899714,0.013799428,0.014860923,0.011676439,0.010084198,0.004776725,0.012207186,0.007430461,0.016453164,0.009022703,0.011145692,0.011676439,0.016453164,0.014330175,0.013799428,0.010084198,0.016983912,0.01539167,0.020699142,0.014330175,0.010614945,0.006899714,0.015922417,0.012207186,0.011676439,0.011676439,0.010084198,0.003184483,0.006899714,0.005307472,0.009022703,0.005307472,0.012737934,0.011145692,0.019637648,0.008491956,0.00955345,0.008491956,0.010084198,0.005307472,0.172252277,0.129815105,1
0.010358759,0.011838581,0.014304952,0.010852033,0.010852033,0.008385662,0.014304952,0.008878936,0.011838581,0.014304952,0.013318404,0.011345307,0.005919291,0.006412565,0.013811678,0.007892388,0.008385662,0.010358759,0.015291501,0.008385662,0.007399113,0.009865484,0.009865484,0.00937221,0.007399113,0.013318404,0.014798227,0.011345307,0.00937221,0.004932742,0.012331856,0.007399113,0.016771324,0.008878936,0.010852033,0.011838581,0.016278049,0.013811678,0.013811678,0.010852033,0.016278049,0.016771324,0.019730969,0.014798227,0.011345307,0.006905839,0.014798227,0.012331856,0.011838581,0.011345307,0.010358759,0.002959645,0.007892388,0.004932742,0.008878936,0.004932742,0.01282513,0.010358759,0.019730969,0.007892388,0.00937221,0.008385662,0.009865484,0.005426016,0.172047671,0.130462579,1
0.009382505,0.011988757,0.013031258,0.009903756,0.012510007,0.009903756,0.011467507,0.008861255,0.012510007,0.013552508,0.013031258,0.014073758,0.007297504,0.007297504,0.010946256,0.007818755,0.010425006,0.009903756,0.012510007,0.007297504,0.008861255,0.010946256,0.008340005,0.011467507,0.007297504,0.011467507,0.018243761,0.011467507,0.008340005,0.006255004,0.012510007,0.007818755,0.013552508,0.009903756,0.016158759,0.013031258,0.013552508,0.012510007,0.013031258,0.008340005,0.01772251,0.014073758,0.020850012,0.016158759,0.010946256,0.009903756,0.01720126,0.010425006,0.010946256,0.010946256,0.011467507,0.003127502,0.005212503,0.006776254,0.015116259,0.006255004,0.015116259,0.008340005,0.01668001,0.006776254,0.009903756,0.009903756,0.006255004,0.005733753,0.16771483,0.129639762,1
0.009836445,0.011907276,0.012942691,0.010354153,0.012942691,0.009836445,0.01087186,0.009836445,0.011907276,0.013460398,0.012942691,0.014495814,0.007247907,0.007765614,0.011389568,0.007247907,0.01087186,0.010354153,0.012424983,0.007247907,0.00880103,0.01087186,0.00880103,0.011389568,0.007247907,0.01087186,0.017084352,0.011907276,0.007765614,0.007247907,0.012942691,0.007765614,0.013978106,0.009836445,0.016048937,0.012424983,0.011907276,0.012424983,0.013460398,0.008283322,0.017602059,0.013978106,0.023296843,0.015531229,0.011389568,0.009318737,0.016048937,0.011389568,0.010354153,0.011389568,0.011389568,0.003623953,0.007247907,0.006730199,0.013978106,0.006212492,0.015531229,0.007765614,0.016566644,0.006730199,0.010354153,0.009836445,0.006212492,0.004141661,0.167441046,0.128994283,1
0.009074065,0.012602867,0.013611097,0.010082294,0.012098753,0.010082294,0.012602867,0.008065835,0.013106982,0.014115212,0.011594638,0.013611097,0.007057606,0.00756172,0.010586409,0.007057606,0.010082294,0.010082294,0.013611097,0.006553491,0.009074065,0.010586409,0.00856995,0.011594638,0.008065835,0.011594638,0.018148129,0.012098753,0.007057606,0.00756172,0.013106982,0.00756172,0.015627556,0.010082294,0.01613167,0.011594638,0.012602867,0.012602867,0.013611097,0.009074065,0.0171399,0.014619326,0.023189276,0.015627556,0.011090523,0.010082294,0.0171399,0.010586409,0.010586409,0.010082294,0.009074065,0.004032918,0.006553491,0.006553491,0.015123441,0.006553491,0.015123441,0.007057606,0.017644014,0.00756172,0.009074065,0.009578179,0.006553491,0.005545262,0.166698093,0.127541328,1
0.009319868,0.01139095,0.012426491,0.009837639,0.012944261,0.009837639,0.01139095,0.010355409,0.012944261,0.013462032,0.012426491,0.014497573,0.007248786,0.007248786,0.01087318,0.007766557,0.009837639,0.01087318,0.012944261,0.007248786,0.009319868,0.01087318,0.008284327,0.010355409,0.007766557,0.01139095,0.017086425,0.01139095,0.008284327,0.006213245,0.012426491,0.008284327,0.013462032,0.010355409,0.016050884,0.012944261,0.013462032,0.01139095,0.012944261,0.008802098,0.017086425,0.013462032,0.021228589,0.016050884,0.01139095,0.009837639,0.017086425,0.010355409,0.010355409,0.01190872,0.01190872,0.003106623,0.005177705,0.006731016,0.015015343,0.006213245,0.015015343,0.008284327,0.017086425,0.006731016,0.010355409,0.009837639,0.006213245,0.005177705,0.168654638,0.129766396,1
0.008665874,0.013253689,0.013253689,0.009685388,0.011724417,0.009175631,0.013763446,0.009175631,0.01121466,0.014273203,0.012234174,0.012743932,0.006117087,0.007136602,0.010704903,0.006626844,0.009685388,0.010704903,0.013253689,0.006626844,0.009175631,0.012743932,0.008665874,0.011724417,0.008156116,0.011724417,0.019370776,0.010704903,0.007646359,0.006626844,0.013253689,0.008156116,0.014782961,0.009685388,0.014273203,0.011724417,0.012743932,0.013763446,0.013253689,0.009175631,0.01682199,0.015292718,0.024468349,0.017841504,0.010704903,0.009175631,0.018351262,0.010704903,0.01121466,0.010195145,0.009685388,0.002548786,0.006626844,0.006626844,0.014273203,0.00560733,0.014273203,0.007646359,0.018351262,0.007646359,0.009175631,0.010195145,0.006117087,0.003568301,0.166586846,0.128928614,1
0.010551948,0.013189935,0.011607143,0.01213474,0.012662337,0.008441558,0.01213474,0.009496753,0.01213474,0.012662337,0.01213474,0.011607143,0.006858766,0.008969156,0.01213474,0.009496753,0.010551948,0.01002435,0.011607143,0.007913961,0.008441558,0.011079545,0.007386363,0.01213474,0.006858766,0.011079545,0.017410714,0.009496753,0.007913961,0.007386363,0.013717532,0.008969156,0.014772727,0.009496753,0.015300324,0.013717532,0.011607143,0.01213474,0.01213474,0.009496753,0.017938311,0.01424513,0.020576298,0.016355519,0.010551948,0.007913961,0.015827922,0.010551948,0.011607143,0.01002435,0.01002435,0.003693182,0.007386363,0.007386363,0.013189935,0.006858766,0.016355519,0.007386363,0.018465909,0.007386363,0.01002435,0.010551948,0.007913961,0.004748377,0.166322531,0.129862548,1
0.009165117,0.013238502,0.012220156,0.010183463,0.01120181,0.010183463,0.013238502,0.009165117,0.011710983,0.014256849,0.011710983,0.013238502,0.006619251,0.007128424,0.010692636,0.007128424,0.010183463,0.010183463,0.012729329,0.006110078,0.008146771,0.012729329,0.00967429,0.011710983,0.008146771,0.01120181,0.019857753,0.011710983,0.008655944,0.007128424,0.012729329,0.007128424,0.014256849,0.010183463,0.015784368,0.011710983,0.012729329,0.012729329,0.013238502,0.009165117,0.017311888,0.014766022,0.025458658,0.016293541,0.01120181,0.009165117,0.017311888,0.010692636,0.010692636,0.010183463,0.010183463,0.003564212,0.007128424,0.006619251,0.014766022,0.005600905,0.014766022,0.007637597,0.016802714,0.007128424,0.008146771,0.010692636,0.006110078,0.003564212,0.16636241,0.128941932,1
0.009202332,0.013076998,0.013561331,0.009686665,0.012108332,0.010655332,0.012108332,0.009202332,0.012108332,0.014045665,0.013076998,0.013561331,0.006780666,0.008717999,0.011139665,0.006780666,0.010655332,0.010655332,0.012592665,0.007264999,0.008717999,0.009686665,0.008233665,0.011623998,0.007749332,0.010170999,0.016951664,0.012108332,0.007264999,0.008233665,0.014045665,0.007264999,0.015014331,0.010170999,0.015982998,0.013076998,0.011623998,0.011623998,0.013076998,0.009686665,0.017920331,0.014045665,0.022763663,0.015498664,0.011623998,0.008717999,0.015982998,0.011139665,0.010655332,0.010170999,0.010655332,0.003390333,0.008717999,0.006296332,0.013561331,0.006780666,0.015982998,0.007749332,0.017435997,0.006296332,0.009202332,0.009686665,0.006296332,0.005811999,0.16592971,0.128396727,1
0.009061316,0.012585161,0.01409538,0.010068129,0.011578348,0.010571535,0.012081754,0.009061316,0.014598787,0.01409538,0.012081754,0.01409538,0.00704769,0.007551096,0.009061316,0.00704769,0.010571535,0.009564722,0.013088567,0.006040877,0.009061316,0.010068129,0.009564722,0.011074942,0.008054503,0.011578348,0.017619225,0.012081754,0.00704769,0.008054503,0.013591974,0.007551096,0.015102193,0.010571535,0.017619225,0.011578348,0.012081754,0.012585161,0.013591974,0.009061316,0.017115819,0.015102193,0.021646477,0.015605599,0.011074942,0.009061316,0.016612412,0.011578348,0.011074942,0.010571535,0.009564722,0.003020439,0.006544284,0.006544284,0.01409538,0.00704769,0.015102193,0.006544284,0.018122632,0.006544284,0.009061316,0.009564722,0.007551096,0.00704769,0.164919708,0.127794254,1
0.009323937,0.01191392,0.013467909,0.01035993,0.012431916,0.009841934,0.01191392,0.008287944,0.012431916,0.013985906,0.012431916,0.013985906,0.006733955,0.007251951,0.011395923,0.007251951,0.01035993,0.010877927,0.012431916,0.006733955,0.009323937,0.010877927,0.008287944,0.01191392,0.007251951,0.011395923,0.018647874,0.011395923,0.008287944,0.006215958,0.01191392,0.008287944,0.013985906,0.009841934,0.016057892,0.012431916,0.012949913,0.012949913,0.013467909,0.008287944,0.017093885,0.015021899,0.02227385,0.016057892,0.01035993,0.009841934,0.017611881,0.010877927,0.011395923,0.009841934,0.010877927,0.003107979,0.005697962,0.006733955,0.015021899,0.006215958,0.015539895,0.007769948,0.016575888,0.007251951,0.009841934,0.01035993,0.006215958,0.005179965,0.167018179,0.129024571,1
0.007543832,0.011787237,0.013201706,0.009901279,0.009901279,0.009901279,0.012730216,0.0089583,0.010372769,0.016973622,0.013201706,0.012730216,0.005657874,0.007543832,0.0089583,0.005657874,0.008486811,0.009901279,0.016030643,0.005657874,0.007072342,0.0089583,0.012730216,0.010372769,0.0089583,0.012258727,0.020274048,0.011315748,0.007072342,0.007072342,0.013673195,0.008015321,0.015559153,0.010844258,0.014616174,0.009901279,0.015559153,0.013201706,0.016973622,0.012258727,0.017445111,0.017445111,0.026874901,0.016030643,0.009901279,0.010372769,0.017916601,0.0089583,0.010844258,0.0089583,0.0089583,0.002357447,0.007543832,0.007543832,0.010372769,0.004243405,0.014144685,0.011315748,0.017445111,0.007072342,0.008486811,0.004714895,0.00942979,0.002357447,0.166947562,0.130533087,1
0.008073249,0.012822218,0.012822218,0.00949794,0.00949794,0.00949794,0.013297115,0.00949794,0.009972836,0.016146497,0.013772012,0.013772012,0.005223867,0.006173661,0.008548146,0.006173661,0.009023043,0.010447733,0.015196703,0.005223867,0.007123455,0.009023043,0.012822218,0.01092263,0.009023043,0.013772012,0.02042057,0.01092263,0.006648558,0.006173661,0.014246909,0.007123455,0.0156716,0.010447733,0.014246909,0.009023043,0.017571188,0.013772012,0.016621394,0.010447733,0.018046085,0.018046085,0.028493819,0.016146497,0.011397527,0.00949794,0.018046085,0.009023043,0.010447733,0.008548146,0.011397527,0.001899588,0.005698764,0.007598352,0.011397527,0.003324279,0.012347321,0.010447733,0.018046085,0.007123455,0.009023043,0.006173661,0.007123455,0.001899588,0.167416034,0.130686236,1
0.008322301,0.011558751,0.012483451,0.009709351,0.009247001,0.010634051,0.012021101,0.008784651,0.009709351,0.017106951,0.013408151,0.012483451,0.0055482,0.007859951,0.008784651,0.0055482,0.008784651,0.010171701,0.015719901,0.0055482,0.006935251,0.008784651,0.013408151,0.011558751,0.008784651,0.012021101,0.020343402,0.011558751,0.007397601,0.007859951,0.013870501,0.007397601,0.014795201,0.010171701,0.014795201,0.010171701,0.016182251,0.012945801,0.017569301,0.012483451,0.018031651,0.018494001,0.027278652,0.015257551,0.009709351,0.009709351,0.017569301,0.009247001,0.010171701,0.008784651,0.009709351,0.00231175,0.007859951,0.008322301,0.009709351,0.0036988,0.013408151,0.011558751,0.018031651,0.006935251,0.008322301,0.00416115,0.009709351,0.0027741,0.16653155,0.130234046,1
0.007552235,0.011800367,0.013216411,0.009912309,0.009440294,0.010384323,0.012272382,0.009440294,0.010856338,0.016992529,0.013216411,0.012744397,0.005664176,0.007552235,0.008968279,0.005664176,0.008968279,0.009912309,0.016520514,0.005664176,0.00708022,0.008968279,0.013216411,0.010384323,0.008496265,0.012272382,0.020296632,0.011328353,0.00708022,0.007552235,0.013216411,0.007552235,0.01510447,0.010384323,0.01510447,0.009912309,0.016992529,0.012744397,0.016992529,0.011800367,0.017936558,0.018408573,0.026432823,0.01510447,0.009912309,0.009912309,0.016992529,0.009440294,0.010856338,0.009440294,0.008496265,0.002360073,0.007552235,0.00802425,0.009912309,0.003776118,0.013216411,0.010856338,0.017936558,0.00708022,0.008496265,0.004248132,0.009912309,0.003304103,0.166812402,0.130357717,1
0.007954712,0.011434899,0.012926407,0.01044056,0.009446221,0.01044056,0.011434899,0.008451882,0.01044056,0.017898102,0.012926407,0.012429238,0.005966034,0.006960373,0.008949051,0.005966034,0.008949051,0.009446221,0.017400933,0.005468865,0.006960373,0.00994339,0.013920746,0.010937729,0.007954712,0.011932068,0.02038395,0.011932068,0.006960373,0.007954712,0.013423577,0.006960373,0.015412255,0.00994339,0.014417916,0.009446221,0.017898102,0.012926407,0.017898102,0.011932068,0.017400933,0.018892441,0.026847153,0.014417916,0.008949051,0.00994339,0.017400933,0.009446221,0.01044056,0.009446221,0.008949051,0.002485848,0.006960373,0.008451882,0.008949051,0.003977356,0.013423577,0.011932068,0.017400933,0.006960373,0.009446221,0.002983017,0.00994339,0.002485848,0.167426224,0.130570434,1
0.00794795,0.010431684,0.012915419,0.010431684,0.008444697,0.010431684,0.012418672,0.009438191,0.009934938,0.017882888,0.012915419,0.012418672,0.005960963,0.007451203,0.008444697,0.005464216,0.008941444,0.010431684,0.016392647,0.004967469,0.00794795,0.009438191,0.013908913,0.010431684,0.008444697,0.012418672,0.020863369,0.011425178,0.006954456,0.007451203,0.012915419,0.00794795,0.014902406,0.010431684,0.014902406,0.009438191,0.017386141,0.013412166,0.016889394,0.011921925,0.018379634,0.017386141,0.027321078,0.015399153,0.008941444,0.010431684,0.018379634,0.008941444,0.009934938,0.009438191,0.008941444,0.002483734,0.006954456,0.008444697,0.009934938,0.003973975,0.012915419,0.011921925,0.017386141,0.007451203,0.008941444,0.003973975,0.009438191,0.002483734,0.166938767,0.130164404,1
0.007988876,0.010984704,0.012482619,0.0104854,0.00948679,0.009986095,0.011484009,0.008987485,0.0104854,0.017974971,0.012981923,0.012482619,0.005991657,0.006990266,0.008987485,0.005991657,0.008488181,0.00948679,0.017475666,0.005492352,0.006990266,0.00948679,0.013980533,0.0104854,0.008488181,0.012482619,0.020471494,0.011484009,0.006990266,0.007489571,0.013481228,0.007489571,0.015478447,0.009986095,0.014979142,0.00948679,0.017475666,0.012981923,0.018474275,0.012482619,0.017475666,0.01897358,0.026962456,0.014479837,0.008987485,0.00948679,0.017475666,0.008987485,0.009986095,0.00948679,0.008987485,0.002496524,0.006990266,0.008488181,0.008987485,0.003495133,0.013481228,0.011983314,0.017475666,0.006990266,0.008987485,0.003495133,0.009986095,0.002496524,0.167528488,0.130449045,1
0.007756914,0.011150563,0.012604985,0.010180949,0.009211335,0.010180949,0.012604985,0.008726528,0.010180949,0.017453056,0.013089792,0.012120178,0.005817685,0.007272107,0.008726528,0.005817685,0.008726528,0.010180949,0.016968249,0.005332878,0.007272107,0.009211335,0.013574599,0.010665756,0.008726528,0.012604985,0.020846706,0.011150563,0.007272107,0.007756914,0.013089792,0.007756914,0.01502902,0.010180949,0.014544213,0.010180949,0.017453056,0.013089792,0.017453056,0.012604985,0.017937863,0.01842267,0.026664391,0.01502902,0.008726528,0.009696142,0.017937863,0.009211335,0.010180949,0.009211335,0.008726528,0.002424036,0.007272107,0.008241721,0.009696142,0.003878457,0.013089792,0.011635371,0.017453056,0.007272107,0.008726528,0.004363264,0.009696142,0.002424036,0.167201487,0.130313018,1
0.00798389,0.010977848,0.012973821,0.010478855,0.009480869,0.009979862,0.011476841,0.008981876,0.010478855,0.017963752,0.012973821,0.012474827,0.005987917,0.006985903,0.008981876,0.005987917,0.008981876,0.009480869,0.017464758,0.005488924,0.006985903,0.009480869,0.013971807,0.010478855,0.00798389,0.012474827,0.020458717,0.011476841,0.006985903,0.00798389,0.013472814,0.007484896,0.015468786,0.009979862,0.0144708,0.009480869,0.017963752,0.012973821,0.017963752,0.012474827,0.017464758,0.018961738,0.026945627,0.0144708,0.008981876,0.009480869,0.017464758,0.008981876,0.009979862,0.009480869,0.008981876,0.002494965,0.006985903,0.008482883,0.008981876,0.003492952,0.013472814,0.011975834,0.017464758,0.006985903,0.008981876,0.003492952,0.009979862,0.002494965,0.16742853,0.130488182,1
0.007942138,0.011913208,0.012905975,0.010424057,0.009431289,0.009431289,0.011913208,0.008438522,0.010424057,0.017373428,0.013898742,0.012409591,0.006452988,0.007445755,0.008438522,0.005956604,0.008934906,0.008438522,0.018366195,0.004963837,0.006949371,0.009431289,0.014395126,0.010424057,0.008934906,0.012905975,0.02035173,0.011416824,0.007445755,0.007445755,0.012905975,0.006949371,0.015387893,0.009431289,0.01489151,0.009927673,0.017869812,0.013402359,0.017869812,0.012409591,0.016877044,0.019855346,0.026804717,0.014395126,0.009431289,0.009431289,0.017869812,0.008438522,0.01092044,0.009431289,0.008438522,0.002978302,0.006452988,0.008934906,0.009431289,0.003474686,0.013402359,0.011416824,0.016877044,0.006949371,0.008438522,0.003474686,0.009431289,0.001985535,0.167900072,0.130709822,1
0.011794369,0.013402692,0.013402692,0.010186046,0.011258261,0.009649938,0.012330477,0.008577723,0.011794369,0.0139388,0.011258261,0.014474908,0.006433292,0.008041615,0.010722154,0.0069694,0.012330477,0.010722154,0.013402692,0.006433292,0.011794369,0.011258261,0.009649938,0.011258261,0.0069694,0.012330477,0.017691554,0.011794369,0.005897185,0.008577723,0.011794369,0.008041615,0.014474908,0.008577723,0.015547123,0.012866585,0.013402692,0.014474908,0.012330477,0.008041615,0.017691554,0.0139388,0.021980415,0.016083231,0.009113831,0.009649938,0.017691554,0.011794369,0.010722154,0.009113831,0.009113831,0.002680538,0.005897185,0.008577723,0.014474908,0.006433292,0.015011015,0.008041615,0.018763769,0.005897185,0.010186046,0.009113831,0.007505508,0.003752754,0.16454732,0.12832664,1
0.011726792,0.0133259,0.012792864,0.01066072,0.011193756,0.009594648,0.012259828,0.008528576,0.011726792,0.013858936,0.011193756,0.014391972,0.006396432,0.00799554,0.01066072,0.006929468,0.011726792,0.01066072,0.014391972,0.005863396,0.011726792,0.011193756,0.009594648,0.011193756,0.006929468,0.012259828,0.017590188,0.011726792,0.005863396,0.008528576,0.011193756,0.008528576,0.014391972,0.008528576,0.015458044,0.012792864,0.013858936,0.014391972,0.012259828,0.00799554,0.017590188,0.014391972,0.02398662,0.01599108,0.009061612,0.009594648,0.017590188,0.011726792,0.01066072,0.009061612,0.009061612,0.00266518,0.005863396,0.008528576,0.014391972,0.006396432,0.014925008,0.00799554,0.019189296,0.005863396,0.010127684,0.009061612,0.00799554,0.003731252,0.164043743,0.128617487,1
0.011800257,0.013409383,0.012873008,0.010191131,0.011263882,0.009654756,0.012336632,0.008582005,0.011800257,0.013945758,0.011263882,0.014482133,0.006436504,0.00804563,0.010727506,0.006972879,0.011800257,0.010727506,0.013945758,0.006436504,0.011800257,0.011263882,0.009654756,0.011263882,0.006972879,0.012336632,0.017700385,0.011800257,0.005900128,0.008582005,0.011800257,0.00804563,0.014482133,0.008582005,0.015554884,0.012873008,0.013409383,0.014482133,0.012336632,0.00804563,0.017700385,0.013945758,0.021991388,0.016091259,0.00911838,0.009654756,0.017700385,0.011800257,0.010727506,0.00911838,0.00911838,0.002681877,0.005900128,0.008582005,0.014482133,0.006436504,0.015018509,0.00804563,0.018773136,0.005900128,0.010191131,0.00911838,0.007509254,0.003754627,0.164581056,0.128476281,1
0.012326486,0.013398354,0.013398354,0.009646815,0.011254617,0.010182749,0.012326486,0.008574947,0.011790551,0.013934288,0.011254617,0.014470222,0.00643121,0.008039012,0.010718683,0.006967144,0.012326486,0.011254617,0.013398354,0.00643121,0.012326486,0.011254617,0.009110881,0.011254617,0.006967144,0.011790551,0.017685827,0.011790551,0.005895276,0.008574947,0.011790551,0.008039012,0.014470222,0.008574947,0.015542091,0.01286242,0.013398354,0.013934288,0.012326486,0.008039012,0.017685827,0.013934288,0.0219733,0.016078025,0.009110881,0.009646815,0.017685827,0.011790551,0.010182749,0.009110881,0.009110881,0.003215605,0.005895276,0.008574947,0.014470222,0.00643121,0.015006156,0.008039012,0.018757695,0.005895276,0.010182749,0.009110881,0.007503078,0.004287473,0.164394882,0.128172032,1
0.011711733,0.013308787,0.012776436,0.01064703,0.011179381,0.010114678,0.012244084,0.008517624,0.011711733,0.01437349,0.011179381,0.01437349,0.006388218,0.007985272,0.011179381,0.006920569,0.011711733,0.011179381,0.01437349,0.006388218,0.012244084,0.011179381,0.009049975,0.011179381,0.006920569,0.011711733,0.017567599,0.011711733,0.005855866,0.008517624,0.011711733,0.007985272,0.01437349,0.008517624,0.015438193,0.012776436,0.013841139,0.013841139,0.012244084,0.007985272,0.017567599,0.01437349,0.023423465,0.015970545,0.009049975,0.009582327,0.017567599,0.011711733,0.01064703,0.009049975,0.009049975,0.002661757,0.005855866,0.008517624,0.01437349,0.006388218,0.014905842,0.007985272,0.019164654,0.005855866,0.010114678,0.009049975,0.007452921,0.00372646,0.164352904,0.128684321,1
0.011819572,0.013431331,0.012894078,0.010207812,0.011282318,0.009670559,0.012356825,0.008596052,0.011819572,0.013968585,0.011282318,0.014505838,0.006447039,0.008058799,0.010207812,0.006984292,0.011819572,0.010745065,0.013968585,0.005909786,0.011819572,0.011282318,0.009670559,0.011282318,0.006984292,0.012356825,0.017729358,0.011819572,0.005909786,0.008596052,0.011819572,0.008058799,0.014505838,0.008596052,0.015580345,0.012894078,0.013431331,0.014505838,0.012356825,0.008058799,0.017729358,0.013968585,0.022027384,0.016117598,0.009133305,0.009670559,0.017729358,0.011819572,0.010745065,0.009133305,0.009133305,0.002686266,0.005909786,0.008596052,0.014505838,0.006447039,0.015043091,0.008058799,0.018803864,0.005909786,0.010207812,0.009133305,0.007521546,0.003760773,0.16435605,0.12861866,1
0.012840391,0.014591354,0.013424046,0.009338467,0.011089429,0.007587504,0.013424046,0.008754812,0.013424046,0.0140077,0.012840391,0.014591354,0.00700385,0.008171158,0.009922121,0.00700385,0.011673083,0.009922121,0.014591354,0.005836542,0.010505775,0.009338467,0.007587504,0.012256737,0.00700385,0.011089429,0.017509625,0.010505775,0.006420196,0.009338467,0.012840391,0.008171158,0.014591354,0.008171158,0.016342316,0.0140077,0.013424046,0.0140077,0.012256737,0.009338467,0.017509625,0.016342316,0.020427895,0.015758662,0.008171158,0.008754812,0.018093279,0.011673083,0.011089429,0.008171158,0.009922121,0.002918271,0.00700385,0.008754812,0.013424046,0.006420196,0.015175008,0.007587504,0.019260587,0.005836542,0.010505775,0.009338467,0.00700385,0.004085579,0.1629759,0.129051608,1
0.011717521,0.013315365,0.012782751,0.010652292,0.011184907,0.010119678,0.012250136,0.008521834,0.011717521,0.014380594,0.011184907,0.014380594,0.006391375,0.007989219,0.010652292,0.00692399,0.011717521,0.011184907,0.014380594,0.005858761,0.012250136,0.011184907,0.009054448,0.011184907,0.00692399,0.011717521,0.018108897,0.011717521,0.005858761,0.008521834,0.011717521,0.007989219,0.014380594,0.008521834,0.015445824,0.012782751,0.01384798,0.01384798,0.012782751,0.007989219,0.017576282,0.014380594,0.022902428,0.015978438,0.009054448,0.009587063,0.017576282,0.011717521,0.010652292,0.009054448,0.009054448,0.002663073,0.005858761,0.008521834,0.014380594,0.006391375,0.014913209,0.007989219,0.019174126,0.005858761,0.010119678,0.009054448,0.007456604,0.003728302,0.164320148,0.12890027,1
0.011801698,0.01341102,0.012874579,0.009655934,0.011265257,0.009655934,0.012338138,0.008583053,0.011801698,0.013947461,0.011265257,0.014483902,0.00643729,0.008046612,0.010728816,0.00697373,0.011801698,0.010728816,0.013947461,0.00643729,0.011801698,0.011265257,0.009655934,0.011265257,0.00697373,0.012338138,0.017702546,0.011801698,0.005900849,0.008583053,0.011801698,0.008046612,0.014483902,0.008583053,0.015556783,0.012874579,0.01341102,0.014483902,0.012338138,0.008046612,0.017702546,0.013947461,0.021994073,0.016093224,0.009119494,0.009655934,0.017702546,0.011801698,0.010192375,0.009119494,0.009119494,0.003218645,0.005900849,0.008583053,0.014483902,0.00643729,0.015020342,0.008046612,0.018775428,0.005900849,0.010192375,0.009119494,0.007510171,0.004291526,0.164549721,0.128421307,1
0.012343845,0.013417223,0.012880534,0.010197089,0.011270467,0.0096604,0.012343845,0.008587023,0.011807156,0.013953912,0.011270467,0.0144906,0.006440267,0.008050334,0.010197089,0.006976956,0.011807156,0.010733778,0.013953912,0.005903578,0.011807156,0.011270467,0.0096604,0.011270467,0.006976956,0.012343845,0.017710734,0.011807156,0.005903578,0.008587023,0.011807156,0.008050334,0.0144906,0.008587023,0.015563978,0.012880534,0.013417223,0.0144906,0.012343845,0.008050334,0.017710734,0.013953912,0.022540934,0.016100667,0.009123711,0.0096604,0.017710734,0.011807156,0.010733778,0.009123711,0.009123711,0.002683445,0.005903578,0.008587023,0.0144906,0.006440267,0.015027289,0.008050334,0.018784112,0.005903578,0.010197089,0.009123711,0.007513645,0.003756822,0.164183404,0.128460617,1
0.009430645,0.014617499,0.011316773,0.011316773,0.014145967,0.012259838,0.015560563,0.014617499,0.010373709,0.010845241,0.009430645,0.01273137,0.007072983,0.009902177,0.009902177,0.005186854,0.011788306,0.013202902,0.00848758,0.008016048,0.007544516,0.006601451,0.010373709,0.011316773,0.008016048,0.011788306,0.016503628,0.011788306,0.009902177,0.005658387,0.014617499,0.009902177,0.014617499,0.012259838,0.015089031,0.008959112,0.009430645,0.010845241,0.013674435,0.008959112,0.017446692,0.010373709,0.023105079,0.013674435,0.014145967,0.009902177,0.016503628,0.007072983,0.011316773,0.016032096,0.00848758,0.003772258,0.010373709,0.006129919,0.00848758,0.005186854,0.015089031,0.009902177,0.015560563,0.009430645,0.00848758,0.004715322,0.008959112,0.003772258,0.174888827,0.129129609,1
0.008981226,0.011817402,0.015598971,0.011344706,0.01087201,0.011817402,0.012290098,0.011817402,0.013235491,0.015126275,0.014180883,0.013708187,0.005672353,0.007090441,0.009453922,0.005672353,0.009926618,0.01087201,0.012290098,0.004726961,0.006617745,0.006617745,0.010399314,0.012290098,0.008035834,0.011344706,0.015598971,0.010399314,0.010399314,0.004726961,0.014653579,0.008981226,0.017017059,0.012290098,0.014180883,0.009926618,0.011817402,0.011817402,0.014653579,0.010399314,0.018435148,0.011344706,0.025525589,0.016071667,0.014180883,0.010399314,0.017962452,0.007090441,0.011817402,0.011344706,0.014180883,0.001890784,0.00850853,0.005672353,0.008035834,0.004254265,0.013708187,0.01087201,0.016071667,0.009453922,0.008981226,0.004254265,0.00850853,0.003308873,0.169042702,0.130421689,1
0.010003713,0.011670998,0.013894045,0.01222676,0.01222676,0.010003713,0.011115236,0.013338283,0.012782522,0.015561331,0.014449807,0.011670998,0.007224904,0.006669142,0.009447951,0.006669142,0.010003713,0.010559474,0.015005569,0.004446094,0.006669142,0.006669142,0.011115236,0.011670998,0.008892189,0.012782522,0.013894045,0.010559474,0.007780665,0.006669142,0.014449807,0.010559474,0.017228616,0.01222676,0.015005569,0.011670998,0.011670998,0.012782522,0.014449807,0.009447951,0.019451663,0.010559474,0.023341996,0.014449807,0.011670998,0.011115236,0.017228616,0.007224904,0.010559474,0.012782522,0.010559474,0.001667285,0.009447951,0.006669142,0.009447951,0.005001856,0.015005569,0.009447951,0.015561331,0.010559474,0.008892189,0.00611338,0.009447951,0.003334571,0.167675536,0.12761849,1
0.009693256,0.011631907,0.014055221,0.011147244,0.011631907,0.011147244,0.01211657,0.012601233,0.012601233,0.015024547,0.013570558,0.013570558,0.007269942,0.006300616,0.009693256,0.005815954,0.009208593,0.010177919,0.013570558,0.005331291,0.007269942,0.005815954,0.010177919,0.011631907,0.008239268,0.01211657,0.015993872,0.009693256,0.009208593,0.005815954,0.013570558,0.011147244,0.016478535,0.01211657,0.015509209,0.010177919,0.011147244,0.01211657,0.015024547,0.010177919,0.019386512,0.011631907,0.023748477,0.015509209,0.013085895,0.010177919,0.016963198,0.007269942,0.011147244,0.013085895,0.011631907,0.002423314,0.008239268,0.005815954,0.00872393,0.005331291,0.014055221,0.009693256,0.017447861,0.00872393,0.00872393,0.005815954,0.009693256,0.004361965,0.168787608,0.128936002,1
0.027852951,0.014958066,0.023210793,0.013926476,0.010831703,0.007736931,0.010315908,0.011863294,0.016505453,0.012894885,0.014442271,0.01341068,0.009284317,0.007736931,0.010831703,0.007736931,0.012894885,0.007736931,0.010831703,0.007221135,0.007221135,0.005157954,0.00670534,0.009800112,0.00670534,0.008768522,0.008768522,0.010315908,0.008252726,0.004642159,0.009800112,0.012379089,0.020631816,0.008768522,0.011863294,0.009284317,0.012894885,0.009284317,0.009800112,0.009284317,0.01341068,0.010831703,0.015989657,0.013926476,0.01341068,0.009284317,0.016505453,0.009800112,0.018568634,0.009284317,0.011347499,0.005157954,0.007221135,0.00670534,0.007736931,0.004126363,0.013926476,0.008768522,0.014958066,0.011347499,0.01341068,0.004126363,0.012379089,0.008252726,0.168079499,0.128891384,1
0.007825769,0.011968823,0.01427052,0.010127465,0.010587805,0.012429162,0.011968823,0.010127465,0.012889502,0.016572216,0.014730859,0.012889502,0.00690509,0.007365429,0.009206787,0.006444751,0.009206787,0.011048144,0.012889502,0.006444751,0.006444751,0.007365429,0.009667126,0.012889502,0.007825769,0.011508484,0.014730859,0.010127465,0.008746447,0.005984411,0.01427052,0.010127465,0.017032556,0.011048144,0.015191198,0.011508484,0.012889502,0.011048144,0.01427052,0.011048144,0.018413574,0.011508484,0.023937646,0.016572216,0.013349841,0.010127465,0.017953234,0.007365429,0.010127465,0.011048144,0.01427052,0.001841357,0.009667126,0.005524072,0.008286108,0.005063733,0.015651538,0.009667126,0.017032556,0.009206787,0.008286108,0.005063733,0.010127465,0.002762036,0.168500904,0.129021263,1
0.010205527,0.010715804,0.014287738,0.012246633,0.010715804,0.01122608,0.013777462,0.01122608,0.013267186,0.014798015,0.012756909,0.013777462,0.006633593,0.007143869,0.008674698,0.00561304,0.008674698,0.010715804,0.012246633,0.004592487,0.006633593,0.006633593,0.01122608,0.01122608,0.008674698,0.012246633,0.01683912,0.01122608,0.009695251,0.005102764,0.013267186,0.009184975,0.017859673,0.012246633,0.014798015,0.009695251,0.010715804,0.011736357,0.015308291,0.010715804,0.019390502,0.010715804,0.023472713,0.015818568,0.013777462,0.010205527,0.017859673,0.008164422,0.010715804,0.013267186,0.013267186,0.001530829,0.008164422,0.006123316,0.008674698,0.004592487,0.013267186,0.010715804,0.015818568,0.009184975,0.008674698,0.005102764,0.009184975,0.004082211,0.169769108,0.13013171,1
0.007531185,0.011296777,0.015062369,0.010355379,0.010826078,0.013179573,0.011767476,0.00988468,0.013650272,0.016945165,0.015062369,0.012238175,0.007060485,0.006589786,0.008943282,0.006589786,0.008943282,0.011767476,0.012708874,0.006119087,0.006589786,0.007531185,0.009413981,0.012708874,0.008472583,0.011767476,0.013650272,0.010826078,0.00988468,0.005648388,0.015062369,0.008943282,0.017886563,0.011296777,0.015533068,0.011296777,0.013650272,0.00988468,0.015062369,0.012238175,0.017415864,0.011767476,0.022593554,0.016003767,0.012708874,0.00988468,0.018357262,0.007060485,0.00988468,0.011296777,0.01459167,0.001882796,0.008472583,0.005177689,0.008472583,0.00470699,0.016474466,0.010355379,0.016474466,0.008943282,0.008001884,0.00470699,0.00988468,0.001882796,0.169782546,0.129346594,1
0.011123339,0.013057833,0.01402508,0.012574209,0.010639716,0.013541456,0.010156092,0.012574209,0.013057833,0.012090586,0.011606962,0.012090586,0.007737975,0.008221598,0.008705222,0.006287105,0.010639716,0.009672469,0.011606962,0.005319858,0.007737975,0.008705222,0.010639716,0.014508703,0.005803481,0.011606962,0.01547595,0.010639716,0.008705222,0.007254351,0.01402508,0.011123339,0.01837769,0.011606962,0.012574209,0.010639716,0.009672469,0.011123339,0.014508703,0.008705222,0.020312184,0.010639716,0.029501029,0.014992326,0.010156092,0.009672469,0.017894067,0.008705222,0.010639716,0.012574209,0.010156092,0.002418117,0.009188845,0.008221598,0.008221598,0.005803481,0.01402508,0.009672469,0.018861314,0.008705222,0.009188845,0.006287105,0.010639716,0.004352611,0.163930988,0.127077059,1
0.009467457,0.010962318,0.014948616,0.011958893,0.009467457,0.011958893,0.01245718,0.011958893,0.012955467,0.015446903,0.013952041,0.013453754,0.006976021,0.006976021,0.008470882,0.005979446,0.009467457,0.010464031,0.01245718,0.004982872,0.006976021,0.006477733,0.011460605,0.010962318,0.008470882,0.011958893,0.01594519,0.010464031,0.009965744,0.005979446,0.013453754,0.008969169,0.017440052,0.011958893,0.014948616,0.009965744,0.011460605,0.011460605,0.014948616,0.010464031,0.018934913,0.010464031,0.024416072,0.016941764,0.013453754,0.009965744,0.017938339,0.007972595,0.010962318,0.01245718,0.013453754,0.001494862,0.009467457,0.005979446,0.007972595,0.004982872,0.013952041,0.010464031,0.01594519,0.008969169,0.007972595,0.005481159,0.009467457,0.00348801,0.168278856,0.130631066,1
0.010094104,0.011929395,0.01422351,0.011470572,0.009635281,0.01101175,0.013305864,0.007341166,0.010552927,0.015599979,0.013305864,0.011929395,0.005964698,0.007341166,0.013764687,0.006882343,0.010094104,0.011470572,0.011470572,0.007799989,0.007341166,0.007799989,0.01422351,0.009635281,0.010094104,0.012847041,0.016058801,0.012388218,0.005505875,0.006882343,0.01422351,0.006882343,0.016058801,0.009635281,0.016517624,0.012847041,0.015141156,0.012388218,0.013764687,0.012388218,0.019270562,0.012847041,0.024776436,0.01422351,0.012388218,0.012388218,0.015141156,0.006882343,0.011470572,0.008258812,0.009176458,0.001835292,0.008717635,0.007799989,0.010094104,0.004129406,0.014682333,0.012388218,0.016976447,0.008258812,0.006882343,0.004129406,0.009176458,0.004129406,0.168696373,0.127469302,1
0.011045125,0.011547177,0.013555381,0.012049228,0.009036921,0.012049228,0.013555381,0.007530767,0.010041023,0.014559484,0.012551279,0.014057432,0.006526665,0.006526665,0.012551279,0.007028716,0.010543074,0.011045125,0.010543074,0.007028716,0.006526665,0.009036921,0.015061535,0.009538972,0.010543074,0.013555381,0.015563586,0.012049228,0.007530767,0.006024614,0.012049228,0.006526665,0.015563586,0.009538972,0.016567688,0.012551279,0.014559484,0.012049228,0.013555381,0.011045125,0.019579995,0.011045125,0.028616916,0.014559484,0.012551279,0.01305333,0.01757179,0.006024614,0.011045125,0.010041023,0.010543074,0.001004102,0.009036921,0.007028716,0.009538972,0.004016409,0.014057432,0.012049228,0.017069739,0.009036921,0.006024614,0.004016409,0.009538972,0.003012307,0.169089597,0.128038784,1
0.010580372,0.011542224,0.012985002,0.011542224,0.00961852,0.01202315,0.013946854,0.007694816,0.010099446,0.013946854,0.01202315,0.013465928,0.006252038,0.006252038,0.013946854,0.00721389,0.010099446,0.011542224,0.010580372,0.008175742,0.006732964,0.008656668,0.01442778,0.009137594,0.010099446,0.013465928,0.015389632,0.01202315,0.00721389,0.006732964,0.012504076,0.006732964,0.015389632,0.00961852,0.015870558,0.012504076,0.01442778,0.011542224,0.013465928,0.01202315,0.018756114,0.011542224,0.027412781,0.01442778,0.012504076,0.012504076,0.017313336,0.006252038,0.010580372,0.010580372,0.010099446,0.001442778,0.00961852,0.006732964,0.009137594,0.003847408,0.014908706,0.012504076,0.017313336,0.008656668,0.006732964,0.003847408,0.00961852,0.003366482,0.170698647,0.128111262,1
0.010094104,0.011929395,0.01422351,0.011470572,0.009635281,0.01101175,0.013305864,0.007341166,0.010552927,0.015599979,0.013305864,0.011929395,0.005964698,0.007341166,0.013764687,0.006882343,0.010094104,0.011470572,0.011470572,0.007799989,0.007341166,0.007799989,0.01422351,0.009635281,0.010094104,0.012847041,0.016058801,0.012388218,0.005505875,0.006882343,0.01422351,0.006882343,0.016058801,0.009635281,0.016517624,0.012847041,0.015141156,0.012388218,0.013764687,0.012388218,0.019270562,0.012847041,0.024776436,0.01422351,0.012388218,0.012388218,0.015141156,0.006882343,0.011470572,0.008258812,0.009176458,0.001835292,0.008717635,0.007799989,0.010094104,0.004129406,0.014682333,0.012388218,0.016976447,0.008258812,0.006882343,0.004129406,0.009176458,0.004129406,0.168696373,0.127469302,1
0.010565506,0.009559267,0.016602938,0.011571744,0.008553028,0.010062386,0.014087341,0.00704367,0.011068625,0.017106057,0.012074864,0.012577983,0.005534313,0.006037432,0.013081102,0.00754679,0.011571744,0.011571744,0.011068625,0.00704367,0.006540551,0.00754679,0.013584222,0.009559267,0.011571744,0.013081102,0.01509358,0.011571744,0.006037432,0.006540551,0.013081102,0.006037432,0.016099818,0.009056148,0.016602938,0.012577983,0.016602938,0.014087341,0.01459046,0.010565506,0.017609176,0.013584222,0.027168443,0.01509358,0.012074864,0.012074864,0.018112295,0.006540551,0.010062386,0.009559267,0.009056148,0.001006239,0.009056148,0.005534313,0.009056148,0.004528074,0.014087341,0.012074864,0.019118534,0.009559267,0.006037432,0.003521835,0.010565506,0.003521835,0.16944249,0.127196702,1
0.010094464,0.011929821,0.014224017,0.011470981,0.009635624,0.011012142,0.013306338,0.007341428,0.010553303,0.015600535,0.013306338,0.011929821,0.00596491,0.007341428,0.013765178,0.006882589,0.010094464,0.011470981,0.011470981,0.007800267,0.006882589,0.007341428,0.014224017,0.009635624,0.010094464,0.012847499,0.016059374,0.01238866,0.005506071,0.007341428,0.014224017,0.006882589,0.016059374,0.009635624,0.016518213,0.012847499,0.015141695,0.011929821,0.013765178,0.012847499,0.019271249,0.012847499,0.02477732,0.014224017,0.01238866,0.01238866,0.015141695,0.006882589,0.011470981,0.008259107,0.009176785,0.001835357,0.009176785,0.007800267,0.010094464,0.004129553,0.014682856,0.01238866,0.016977052,0.008259107,0.006882589,0.004129553,0.009176785,0.004129553,0.168727987,0.127412597,1
0.011024419,0.011024419,0.014031078,0.012527748,0.008518869,0.010523309,0.013529968,0.007015539,0.010523309,0.016035518,0.013529968,0.011525528,0.006514429,0.007015539,0.013529968,0.007015539,0.011024419,0.011024419,0.011525528,0.007516649,0.007516649,0.008518869,0.015033298,0.008518869,0.010022199,0.013028858,0.016536628,0.013028858,0.006013319,0.006514429,0.012527748,0.006514429,0.015033298,0.009521089,0.017538848,0.012527748,0.016536628,0.013028858,0.013028858,0.011525528,0.020044397,0.012527748,0.025055497,0.014532188,0.011024419,0.013028858,0.016536628,0.007015539,0.011525528,0.008518869,0.008518869,0.00150333,0.008017759,0.007516649,0.011024419,0.004509989,0.014031078,0.012527748,0.017037738,0.008518869,0.006514429,0.004509989,0.009521089,0.00300666,0.168709916,0.127230626,1
0.011056512,0.011056512,0.014071925,0.012564218,0.009046237,0.010553944,0.013066787,0.007035962,0.010051375,0.016584768,0.013569356,0.012564218,0.006533394,0.007035962,0.013569356,0.007035962,0.010553944,0.011056512,0.011559081,0.007035962,0.007538531,0.008543669,0.015077062,0.008543669,0.011056512,0.012564218,0.0160822,0.012564218,0.006030825,0.006533394,0.012564218,0.006030825,0.015077062,0.009548806,0.018092475,0.013066787,0.015579631,0.013066787,0.013569356,0.011056512,0.02010275,0.01206165,0.025128437,0.014071925,0.011559081,0.013066787,0.0160822,0.007035962,0.01206165,0.0080411,0.009046237,0.001507706,0.0080411,0.007538531,0.010553944,0.004523119,0.014574493,0.01206165,0.016584768,0.009046237,0.006533394,0.00402055,0.009548806,0.003015412,0.168396741,0.128007025,1
0.011257067,0.010745382,0.014327176,0.012792121,0.008698643,0.010233697,0.013815491,0.007163588,0.010745382,0.016373915,0.013303806,0.011257067,0.006140218,0.007163588,0.013303806,0.007163588,0.011257067,0.011257067,0.011768752,0.007163588,0.007675273,0.008698643,0.014838861,0.008186958,0.010233697,0.013303806,0.015862231,0.013303806,0.005628533,0.006651903,0.012792121,0.006140218,0.015350546,0.009722012,0.017397285,0.012280437,0.0168856,0.013303806,0.013303806,0.011257067,0.019444025,0.012792121,0.025072558,0.014327176,0.011257067,0.012792121,0.0168856,0.006651903,0.011257067,0.008186958,0.008186958,0.001535055,0.008186958,0.007163588,0.010745382,0.004605164,0.014327176,0.012792121,0.017397285,0.008698643,0.006140218,0.004093479,0.009722012,0.003070109,0.168900066,0.12702157,1
0.010181793,0.011570219,0.013884263,0.011570219,0.009718984,0.011107411,0.013884263,0.006942132,0.010181793,0.015272689,0.013421454,0.011570219,0.006016514,0.00740494,0.013884263,0.006942132,0.010181793,0.011570219,0.011570219,0.007867749,0.00740494,0.007867749,0.014347072,0.009256175,0.010181793,0.012958646,0.016198307,0.012958646,0.005090896,0.006942132,0.013884263,0.006479323,0.015272689,0.009718984,0.016198307,0.012958646,0.015272689,0.012495837,0.013884263,0.012033028,0.019437968,0.012495837,0.024991674,0.014347072,0.012958646,0.012495837,0.015272689,0.006479323,0.011570219,0.008793367,0.008793367,0.001851235,0.008793367,0.00740494,0.010181793,0.004165279,0.014347072,0.012958646,0.016661116,0.008330558,0.006942132,0.004165279,0.009256175,0.00370247,0.170099926,0.12735636,1
0.010142261,0.013523015,0.014971909,0.010142261,0.009659296,0.010142261,0.013523015,0.010625226,0.012557085,0.016420804,0.012557085,0.010625226,0.006278543,0.005312613,0.01207412,0.006761507,0.010625226,0.009659296,0.012557085,0.005795578,0.010625226,0.009176331,0.009176331,0.009176331,0.009176331,0.011108191,0.017386733,0.011108191,0.006761507,0.006761507,0.01207412,0.009659296,0.016420804,0.010625226,0.016420804,0.012557085,0.011591156,0.01304005,0.015937839,0.01207412,0.018835628,0.01304005,0.025597135,0.015937839,0.010625226,0.008210402,0.018352663,0.008210402,0.011591156,0.010142261,0.008210402,0.001448894,0.006761507,0.005795578,0.010142261,0.003380754,0.015454874,0.01207412,0.017869698,0.007727437,0.007727437,0.005795578,0.011108191,0.007244472,0.166192121,0.127713323,1
0.009856447,0.015019347,0.016427411,0.010325801,0.010325801,0.010795156,0.014080638,0.009856447,0.012672574,0.015019347,0.012672574,0.01220322,0.006570964,0.004693546,0.011733865,0.007040319,0.010795156,0.010325801,0.01220322,0.006570964,0.009856447,0.009387092,0.007040319,0.009856447,0.008448383,0.013141929,0.015019347,0.009856447,0.007040319,0.005632255,0.011733865,0.011733865,0.017835475,0.009387092,0.015019347,0.01220322,0.01220322,0.01126451,0.015488702,0.013141929,0.01830483,0.013611284,0.024406439,0.013611284,0.011733865,0.009387092,0.017835475,0.007509674,0.013141929,0.010325801,0.008448383,0.000938709,0.007509674,0.005162901,0.009856447,0.003285482,0.015019347,0.010325801,0.017835475,0.010795156,0.007509674,0.00610161,0.012672574,0.005162901,0.168188434,0.126840951,1
0.010157064,0.014727742,0.015235595,0.010157064,0.008633504,0.010664917,0.015235595,0.01117277,0.013712036,0.014727742,0.012188476,0.01117277,0.007109944,0.004570679,0.011680623,0.007109944,0.010157064,0.010664917,0.012696329,0.006602091,0.010664917,0.00964921,0.008633504,0.00964921,0.009141357,0.011680623,0.016251302,0.010664917,0.005586385,0.007109944,0.011680623,0.010664917,0.018790567,0.010157064,0.016759155,0.012188476,0.012696329,0.012188476,0.014727742,0.010664917,0.019806274,0.012188476,0.025392659,0.014727742,0.009141357,0.009141357,0.018790567,0.008125651,0.011680623,0.010157064,0.007109944,0.00152356,0.008125651,0.006094238,0.009141357,0.003554972,0.015235595,0.011680623,0.018282714,0.008633504,0.008633504,0.006094238,0.01117277,0.006602091,0.165686187,0.12535078,1
0.008955263,0.016496538,0.015553878,0.009426593,0.009897923,0.010369252,0.01366856,0.011311911,0.014611219,0.014611219,0.0127259,0.012254571,0.006598615,0.005655956,0.010840582,0.005655956,0.010369252,0.009426593,0.01319723,0.006598615,0.008955263,0.008483934,0.008955263,0.010369252,0.008955263,0.010369252,0.017910526,0.010840582,0.006127285,0.007541274,0.012254571,0.010840582,0.017439197,0.009426593,0.017439197,0.011783241,0.0127259,0.011783241,0.015082549,0.011783241,0.017910526,0.01319723,0.024980471,0.015082549,0.010840582,0.010369252,0.016967867,0.008012604,0.01366856,0.009897923,0.007541274,0.000942659,0.008012604,0.006598615,0.010369252,0.003299308,0.014611219,0.01319723,0.015553878,0.008012604,0.008483934,0.004713296,0.011311911,0.006598615,0.165587931,0.126946274,1
0.009445058,0.016056598,0.016056598,0.010389563,0.010389563,0.011806322,0.013223081,0.010389563,0.012750828,0.014639839,0.011806322,0.012750828,0.007083793,0.005194782,0.011334069,0.006139287,0.010389563,0.010389563,0.012278575,0.00661154,0.008972805,0.009445058,0.008500552,0.011806322,0.008500552,0.00991731,0.016528851,0.010861816,0.007083793,0.007083793,0.011334069,0.010861816,0.017473356,0.00991731,0.015112092,0.011806322,0.012750828,0.010389563,0.013695333,0.010861816,0.018890115,0.011334069,0.026446161,0.014639839,0.011806322,0.010389563,0.017945609,0.008028299,0.014639839,0.009445058,0.008500552,0.000944506,0.007556046,0.00661154,0.010389563,0.00330577,0.014167586,0.011806322,0.016528851,0.00991731,0.007556046,0.005667035,0.011806322,0.006139287,0.16625897,0.127250727,1
0.009389572,0.015492793,0.016431751,0.010328529,0.00985905,0.011267486,0.013614879,0.010328529,0.013145401,0.014553836,0.012675922,0.012206443,0.006103222,0.004694786,0.012206443,0.007511657,0.010798008,0.00985905,0.012675922,0.0065727,0.010328529,0.008920093,0.007511657,0.00985905,0.008920093,0.011267486,0.015023315,0.010798008,0.006103222,0.005633743,0.011736965,0.010798008,0.017370708,0.00985905,0.015492793,0.012675922,0.012206443,0.011267486,0.015492793,0.010798008,0.018779144,0.013145401,0.024412887,0.014084358,0.012206443,0.009389572,0.017370708,0.008450615,0.014084358,0.00985905,0.007511657,0.000938957,0.007511657,0.005633743,0.009389572,0.00328635,0.014553836,0.010798008,0.018309665,0.010328529,0.007981136,0.006103222,0.012675922,0.0065727,0.167076812,0.127766345,1
0.008977768,0.016537993,0.016065479,0.009922796,0.01039531,0.01039531,0.013230395,0.010867824,0.015120451,0.014175423,0.012757881,0.011812852,0.006615197,0.005197655,0.010867824,0.006615197,0.010867824,0.009450282,0.013230395,0.006142683,0.009450282,0.008977768,0.008977768,0.01039531,0.008505254,0.010867824,0.017483022,0.01039531,0.005670169,0.007560226,0.012285367,0.010867824,0.017955536,0.009450282,0.017483022,0.012285367,0.012285367,0.012285367,0.015120451,0.011340338,0.01842805,0.013230395,0.025043247,0.015120451,0.01039531,0.009450282,0.017483022,0.00803274,0.013702909,0.009450282,0.006615197,0.000945028,0.007560226,0.006615197,0.009922796,0.003780113,0.015120451,0.012757881,0.016537993,0.00803274,0.00803274,0.005670169,0.011812852,0.006615197,0.164495972,0.126260369,1
0.009645117,0.014949932,0.015432188,0.010127373,0.010127373,0.010609629,0.014467676,0.011091885,0.012538652,0.014949932,0.012538652,0.011091885,0.006269326,0.004340303,0.012538652,0.007233838,0.010609629,0.010609629,0.012538652,0.006751582,0.010609629,0.009162861,0.007233838,0.009645117,0.009162861,0.011574141,0.014949932,0.010609629,0.006269326,0.005304814,0.011574141,0.012056397,0.017361211,0.010127373,0.015914443,0.012538652,0.012538652,0.011574141,0.015432188,0.011091885,0.019290235,0.013020908,0.025077305,0.01398542,0.011091885,0.009162861,0.018807979,0.007716094,0.012538652,0.010609629,0.007233838,0.000964512,0.007233838,0.005304814,0.009162861,0.003375791,0.014467676,0.011091885,0.018807979,0.011091885,0.007716094,0.006269326,0.013020908,0.00578707,0.167951777,0.12602564,1
0.008960923,0.016506963,0.015563708,0.00943255,0.009904178,0.010375805,0.013677198,0.01131906,0.014620453,0.014148825,0.012733943,0.012262315,0.006602785,0.00565953,0.010847433,0.006131158,0.010375805,0.00943255,0.01320557,0.006131158,0.00943255,0.008960923,0.008960923,0.010375805,0.008960923,0.010847433,0.017921845,0.010375805,0.006131158,0.00754604,0.012262315,0.010375805,0.017450218,0.00943255,0.017450218,0.012733943,0.012262315,0.012262315,0.01509208,0.01131906,0.018393473,0.01320557,0.024996258,0.01509208,0.010847433,0.00943255,0.017450218,0.008017668,0.013677198,0.009904178,0.007074413,0.000943255,0.00754604,0.006602785,0.010375805,0.003301393,0.01509208,0.012733943,0.016035335,0.008017668,0.008017668,0.005187903,0.01131906,0.006602785,0.165156326,0.126930784,1
0.008956586,0.016027575,0.015556176,0.009427985,0.009899384,0.010370784,0.013670579,0.010842183,0.014613377,0.014613377,0.01272778,0.012256381,0.00659959,0.005185392,0.010842183,0.00659959,0.009899384,0.009427985,0.013199179,0.00612819,0.008956586,0.008956586,0.008956586,0.010370784,0.008956586,0.010842183,0.017441773,0.010370784,0.00659959,0.007542388,0.012256381,0.010370784,0.017441773,0.009427985,0.017441773,0.01272778,0.012256381,0.011784981,0.015084776,0.012256381,0.018384571,0.013199179,0.024984161,0.015084776,0.010842183,0.009427985,0.017441773,0.008013787,0.013670579,0.009899384,0.007542388,0.000942799,0.007542388,0.00659959,0.009899384,0.003299795,0.015084776,0.01272778,0.016498974,0.008013787,0.008013787,0.005185392,0.011784981,0.00659959,0.165370993,0.127058718,1
0.007186944,0.011807122,0.017454006,0.00821365,0.010267062,0.008727003,0.013860534,0.008727003,0.009753709,0.017454006,0.015400593,0.013347181,0.005133531,0.005133531,0.009240356,0.007186944,0.010267062,0.010267062,0.01488724,0.007186944,0.00821365,0.010780415,0.012833828,0.00821365,0.009240356,0.015400593,0.014373887,0.011293768,0.007186944,0.010267062,0.011807122,0.007186944,0.0164273,0.010267062,0.015913947,0.009753709,0.015913947,0.014373887,0.013347181,0.013860534,0.018994065,0.015400593,0.025667656,0.0164273,0.008727003,0.009240356,0.018480712,0.009240356,0.010780415,0.009240356,0.007700297,0.001540059,0.00821365,0.006160237,0.010780415,0.005646884,0.014373887,0.009240356,0.021047478,0.004620178,0.00821365,0.006160237,0.009240356,0.004620178,0.164514425,0.127571632,1
0.006742657,0.013485315,0.016375025,0.007705894,0.011077223,0.008669131,0.013966933,0.008669131,0.009632368,0.016856644,0.015893407,0.013003697,0.004816184,0.005779421,0.009150749,0.006742657,0.010113986,0.010113986,0.015411789,0.007224276,0.007224276,0.010113986,0.012522078,0.009150749,0.009150749,0.01493017,0.014448552,0.011558841,0.007224276,0.010595605,0.013485315,0.007224276,0.016856644,0.009632368,0.015411789,0.010113986,0.015411789,0.013966933,0.013485315,0.01493017,0.018783117,0.016856644,0.025044156,0.015893407,0.009632368,0.008669131,0.017338262,0.009150749,0.010595605,0.009150749,0.008187513,0.001444855,0.009150749,0.006742657,0.010113986,0.005297802,0.014448552,0.009150749,0.021191209,0.004334566,0.007705894,0.006261039,0.009150749,0.004816184,0.164416649,0.127604314,1
0.006746102,0.013492204,0.01638339,0.007709831,0.011082882,0.009155424,0.013974068,0.008191695,0.010119153,0.016865255,0.015419661,0.013010339,0.004818644,0.006264237,0.009637288,0.006746102,0.010119153,0.010601017,0.014937797,0.007709831,0.007709831,0.009637288,0.012046611,0.009155424,0.009155424,0.014937797,0.014455933,0.011564746,0.007227966,0.010601017,0.013010339,0.006746102,0.016865255,0.009637288,0.015901526,0.010601017,0.015901526,0.013492204,0.013492204,0.014937797,0.018310848,0.016865255,0.024093221,0.015901526,0.009637288,0.00867356,0.017347119,0.009155424,0.010601017,0.00867356,0.008191695,0.001445593,0.00867356,0.006746102,0.010601017,0.005300509,0.014937797,0.009155424,0.021202035,0.00433678,0.007227966,0.005782373,0.009637288,0.004818644,0.164896072,0.127726958,1
0.007350032,0.01155005,0.017325075,0.008400036,0.010500045,0.008400036,0.013650059,0.008400036,0.010500045,0.017325075,0.014700063,0.013125057,0.005250023,0.005775025,0.009975043,0.007350032,0.010500045,0.009975043,0.014700063,0.007875034,0.007875034,0.010500045,0.012600054,0.008400036,0.008925038,0.015750068,0.014175061,0.01155005,0.007875034,0.009975043,0.01155005,0.006825029,0.01627507,0.009975043,0.01627507,0.010500045,0.016800072,0.014175061,0.013125057,0.013650059,0.018900081,0.015225066,0.024150104,0.015750068,0.008400036,0.008925038,0.018375079,0.009450041,0.011025047,0.009450041,0.007350032,0.001575007,0.007875034,0.006300027,0.011025047,0.005775025,0.014700063,0.009450041,0.02100009,0.00472502,0.007875034,0.006300027,0.009450041,0.00472502,0.165522633,0.127299322,1
0.007253852,0.010880778,0.016580234,0.008808249,0.011398911,0.008290117,0.01347144,0.008290117,0.010362646,0.016580234,0.015025837,0.012953308,0.005181323,0.005699455,0.009844514,0.007253852,0.009844514,0.010362646,0.014507705,0.008290117,0.007253852,0.011917043,0.012953308,0.008290117,0.008808249,0.015543969,0.013989572,0.011398911,0.007771985,0.009844514,0.011398911,0.007253852,0.016062101,0.009844514,0.016062101,0.009326382,0.015543969,0.014507705,0.012953308,0.013989572,0.018652763,0.015543969,0.027979145,0.016580234,0.008808249,0.008808249,0.017616498,0.009844514,0.010362646,0.010362646,0.007771985,0.001554397,0.008808249,0.006217588,0.010362646,0.005699455,0.01347144,0.009326382,0.021761557,0.004145058,0.008290117,0.00673572,0.009326382,0.004663191,0.165027365,0.126685772,1
0.007056675,0.012601205,0.015625495,0.008064771,0.010585012,0.00856882,0.01411335,0.00856882,0.009576916,0.017137639,0.014617398,0.013105253,0.005040482,0.005040482,0.009576916,0.007056675,0.009576916,0.010080964,0.015121446,0.007560723,0.008064771,0.011593109,0.013105253,0.008064771,0.009072868,0.014617398,0.015625495,0.011593109,0.007560723,0.009576916,0.011593109,0.007056675,0.015625495,0.010080964,0.016129543,0.009576916,0.015625495,0.014617398,0.01411335,0.013609302,0.019153832,0.017137639,0.027218603,0.016129543,0.009072868,0.00856882,0.017641687,0.010080964,0.011089061,0.009072868,0.007560723,0.001512145,0.008064771,0.006048579,0.010080964,0.00554453,0.013609302,0.009072868,0.021674073,0.004536434,0.007560723,0.006552627,0.010080964,0.004536434,0.164647959,0.1281724,1
0.007254207,0.012435783,0.016581044,0.008290522,0.01088131,0.00880868,0.013990256,0.008290522,0.009844995,0.016581044,0.015026571,0.012953941,0.005181576,0.005699734,0.009844995,0.007254207,0.009844995,0.010363152,0.015026571,0.008290522,0.008290522,0.011399468,0.012953941,0.008290522,0.009326837,0.015544729,0.013990256,0.011399468,0.007772364,0.009844995,0.011399468,0.006736049,0.016581044,0.009844995,0.016062886,0.009844995,0.015544729,0.014508413,0.012953941,0.013472098,0.019171832,0.015026571,0.025389723,0.016062886,0.008290522,0.00880868,0.018653674,0.009844995,0.01088131,0.009326837,0.007254207,0.001554473,0.00880868,0.006217891,0.010363152,0.005699734,0.013990256,0.009326837,0.021244462,0.004663419,0.007772364,0.006736049,0.009326837,0.005181576,0.164819043,0.127377647,1
0.007298545,0.011990466,0.016161063,0.008341194,0.010426492,0.008862518,0.014075764,0.008341194,0.010426492,0.017203712,0.015118414,0.013033115,0.005213246,0.005734571,0.010426492,0.007298545,0.009905168,0.010426492,0.015118414,0.008341194,0.008341194,0.010426492,0.012511791,0.008341194,0.008862518,0.015639738,0.014597089,0.011469141,0.007819869,0.009905168,0.011469141,0.00677722,0.016161063,0.009905168,0.017203712,0.010426492,0.016682388,0.014075764,0.013033115,0.01355444,0.019289011,0.015118414,0.023980932,0.015639738,0.008341194,0.008862518,0.018246361,0.009383843,0.010426492,0.009383843,0.007298545,0.001563974,0.007819869,0.006255895,0.010947817,0.005734571,0.015118414,0.009383843,0.020852984,0.004691921,0.007298545,0.006255895,0.009905168,0.004691921,0.165419327,0.127143176,1
0.007237689,0.012924444,0.016543289,0.008271644,0.011373511,0.008788622,0.0139584,0.008271644,0.010339555,0.017060266,0.014992355,0.012924444,0.005169778,0.005686755,0.010339555,0.007237689,0.010856533,0.010339555,0.014475378,0.008271644,0.008271644,0.010339555,0.012407466,0.008788622,0.008788622,0.015509333,0.014475378,0.011373511,0.007754667,0.009822578,0.011373511,0.007237689,0.016026311,0.009822578,0.016543289,0.010339555,0.016543289,0.014475378,0.012924444,0.013441422,0.0186112,0.015509333,0.023780977,0.015509333,0.008271644,0.008788622,0.018094222,0.0093056,0.010856533,0.0093056,0.007237689,0.001550933,0.007754667,0.006203733,0.010856533,0.005686755,0.014992355,0.0093056,0.020679111,0.0046528,0.007754667,0.006203733,0.009822578,0.005169778,0.16555379,0.12722062,1
0.007350032,0.01155005,0.017325075,0.008400036,0.010500045,0.008400036,0.013650059,0.008400036,0.010500045,0.017325075,0.014700063,0.013125057,0.005250023,0.005775025,0.009975043,0.007350032,0.010500045,0.009975043,0.014700063,0.007875034,0.007875034,0.010500045,0.012600054,0.008400036,0.008925038,0.015750068,0.014175061,0.01155005,0.007875034,0.009975043,0.01155005,0.006825029,0.01627507,0.009975043,0.01627507,0.010500045,0.016800072,0.014175061,0.013125057,0.013650059,0.018900081,0.015225066,0.024150104,0.015750068,0.008400036,0.008925038,0.018375079,0.009450041,0.011025047,0.009450041,0.007350032,0.001575007,0.007875034,0.006300027,0.011025047,0.005775025,0.014700063,0.009450041,0.02100009,0.00472502,0.007875034,0.006300027,0.009450041,0.00472502,0.165522633,0.127299322,1
0.010887656,0.012781161,0.015621419,0.010887656,0.011834409,0.009467527,0.012307785,0.012307785,0.012781161,0.014674667,0.012781161,0.01420129,0.005680516,0.008047398,0.01041428,0.006627269,0.01041428,0.010887656,0.012781161,0.008047398,0.008047398,0.006627269,0.008994151,0.009940903,0.007100645,0.009940903,0.012781161,0.01041428,0.010887656,0.007100645,0.01420129,0.007574021,0.016094796,0.010887656,0.015148043,0.01041428,0.012781161,0.01041428,0.010887656,0.010887656,0.017988301,0.011361032,0.024142193,0.016094796,0.012307785,0.011361032,0.017041548,0.009940903,0.013254538,0.011361032,0.010887656,0.001420129,0.009467527,0.007100645,0.008047398,0.006627269,0.01420129,0.008994151,0.019881806,0.009940903,0.008047398,0.004733763,0.011361032,0.002840258,0.167481652,0.129554479,1
0.011114741,0.013430312,0.016208997,0.011114741,0.011114741,0.010651627,0.012504083,0.010188512,0.011577855,0.014819654,0.013430312,0.013430312,0.004631142,0.008336056,0.010651627,0.006483599,0.010651627,0.011114741,0.011114741,0.007409827,0.007872941,0.006946713,0.010188512,0.011577855,0.006946713,0.011114741,0.013430312,0.012504083,0.010188512,0.007409827,0.013430312,0.007409827,0.016672111,0.009725398,0.015282769,0.010188512,0.012040969,0.010651627,0.012504083,0.010651627,0.018987682,0.012040969,0.026397509,0.016208997,0.012967198,0.010651627,0.016672111,0.009725398,0.013430312,0.010188512,0.010651627,0.001389343,0.009262284,0.008336056,0.00879917,0.006483599,0.013893426,0.007872941,0.020377025,0.007872941,0.007872941,0.006483599,0.009262284,0.003704914,0.1658892,0.127861646,1
0.010152933,0.013383412,0.015690896,0.01061443,0.011537424,0.011075927,0.012460418,0.01061443,0.011998921,0.015229399,0.014306406,0.011537424,0.005076466,0.008306945,0.010152933,0.00599946,0.01061443,0.011075927,0.011998921,0.006922454,0.007845448,0.006922454,0.010152933,0.011537424,0.006922454,0.01061443,0.012921915,0.011998921,0.011075927,0.007383951,0.013383412,0.007845448,0.015690896,0.010152933,0.014767903,0.01061443,0.011998921,0.011075927,0.011998921,0.011075927,0.018459878,0.011998921,0.025382332,0.017536884,0.012921915,0.010152933,0.01661389,0.010152933,0.013383412,0.011075927,0.01061443,0.001384491,0.009229939,0.007383951,0.007845448,0.006922454,0.013383412,0.008306945,0.020767363,0.008768442,0.007383951,0.005537963,0.011075927,0.003691976,0.166712278,0.128581873,1
0.010530133,0.013401988,0.016273842,0.011487418,0.011487418,0.010051491,0.012444703,0.01196606,0.01196606,0.015316557,0.01388063,0.012444703,0.004786424,0.007658279,0.011008776,0.006222351,0.011008776,0.011008776,0.011008776,0.007179636,0.007658279,0.007179636,0.010530133,0.009572848,0.007179636,0.010530133,0.012923345,0.012444703,0.011008776,0.006700994,0.01196606,0.008136921,0.0157952,0.010530133,0.014359273,0.009572848,0.012923345,0.011008776,0.011487418,0.010051491,0.018667054,0.010051491,0.026325333,0.017231127,0.01388063,0.010530133,0.016752485,0.010051491,0.014359273,0.011008776,0.01196606,0.001435927,0.008136921,0.007179636,0.008615564,0.006222351,0.012444703,0.009094206,0.019145697,0.009094206,0.009094206,0.005265067,0.010051491,0.002871855,0.168638285,0.129193287,1
0.010340934,0.013161188,0.016451485,0.010340934,0.010810976,0.009870891,0.012221103,0.010810976,0.013631231,0.015041358,0.014101273,0.011751061,0.004700424,0.007990721,0.011281019,0.006110552,0.011751061,0.010340934,0.011751061,0.007520679,0.007990721,0.006580594,0.009870891,0.011281019,0.007050637,0.011281019,0.013161188,0.011281019,0.010810976,0.007050637,0.013631231,0.007990721,0.0155114,0.010340934,0.015041358,0.010810976,0.014101273,0.011751061,0.012691146,0.010810976,0.01739157,0.012221103,0.024912249,0.016921528,0.012691146,0.010810976,0.015981443,0.009400849,0.012691146,0.009870891,0.010810976,0.001410127,0.008460764,0.007520679,0.007990721,0.006580594,0.013631231,0.010810976,0.01927174,0.008930806,0.007050637,0.004700424,0.011751061,0.00376034,0.166791474,0.128614912,1
0.011008937,0.012510156,0.015012187,0.012510156,0.010508531,0.011509343,0.013510968,0.009507718,0.011509343,0.015012187,0.012510156,0.014011374,0.004503656,0.007005687,0.010008125,0.007005687,0.010508531,0.010508531,0.012510156,0.005004062,0.009507718,0.008506906,0.012009749,0.009507718,0.008506906,0.012009749,0.015512593,0.013510968,0.010008125,0.005504469,0.012009749,0.007005687,0.016513406,0.011008937,0.015512593,0.009007312,0.011509343,0.012009749,0.014511781,0.009507718,0.019515843,0.011509343,0.02652153,0.016012999,0.013510968,0.011509343,0.016513406,0.009507718,0.013010562,0.011008937,0.010008125,0.002001625,0.006505281,0.0080065,0.009507718,0.006004875,0.012510156,0.009007312,0.019015437,0.007506093,0.0080065,0.006004875,0.009507718,0.002001625,0.16766249,0.128766352,1
0.011816037,0.01276132,0.016542451,0.011343395,0.010870754,0.009925471,0.012288678,0.010398112,0.013233961,0.015597168,0.012288678,0.014651885,0.004726415,0.008034905,0.011343395,0.006616981,0.011343395,0.010870754,0.011816037,0.007562263,0.008507546,0.007089622,0.009452829,0.009925471,0.007562263,0.011816037,0.01276132,0.011343395,0.010398112,0.007562263,0.013233961,0.006616981,0.01606981,0.010398112,0.01606981,0.010398112,0.013233961,0.010870754,0.013233961,0.010398112,0.017960376,0.011343395,0.024577356,0.015597168,0.012288678,0.010870754,0.017015093,0.009925471,0.013233961,0.009452829,0.010870754,0.001417924,0.008980188,0.007562263,0.008507546,0.007089622,0.014179244,0.008980188,0.019850942,0.008507546,0.007562263,0.005671698,0.009925471,0.002835849,0.166705174,0.128113759,1
0.011404575,0.013780528,0.01568129,0.011879765,0.010929384,0.011404575,0.012830146,0.009503812,0.011404575,0.012830146,0.014730909,0.014730909,0.005227097,0.008553431,0.011404575,0.006177478,0.011404575,0.010929384,0.011879765,0.00760305,0.008553431,0.008553431,0.009503812,0.010454193,0.00760305,0.010929384,0.013780528,0.010929384,0.011404575,0.005702287,0.012354956,0.006177478,0.016631671,0.010454193,0.014255718,0.009979003,0.013305337,0.010454193,0.011879765,0.009028622,0.018532434,0.010929384,0.027085865,0.017582053,0.012830146,0.011879765,0.017106862,0.009503812,0.013305337,0.009503812,0.011879765,0.001425572,0.009028622,0.007127859,0.009028622,0.006652669,0.013780528,0.009979003,0.018532434,0.00807824,0.006652669,0.005702287,0.009503812,0.002375953,0.166388424,0.129379092,1
0.011044835,0.013806043,0.016107051,0.011044835,0.010584633,0.010124432,0.01288564,0.010584633,0.011965238,0.014726446,0.01288564,0.014726446,0.004602014,0.007823425,0.010124432,0.006903022,0.010124432,0.00966423,0.01288564,0.00644282,0.008743827,0.007363223,0.009204029,0.011505036,0.008283626,0.01288564,0.013345842,0.011505036,0.010584633,0.004602014,0.014266245,0.008283626,0.017947856,0.011044835,0.014266245,0.010124432,0.011965238,0.011044835,0.014726446,0.010584633,0.018868259,0.012425439,0.025311079,0.014726446,0.012425439,0.011044835,0.015646849,0.00966423,0.012425439,0.00966423,0.011044835,0.001840806,0.007823425,0.008283626,0.009204029,0.005062216,0.014266245,0.008283626,0.019788662,0.007823425,0.007823425,0.006903022,0.010124432,0.00322141,0.165489189,0.129482198,1
0.01148341,0.012918837,0.01674664,0.01148341,0.01148341,0.010047984,0.012918837,0.010526459,0.011961886,0.014832738,0.013397312,0.013397312,0.004784754,0.007655607,0.011004935,0.006698656,0.011004935,0.011004935,0.011004935,0.007655607,0.008134082,0.006698656,0.010526459,0.009569509,0.007177131,0.01148341,0.013875788,0.012918837,0.010047984,0.006698656,0.012440361,0.007177131,0.01674664,0.010526459,0.015311214,0.009091033,0.012440361,0.010526459,0.012918837,0.010047984,0.018660542,0.01148341,0.025359198,0.01674664,0.013397312,0.011004935,0.017225116,0.009569509,0.013397312,0.010526459,0.011004935,0.001435426,0.008612558,0.007655607,0.009091033,0.006220181,0.013875788,0.008134082,0.019617493,0.008134082,0.008134082,0.006220181,0.009091033,0.002870853,0.167932928,0.128229713,1
0.009973368,0.012073024,0.015222509,0.009973368,0.010498282,0.011023196,0.01154811,0.007873712,0.015222509,0.014172681,0.012073024,0.014172681,0.007348797,0.00892354,0.010498282,0.007348797,0.011023196,0.009448454,0.013647767,0.006298969,0.009973368,0.009448454,0.00892354,0.012073024,0.006823883,0.012073024,0.016797251,0.01154811,0.007348797,0.007873712,0.011023196,0.009973368,0.014697595,0.00892354,0.016272337,0.014172681,0.014172681,0.012597938,0.012597938,0.007873712,0.018896908,0.013647767,0.02047165,0.013647767,0.011023196,0.009973368,0.014172681,0.010498282,0.01154811,0.011023196,0.010498282,0.003674399,0.005774055,0.007348797,0.014172681,0.008398626,0.013122853,0.007348797,0.017322165,0.006298969,0.011023196,0.00892354,0.007873712,0.006823883,0.165602343,0.127338361,1
0.010616608,0.013649925,0.014661031,0.009605503,0.010616608,0.010111056,0.013144372,0.008594397,0.01263882,0.014155478,0.01263882,0.013649925,0.006066633,0.00909995,0.011122161,0.006572186,0.010616608,0.011122161,0.013144372,0.007077739,0.009605503,0.011122161,0.010111056,0.010111056,0.007583292,0.011627714,0.018705453,0.011627714,0.007583292,0.008088845,0.010616608,0.008088845,0.014661031,0.00909995,0.016683242,0.013144372,0.014155478,0.012133267,0.01263882,0.008594397,0.018705453,0.014155478,0.019716559,0.015672136,0.010616608,0.009605503,0.016683242,0.010616608,0.013144372,0.008594397,0.008594397,0.003033317,0.007583292,0.007077739,0.013649925,0.007077739,0.014661031,0.007583292,0.017188795,0.006572186,0.00909995,0.008594397,0.007583292,0.005561081,0.165644807,0.128097953,1
0.009548882,0.013569464,0.014072037,0.009548882,0.0110566,0.009046309,0.013569464,0.007538591,0.013569464,0.013569464,0.012564318,0.013066891,0.007036018,0.010051455,0.0110566,0.007036018,0.010554027,0.010051455,0.013066891,0.007538591,0.009548882,0.010554027,0.008543736,0.011559173,0.007036018,0.012564318,0.018092618,0.012061746,0.007538591,0.008041164,0.011559173,0.008543736,0.015077182,0.008543736,0.015077182,0.014574609,0.013569464,0.013569464,0.013066891,0.009046309,0.018092618,0.015579755,0.020102909,0.014574609,0.010051455,0.009046309,0.015579755,0.010051455,0.012061746,0.009046309,0.010554027,0.003518009,0.007036018,0.007036018,0.014574609,0.007538591,0.014574609,0.007538591,0.017590046,0.005025727,0.010554027,0.009046309,0.006030873,0.004020582,0.166713023,0.129182577,1
0.009630468,0.013685402,0.014699136,0.010137335,0.011151069,0.009630468,0.013178536,0.008616735,0.013685402,0.014192269,0.012164802,0.013685402,0.006589268,0.008616735,0.011151069,0.006589268,0.011657935,0.011151069,0.013178536,0.006589268,0.009630468,0.010644202,0.008616735,0.010137335,0.007096135,0.012164802,0.016726603,0.011151069,0.008109868,0.008616735,0.011151069,0.009630468,0.015206003,0.009123602,0.01571287,0.013178536,0.014192269,0.011657935,0.012671669,0.010644202,0.018247203,0.014699136,0.019767804,0.014699136,0.009630468,0.009630468,0.016726603,0.010137335,0.011657935,0.008616735,0.010137335,0.003041201,0.007603001,0.007096135,0.012671669,0.008109868,0.014192269,0.007603001,0.01875407,0.006589268,0.009630468,0.008616735,0.008109868,0.004054934,0.165804939,0.128129665,1
0.009922828,0.014388101,0.015380383,0.009922828,0.011411252,0.009922828,0.012899676,0.007938262,0.013891959,0.013395818,0.012403535,0.013891959,0.006449838,0.009426687,0.010915111,0.006449838,0.012403535,0.010418969,0.013891959,0.006449838,0.010418969,0.010418969,0.008434404,0.010915111,0.007442121,0.011907394,0.016372666,0.011411252,0.005953697,0.007938262,0.011907394,0.009426687,0.014884242,0.008434404,0.014884242,0.013891959,0.014388101,0.012899676,0.012403535,0.008930545,0.016868808,0.015876525,0.020341797,0.014884242,0.010915111,0.008930545,0.015876525,0.010915111,0.012403535,0.008930545,0.008930545,0.002976848,0.00694598,0.007442121,0.013395818,0.007442121,0.013891959,0.007442121,0.018853373,0.006449838,0.009922828,0.008930545,0.007938262,0.004465273,0.165568693,0.128422093,1
0.01030232,0.013013457,0.014640139,0.010844548,0.010844548,0.009760093,0.01247123,0.008675638,0.014097912,0.013555685,0.011929002,0.013555685,0.007048956,0.009217865,0.011386775,0.007048956,0.011929002,0.010844548,0.011929002,0.006506729,0.009760093,0.011386775,0.009217865,0.010844548,0.005964501,0.01247123,0.016266821,0.011929002,0.008133411,0.008675638,0.010844548,0.009217865,0.014640139,0.008675638,0.015724594,0.014097912,0.013555685,0.01247123,0.011386775,0.009760093,0.018977958,0.013555685,0.019520186,0.014097912,0.01030232,0.009217865,0.016809049,0.01030232,0.011929002,0.009217865,0.010844548,0.003253364,0.007048956,0.007591183,0.013013457,0.008133411,0.014097912,0.007591183,0.018435731,0.007048956,0.009760093,0.008675638,0.008133411,0.003253364,0.166430158,0.128132019,1
0.010244665,0.012940629,0.014558208,0.010244665,0.010244665,0.010244665,0.012940629,0.0075487,0.014558208,0.013479822,0.011862244,0.014019015,0.0075487,0.009705472,0.010783858,0.007009508,0.010783858,0.010244665,0.012401437,0.007009508,0.008627086,0.011323051,0.009705472,0.012401437,0.007009508,0.012401437,0.017254173,0.011862244,0.008087893,0.009705472,0.011323051,0.0075487,0.014558208,0.008627086,0.017254173,0.014019015,0.013479822,0.012940629,0.011862244,0.008627086,0.019410944,0.013479822,0.019410944,0.014019015,0.009705472,0.009705472,0.016175787,0.010783858,0.012401437,0.009166279,0.009705472,0.00377435,0.0075487,0.0075487,0.014019015,0.008627086,0.013479822,0.0075487,0.017793365,0.006470315,0.009705472,0.008627086,0.007009508,0.00377435,0.165632632,0.127485486,1
0.009937797,0.012029965,0.014645175,0.009937797,0.011506923,0.010460839,0.011506923,0.007845629,0.014645175,0.013599091,0.012029965,0.014645175,0.007322587,0.009414755,0.010983881,0.006799545,0.010983881,0.009937797,0.013599091,0.006799545,0.009414755,0.009937797,0.008891713,0.012553007,0.006799545,0.012029965,0.0162143,0.011506923,0.007322587,0.008891713,0.010983881,0.009937797,0.014122133,0.008368671,0.016737342,0.014122133,0.014122133,0.013076049,0.012029965,0.007845629,0.018306468,0.013599091,0.020921678,0.013599091,0.010460839,0.009414755,0.015168216,0.010983881,0.011506923,0.010983881,0.009937797,0.003661294,0.006276503,0.007845629,0.014122133,0.008891713,0.013599091,0.007845629,0.017260384,0.006276503,0.010983881,0.009414755,0.007845629,0.005230419,0.165983782,0.126340464,1
0.009765084,0.013876698,0.013876698,0.009765084,0.010279036,0.010279036,0.013362747,0.008737181,0.012848795,0.013876698,0.011820891,0.013876698,0.006167422,0.009251132,0.011306939,0.006681373,0.010279036,0.010792988,0.012848795,0.006681373,0.009251132,0.011306939,0.010279036,0.010279036,0.007709277,0.011820891,0.018502265,0.011820891,0.007709277,0.008223229,0.010792988,0.007709277,0.01439065,0.009251132,0.016960409,0.013362747,0.013876698,0.012334843,0.012334843,0.008223229,0.018502265,0.013362747,0.02004412,0.015932506,0.010792988,0.009765084,0.016960409,0.010792988,0.012848795,0.008737181,0.008737181,0.003083711,0.007709277,0.007195325,0.013876698,0.007195325,0.014904602,0.007709277,0.017474361,0.006681373,0.008737181,0.008737181,0.007709277,0.00565347,0.165694849,0.128649336,1
0.011079773,0.01282921,0.015161794,0.011079773,0.009330335,0.008747189,0.012246064,0.008747189,0.015161794,0.014578648,0.012246064,0.014578648,0.006997751,0.009330335,0.011079773,0.007580897,0.01282921,0.009330335,0.012246064,0.005831459,0.009913481,0.010496627,0.006997751,0.011079773,0.006414605,0.011662918,0.016328086,0.010496627,0.007580897,0.009330335,0.011662918,0.009330335,0.014578648,0.008747189,0.016911232,0.014578648,0.013995502,0.011662918,0.011079773,0.009913481,0.019243815,0.013412356,0.019826961,0.014578648,0.009913481,0.009913481,0.016911232,0.009913481,0.011662918,0.008164043,0.011662918,0.003498876,0.006997751,0.007580897,0.014578648,0.008164043,0.013995502,0.007580897,0.01866067,0.006997751,0.010496627,0.008747189,0.007580897,0.003498876,0.163930706,0.128713289,1
0.00925452,0.01363824,0.01802196,0.01120284,0.01022868,0.01168992,0.01315116,0.00925452,0.01168992,0.01266408,0.012177,0.01266408,0.00584496,0.00681912,0.012177,0.00681912,0.01120284,0.01168992,0.00925452,0.00535788,0.00681912,0.00681912,0.01363824,0.01071576,0.01022868,0.01168992,0.01899612,0.01120284,0.00779328,0.00779328,0.012177,0.0073062,0.0194832,0.0097416,0.01363824,0.01266408,0.01315116,0.012177,0.01266408,0.00876744,0.01997028,0.01266408,0.02337984,0.01656072,0.01168992,0.01412532,0.0146124,0.00876744,0.012177,0.00925452,0.00876744,0.00194832,0.0073062,0.0073062,0.01266408,0.00633204,0.01363824,0.0097416,0.01802196,0.00876744,0.00681912,0.0048708,0.01120284,0.00292248,0.165706859,0.128514216,1
0.009059459,0.014092491,0.017112311,0.010569368,0.011072672,0.011072672,0.011575975,0.008556155,0.011575975,0.015602401,0.013589188,0.012582581,0.006542942,0.008556155,0.011575975,0.006039639,0.010569368,0.010569368,0.012079278,0.006039639,0.006542942,0.007549549,0.013085885,0.011072672,0.010569368,0.010569368,0.017615614,0.010066065,0.007549549,0.007046246,0.013085885,0.008556155,0.019125524,0.008556155,0.014092491,0.014092491,0.014595794,0.013085885,0.012079278,0.009562762,0.02013213,0.012582581,0.020635433,0.015099098,0.012079278,0.013085885,0.013085885,0.009059459,0.012079278,0.009059459,0.009562762,0.002013213,0.007046246,0.006542942,0.012079278,0.007046246,0.013589188,0.010569368,0.016609007,0.009562762,0.006542942,0.004529729,0.012582581,0.00301982,0.165515539,0.129356603,1
0.0095236,0.0142854,0.01714248,0.01095214,0.01047596,0.01285686,0.01238068,0.00857124,0.01095214,0.01285686,0.01476158,0.0119045,0.0071427,0.00761888,0.0119045,0.00571416,0.0119045,0.01095214,0.00999978,0.00523798,0.00619034,0.00666652,0.0142854,0.01095214,0.0095236,0.01142832,0.01761866,0.01142832,0.0071427,0.00761888,0.01095214,0.00857124,0.01809484,0.0095236,0.01380922,0.01333304,0.01333304,0.0119045,0.0119045,0.00904742,0.0190472,0.01238068,0.02095192,0.01714248,0.01238068,0.01380922,0.01380922,0.00904742,0.01238068,0.0095236,0.0095236,0.00285708,0.00857124,0.00666652,0.01142832,0.00571416,0.01523776,0.0095236,0.01619012,0.00857124,0.0071427,0.00333326,0.01285686,0.00523798,0.166463424,0.12974255,1
0.010071809,0.014604123,0.017122075,0.010071809,0.010575399,0.013596942,0.01208617,0.008561037,0.010575399,0.013596942,0.015107713,0.01158258,0.007553857,0.007553857,0.010575399,0.005539495,0.01208617,0.01107899,0.010071809,0.005035904,0.006043085,0.007553857,0.014604123,0.01158258,0.010071809,0.010575399,0.018632846,0.01158258,0.007553857,0.008057447,0.010575399,0.008561037,0.017122075,0.009064628,0.014100532,0.013596942,0.013596942,0.01208617,0.012589761,0.008561037,0.020143617,0.012589761,0.021654389,0.016618484,0.013093351,0.013093351,0.013093351,0.009064628,0.012589761,0.010071809,0.009568218,0.002517952,0.008057447,0.006546676,0.01158258,0.006043085,0.013093351,0.010071809,0.015611303,0.008561037,0.006546676,0.003525133,0.013093351,0.004532314,0.166347335,0.129129646,1
0.010602725,0.01397632,0.017349914,0.011084667,0.011084667,0.01156661,0.011084667,0.009638841,0.009638841,0.013012436,0.013012436,0.013012436,0.005783305,0.007711073,0.01156661,0.006747189,0.012530494,0.011084667,0.010120783,0.006265247,0.007711073,0.006747189,0.013494378,0.01156661,0.010120783,0.010602725,0.017349914,0.010120783,0.007229131,0.007711073,0.013012436,0.007711073,0.01879574,0.009638841,0.012048552,0.012530494,0.01397632,0.013494378,0.012048552,0.008674957,0.018313798,0.01397632,0.023133219,0.016867972,0.012048552,0.012530494,0.013494378,0.009638841,0.011084667,0.008674957,0.009156899,0.001927768,0.007229131,0.007711073,0.01156661,0.005301363,0.014940204,0.010602725,0.019277683,0.007711073,0.005783305,0.003855537,0.014458262,0.005783305,0.163943041,0.129529895,1
0.010092361,0.014633923,0.016652395,0.010092361,0.010596979,0.013624687,0.012110833,0.008578507,0.010596979,0.013624687,0.015138541,0.011606215,0.007569271,0.007569271,0.010596979,0.005550798,0.011606215,0.011101597,0.010596979,0.00504618,0.006055416,0.007569271,0.014633923,0.011606215,0.010092361,0.010596979,0.018670867,0.011606215,0.007569271,0.008073889,0.010596979,0.008578507,0.017157013,0.009083125,0.014129305,0.013624687,0.013624687,0.012110833,0.012110833,0.008578507,0.020184721,0.012110833,0.021698575,0.016652395,0.013120069,0.013120069,0.013120069,0.009083125,0.012615451,0.010092361,0.009587743,0.00252309,0.008073889,0.006560034,0.011606215,0.006055416,0.013120069,0.010092361,0.015643159,0.008578507,0.006560034,0.003532326,0.013120069,0.004541562,0.166302714,0.12925051,1
0.010638407,0.014691133,0.017730678,0.011144997,0.010638407,0.01317136,0.012158179,0.009625225,0.012158179,0.01266477,0.013677951,0.012158179,0.007598862,0.008105453,0.010638407,0.005572499,0.01317136,0.011144997,0.010131816,0.005065908,0.006079089,0.007092271,0.014691133,0.010131816,0.009118634,0.011144997,0.018237268,0.010638407,0.00658568,0.007092271,0.010638407,0.009625225,0.018237268,0.009625225,0.01266477,0.013677951,0.014184542,0.011144997,0.012158179,0.008105453,0.01925045,0.012158179,0.022796585,0.016210905,0.012158179,0.01317136,0.01317136,0.009625225,0.011651588,0.010131816,0.010131816,0.002026363,0.008612043,0.00658568,0.010638407,0.006079089,0.013677951,0.009625225,0.015704314,0.009118634,0.007598862,0.003546136,0.013677951,0.005065908,0.165614912,0.129210711,1
0.009195068,0.014518528,0.017422234,0.010646921,0.011130872,0.011614823,0.012582724,0.008227166,0.012098774,0.013066675,0.013066675,0.013066675,0.00532346,0.006291362,0.011130872,0.006775313,0.011130872,0.011130872,0.011130872,0.005807411,0.006291362,0.007259264,0.013066675,0.011130872,0.009679019,0.011614823,0.018390136,0.010646921,0.007743215,0.008227166,0.012098774,0.007743215,0.019358038,0.009195068,0.013550626,0.011130872,0.014518528,0.012098774,0.011614823,0.01016297,0.017906185,0.013066675,0.024681498,0.017906185,0.012098774,0.014518528,0.014518528,0.008711117,0.012098774,0.008711117,0.009195068,0.001935804,0.007259264,0.006775313,0.013066675,0.005807411,0.013550626,0.010646921,0.017422234,0.008227166,0.007259264,0.003871608,0.012098774,0.003871608,0.165102556,0.128813021,1
0.010059686,0.014586545,0.017101467,0.010059686,0.010562671,0.013580577,0.012071624,0.008550733,0.010562671,0.013580577,0.014586545,0.011568639,0.007544765,0.007544765,0.010562671,0.005532827,0.012071624,0.011065655,0.010059686,0.005029843,0.006035812,0.007544765,0.014586545,0.011568639,0.010059686,0.010562671,0.01861042,0.011568639,0.007544765,0.008047749,0.011065655,0.008550733,0.017101467,0.009053718,0.014083561,0.013580577,0.013580577,0.012071624,0.012574608,0.009053718,0.020119373,0.012574608,0.021125341,0.016598482,0.013077592,0.013077592,0.013077592,0.009053718,0.012574608,0.010059686,0.009556702,0.002514922,0.008047749,0.006538796,0.011568639,0.006035812,0.013077592,0.010059686,0.016095498,0.008550733,0.006538796,0.00352089,0.013077592,0.004526859,0.166448443,0.129373512,1
0.01047945,0.014970643,0.016966729,0.009980429,0.01047945,0.012475536,0.012974557,0.009481407,0.011976514,0.012974557,0.014970643,0.011477493,0.007485322,0.007485322,0.01047945,0.005489236,0.011477493,0.01047945,0.010978472,0.004990214,0.005988257,0.0069863,0.014471622,0.01047945,0.009481407,0.011976514,0.017964772,0.010978472,0.0069863,0.007485322,0.010978472,0.009481407,0.017964772,0.009481407,0.013473579,0.013473579,0.0139726,0.012475536,0.011976514,0.008483364,0.019461836,0.011976514,0.0209589,0.016966729,0.012475536,0.013473579,0.013473579,0.008982386,0.011976514,0.01047945,0.009980429,0.002495107,0.007485322,0.006487279,0.010978472,0.006487279,0.013473579,0.009980429,0.015469664,0.008982386,0.007984343,0.002994129,0.012974557,0.005489236,0.166486885,0.129393871,1
0.016777004,0.014743428,0.015251822,0.011693064,0.011184669,0.008642699,0.012709852,0.009659487,0.014235034,0.014235034,0.017285398,0.010676275,0.008642699,0.007117517,0.010676275,0.008134305,0.010167881,0.010167881,0.012201458,0.006100729,0.007625911,0.007625911,0.007117517,0.011693064,0.007625911,0.010676275,0.011184669,0.010676275,0.011184669,0.005592335,0.013218246,0.009151093,0.016777004,0.009151093,0.01881058,0.011693064,0.012201458,0.012201458,0.009659487,0.011184669,0.019318974,0.012709852,0.022877733,0.014743428,0.008642699,0.009659487,0.015251822,0.008642699,0.014743428,0.008642699,0.010167881,0.005083941,0.007625911,0.005592335,0.010676275,0.006100729,0.015251822,0.007625911,0.018302186,0.006100729,0.010167881,0.007625911,0.008134305,0.008642699,0.163229355,0.129086106,1
0.012825668,0.011756863,0.019772905,0.012825668,0.009619251,0.006947237,0.013360071,0.00748164,0.01496328,0.016566488,0.016566488,0.010153654,0.00748164,0.00748164,0.01122246,0.00748164,0.014428877,0.00748164,0.012825668,0.005878431,0.00748164,0.00748164,0.00748164,0.011756863,0.005878431,0.010688057,0.013894474,0.01122246,0.010153654,0.00748164,0.012825668,0.006947237,0.019238502,0.009619251,0.013894474,0.009619251,0.016032085,0.013894474,0.009084848,0.010153654,0.016566488,0.012825668,0.023513725,0.016032085,0.010688057,0.009084848,0.01496328,0.01122246,0.01122246,0.008550445,0.011756863,0.005344028,0.00748164,0.005878431,0.011756863,0.008016043,0.01496328,0.009084848,0.01496328,0.008550445,0.008550445,0.009084848,0.008016043,0.008016043,0.164241295,0.12767494,1
0.008781481,0.013172221,0.015123661,0.009269341,0.009757201,0.007805761,0.014635801,0.008293621,0.013660081,0.013660081,0.014147941,0.012684361,0.006830041,0.0048786,0.012196501,0.008293621,0.009269341,0.009757201,0.011708641,0.00536646,0.00585432,0.007317901,0.007805761,0.009757201,0.008781481,0.009269341,0.014147941,0.011220781,0.006830041,0.0048786,0.013660081,0.009757201,0.015611521,0.008781481,0.015611521,0.014147941,0.013172221,0.010245061,0.011708641,0.012684361,0.017075101,0.015123661,0.024393002,0.018050821,0.011708641,0.008781481,0.014147941,0.014147941,0.012684361,0.008781481,0.011708641,0.00341502,0.007317901,0.00536646,0.009269341,0.00439074,0.014147941,0.009757201,0.021953702,0.007317901,0.011220781,0.007805761,0.013172221,0.010732921,0.165861315,0.131132372,1
0.007170818,0.009219623,0.019463649,0.009219623,0.010244026,0.009219623,0.012292831,0.007170818,0.01587824,0.016390441,0.01178063,0.011268429,0.006658617,0.006146416,0.010244026,0.007170818,0.010756227,0.010244026,0.013829435,0.006658617,0.009731825,0.010244026,0.012805032,0.010244026,0.008195221,0.013829435,0.017927045,0.012805032,0.006658617,0.006658617,0.01178063,0.006658617,0.016902643,0.009219623,0.014853838,0.011268429,0.014853838,0.016390441,0.015366039,0.010244026,0.016390441,0.019463649,0.02356126,0.014853838,0.010244026,0.010244026,0.015366039,0.010756227,0.010244026,0.010244026,0.007170818,0.003073208,0.006658617,0.007170818,0.012292831,0.00409761,0.01178063,0.007170818,0.021000253,0.007683019,0.007170818,0.007170818,0.010244026,0.003585409,0.166935423,0.127763393,1
0.014010587,0.013471718,0.016166062,0.011855112,0.010777374,0.007544162,0.014010587,0.010777374,0.017243799,0.014549455,0.017243799,0.008621899,0.009160768,0.007005293,0.011316243,0.009699637,0.009160768,0.009160768,0.012393981,0.005927556,0.006466425,0.007544162,0.007544162,0.011316243,0.007005293,0.009699637,0.011855112,0.012393981,0.010777374,0.005927556,0.012932849,0.009160768,0.016166062,0.010777374,0.019938143,0.014549455,0.010777374,0.011855112,0.008621899,0.010777374,0.019399274,0.010777374,0.017782668,0.015088324,0.009160768,0.010238506,0.014010587,0.009160768,0.01670493,0.009699637,0.009160768,0.004849818,0.008621899,0.005927556,0.010777374,0.005927556,0.017243799,0.007005293,0.016166062,0.006466425,0.011316243,0.008083031,0.008621899,0.007544162,0.164932661,0.129149318,1
0.012645263,0.018481538,0.01945425,0.012158906,0.018481538,0.009240769,0.009727125,0.008268056,0.01167255,0.014104331,0.016049756,0.013131619,0.009727125,0.010213481,0.015077044,0.010213481,0.018481538,0.009240769,0.010699838,0.012645263,0.011186194,0.005349919,0.0077817,0.006808988,0.0077817,0.004377206,0.009240769,0.009240769,0.009240769,0.005349919,0.008268056,0.008268056,0.013617975,0.008268056,0.016049756,0.013131619,0.01167255,0.009240769,0.005349919,0.009727125,0.017508825,0.009240769,0.008754413,0.013131619,0.01167255,0.006322631,0.012158906,0.0155634,0.017508825,0.009727125,0.008754413,0.007295344,0.009727125,0.007295344,0.0077817,0.006322631,0.014590688,0.008268056,0.014590688,0.010213481,0.012645263,0.009240769,0.012158906,0.00389085,0.172542654,0.133426975,1
0.009663684,0.011113236,0.017394631,0.007247763,0.0091805,0.009663684,0.015945078,0.008214131,0.010630052,0.01497871,0.015461894,0.012079605,0.008697316,0.00579821,0.009663684,0.006281395,0.009663684,0.010630052,0.013045973,0.00579821,0.008214131,0.010146868,0.012562789,0.008697316,0.011113236,0.012562789,0.01497871,0.012079605,0.006764579,0.006764579,0.013045973,0.007247763,0.015461894,0.009663684,0.014495526,0.013045973,0.013529157,0.01497871,0.014012342,0.011113236,0.017394631,0.017877815,0.02077692,0.01497871,0.012562789,0.007730947,0.016428263,0.010146868,0.010630052,0.011596421,0.008214131,0.004348658,0.008214131,0.004831842,0.008214131,0.00579821,0.013529157,0.008214131,0.020293736,0.007730947,0.006764579,0.006764579,0.010630052,0.00579821,0.169638779,0.129260953,1
0.009194185,0.013065421,0.015484943,0.009194185,0.009194185,0.010161994,0.014517134,0.006290758,0.010161994,0.015968848,0.015001039,0.011129803,0.007258567,0.007258567,0.010161994,0.006774663,0.009194185,0.009678089,0.011129803,0.005806854,0.007258567,0.009194185,0.012097612,0.011129803,0.009194185,0.013065421,0.016936656,0.012097612,0.009678089,0.007258567,0.013065421,0.006290758,0.016452752,0.007742472,0.01403323,0.013549325,0.013065421,0.01403323,0.014517134,0.012097612,0.019356179,0.017420561,0.024195224,0.015001039,0.009194185,0.00871028,0.017420561,0.010161994,0.011613707,0.009678089,0.011613707,0.002903427,0.006290758,0.006290758,0.010161994,0.006774663,0.013065421,0.007258567,0.020323988,0.007258567,0.009678089,0.006290758,0.007258567,0.005322949,0.167317975,0.130052733,1
0.008998904,0.013498356,0.015998051,0.008998904,0.009498843,0.008498965,0.014998173,0.008998904,0.012998417,0.013498356,0.014498234,0.011998539,0.006999148,0.004499452,0.011998539,0.007999026,0.009498843,0.009998782,0.011498599,0.00549933,0.006499208,0.007499087,0.007999026,0.009498843,0.009498843,0.008998904,0.014498234,0.011498599,0.006999148,0.004499452,0.013498356,0.009998782,0.015998051,0.009498843,0.014498234,0.013498356,0.013498356,0.009998782,0.011998539,0.011998539,0.017497869,0.014998173,0.023997077,0.017997808,0.011498599,0.008998904,0.013998295,0.013998295,0.012998417,0.008998904,0.01099866,0.003499574,0.006999148,0.00549933,0.009498843,0.004499452,0.013498356,0.009998782,0.021497382,0.007499087,0.01099866,0.007999026,0.012998417,0.009998782,0.16612707,0.130958544,1
0.008971484,0.012460394,0.015949305,0.008971484,0.0094699,0.008473068,0.014454058,0.008971484,0.01295881,0.013457226,0.015450889,0.01295881,0.006977821,0.005482574,0.012460394,0.007476237,0.009968316,0.0094699,0.011463563,0.004984158,0.006479405,0.007476237,0.007476237,0.0094699,0.0094699,0.008473068,0.013955642,0.011961979,0.007476237,0.004485742,0.01295881,0.0094699,0.015450889,0.0094699,0.015450889,0.014952473,0.01295881,0.009968316,0.011463563,0.011463563,0.017942968,0.014454058,0.023923957,0.017444552,0.01295881,0.008971484,0.014454058,0.013955642,0.012460394,0.0094699,0.011961979,0.00348891,0.006977821,0.004984158,0.010466731,0.004485742,0.014952473,0.0094699,0.020435047,0.007974652,0.009968316,0.007974652,0.01295881,0.0094699,0.166336318,0.130897433,1
0.010164592,0.011181051,0.014230428,0.013722199,0.008131673,0.010164592,0.013213969,0.009148133,0.015246888,0.010672821,0.013722199,0.01168928,0.008131673,0.006606985,0.014738658,0.005590525,0.008639903,0.008639903,0.010164592,0.006606985,0.007623444,0.007115214,0.010672821,0.010164592,0.010164592,0.011181051,0.016771576,0.01219751,0.006606985,0.007115214,0.01168928,0.008131673,0.017279806,0.011181051,0.016771576,0.01168928,0.01168928,0.01219751,0.017279806,0.008131673,0.017279806,0.015755117,0.026936168,0.01168928,0.01270574,0.009148133,0.014738658,0.011181051,0.013213969,0.009656362,0.010164592,0.003049378,0.006606985,0.006098755,0.009148133,0.006098755,0.014230428,0.011181051,0.014230428,0.01219751,0.008639903,0.005082296,0.011181051,0.005590525,0.169402628,0.128732314,1
0.010869435,0.010351843,0.015010173,0.014492581,0.009316659,0.009316659,0.010869435,0.009316659,0.015010173,0.012939804,0.01190462,0.012422212,0.006728698,0.007763882,0.015527765,0.006211106,0.009316659,0.008281475,0.009834251,0.008281475,0.008281475,0.007763882,0.008799067,0.008799067,0.008799067,0.009834251,0.014492581,0.011387028,0.006728698,0.006728698,0.01190462,0.010351843,0.017598134,0.010869435,0.017598134,0.009834251,0.01190462,0.010351843,0.016045357,0.010869435,0.01915091,0.013457396,0.024326832,0.012422212,0.011387028,0.008281475,0.016562949,0.01190462,0.012939804,0.009316659,0.009834251,0.003623145,0.006211106,0.006211106,0.008799067,0.006728698,0.013457396,0.012939804,0.018115726,0.01190462,0.010869435,0.005175922,0.012422212,0.004658329,0.169327049,0.127265199,1
0.010945272,0.010945272,0.014752323,0.013800561,0.009993509,0.009041747,0.010945272,0.009517628,0.016655849,0.012848798,0.010945272,0.012848798,0.006186458,0.007614102,0.016655849,0.007614102,0.009041747,0.008565865,0.009993509,0.008565865,0.00666234,0.007138221,0.008089984,0.008565865,0.008565865,0.009993509,0.015228205,0.009993509,0.008089984,0.00666234,0.010945272,0.010469391,0.016655849,0.010945272,0.017607612,0.011421154,0.012372916,0.009041747,0.015704086,0.011421154,0.01713173,0.013800561,0.02379407,0.011421154,0.011421154,0.008565865,0.014276442,0.011421154,0.013800561,0.009041747,0.010945272,0.003807051,0.007138221,0.005234695,0.009041747,0.00666234,0.014276442,0.011897035,0.016655849,0.011421154,0.011897035,0.005234695,0.012372916,0.007614102,0.169443098,0.128631839,1
0.010185297,0.011203827,0.013240886,0.015277945,0.007638973,0.009166767,0.013240886,0.008657502,0.016296475,0.013240886,0.013750151,0.012222356,0.008148238,0.007129708,0.013750151,0.005601913,0.009676032,0.007638973,0.010185297,0.005601913,0.007129708,0.007129708,0.010694562,0.009676032,0.010694562,0.011203827,0.016296475,0.010185297,0.006620443,0.006620443,0.011203827,0.009166767,0.016296475,0.010694562,0.020879859,0.011203827,0.012222356,0.012222356,0.017315005,0.009166767,0.018842799,0.014259416,0.025463242,0.011713091,0.013240886,0.008148238,0.015277945,0.010185297,0.013750151,0.009166767,0.011203827,0.002546324,0.006111178,0.006620443,0.007129708,0.006111178,0.013240886,0.011713091,0.014768681,0.012731621,0.008657502,0.004074119,0.012222356,0.007129708,0.168607983,0.128606529,1
0.014114705,0.012098319,0.013610609,0.014114705,0.007561449,0.009073739,0.012098319,0.009073739,0.017643382,0.012602415,0.014618802,0.011594222,0.006049159,0.007561449,0.013610609,0.008569643,0.010081932,0.008065546,0.010081932,0.007561449,0.008569643,0.009073739,0.008569643,0.007561449,0.010081932,0.010081932,0.015122899,0.009577836,0.006049159,0.009577836,0.011594222,0.009073739,0.016131092,0.010081932,0.024196638,0.010586029,0.012098319,0.010081932,0.014114705,0.011594222,0.018147478,0.014114705,0.024700734,0.014114705,0.012098319,0.008065546,0.016131092,0.008569643,0.013610609,0.007561449,0.008569643,0.003528676,0.007561449,0.005545063,0.009577836,0.008065546,0.015122899,0.011090126,0.016635188,0.010081932,0.009073739,0.005545063,0.011594222,0.008065546,0.163839756,0.125384011,1
0.010374059,0.011411465,0.014004979,0.015561088,0.007780544,0.007780544,0.013486276,0.00881795,0.015561088,0.01244887,0.015042385,0.011411465,0.007780544,0.007261841,0.014004979,0.006224435,0.009855356,0.007261841,0.009855356,0.005705732,0.006224435,0.006743138,0.010374059,0.00881795,0.011930167,0.011411465,0.0176359,0.010374059,0.006224435,0.008299247,0.011411465,0.009336653,0.017117197,0.010892762,0.020748117,0.010892762,0.012967573,0.010892762,0.018154603,0.010374059,0.018154603,0.016079791,0.024897741,0.011930167,0.011411465,0.009336653,0.014004979,0.009855356,0.014004979,0.008299247,0.009855356,0.002593515,0.005705732,0.006743138,0.009336653,0.007261841,0.014004979,0.01244887,0.013486276,0.010892762,0.009336653,0.004149623,0.011411465,0.006743138,0.167164603,0.128436815,1
0.011731957,0.011731957,0.014664947,0.014664947,0.010265463,0.0092878,0.010754294,0.0092878,0.016620273,0.013198452,0.011243126,0.012709621,0.00635481,0.007332473,0.016131442,0.00635481,0.0092878,0.008310137,0.010265463,0.007821305,0.006843642,0.007332473,0.008798968,0.008310137,0.0092878,0.009776631,0.01564261,0.009776631,0.008310137,0.006843642,0.010265463,0.010754294,0.017109105,0.010754294,0.017597936,0.010754294,0.012220789,0.0092878,0.01564261,0.011731957,0.017597936,0.013687284,0.022975083,0.012220789,0.011243126,0.008798968,0.015153778,0.011243126,0.014664947,0.008798968,0.011243126,0.002932989,0.00635481,0.005377147,0.0092878,0.006843642,0.012709621,0.012220789,0.017109105,0.011731957,0.011731957,0.004888316,0.011731957,0.006843642,0.169064155,0.12848489,1
0.012016755,0.011055415,0.016342787,0.013458766,0.010094074,0.008652064,0.011536085,0.009613404,0.014420106,0.014420106,0.010574744,0.012978095,0.006248713,0.007210053,0.016342787,0.006729383,0.008171393,0.008652064,0.010094074,0.009132734,0.008171393,0.006248713,0.007690723,0.007210053,0.009132734,0.009132734,0.014900776,0.011055415,0.007210053,0.006248713,0.011536085,0.009613404,0.017304127,0.010094074,0.016342787,0.010574744,0.012016755,0.009613404,0.016342787,0.011055415,0.017304127,0.013458766,0.025475521,0.012497425,0.012497425,0.008171393,0.015381446,0.011536085,0.015381446,0.009613404,0.010094074,0.003364691,0.005768042,0.004806702,0.008652064,0.006729383,0.013458766,0.012016755,0.017784797,0.011055415,0.012497425,0.004326032,0.011055415,0.007690723,0.171057301,0.129086884,1
0.01160759,0.01160759,0.016444086,0.01257489,0.009672992,0.009672992,0.011123941,0.009189342,0.014509488,0.01257489,0.011123941,0.013542189,0.006287445,0.006771094,0.016927736,0.006771094,0.009189342,0.008705693,0.009189342,0.009672992,0.008705693,0.007254744,0.008222043,0.007738394,0.008705693,0.010156642,0.014993137,0.010156642,0.006771094,0.006287445,0.011123941,0.010640291,0.016444086,0.010156642,0.015960437,0.010640291,0.01160759,0.009672992,0.016444086,0.011123941,0.016927736,0.014025838,0.026117078,0.01257489,0.01160759,0.009672992,0.014509488,0.011123941,0.014509488,0.009189342,0.010156642,0.003869197,0.006771094,0.005320146,0.008222043,0.006771094,0.013058539,0.01209124,0.017895035,0.010640291,0.013058539,0.004352846,0.011123941,0.008222043,0.169813308,0.128411128,1
0.010159855,0.010667848,0.013715805,0.015239783,0.008127884,0.00914387,0.012699819,0.008635877,0.016255768,0.012699819,0.014223797,0.012191826,0.008127884,0.007111899,0.013715805,0.00558792,0.00914387,0.008635877,0.010159855,0.00558792,0.007111899,0.007111899,0.011175841,0.00914387,0.011683834,0.011175841,0.016763761,0.010667848,0.006603906,0.008127884,0.010667848,0.008635877,0.016763761,0.010667848,0.020827703,0.011175841,0.012191826,0.011683834,0.017271754,0.00914387,0.018287739,0.014223797,0.025399638,0.012191826,0.012699819,0.009651862,0.014223797,0.010159855,0.013715805,0.00914387,0.010667848,0.002539964,0.006095913,0.006603906,0.00914387,0.007111899,0.013207812,0.011683834,0.013715805,0.011683834,0.008635877,0.004063942,0.011683834,0.006603906,0.167857613,0.128572411,1
0.011434132,0.012005838,0.015436078,0.011434132,0.008575599,0.008003892,0.011434132,0.009147305,0.014292665,0.018294611,0.013720958,0.011434132,0.006288772,0.008003892,0.010862425,0.011434132,0.009719012,0.006860479,0.015436078,0.005145359,0.008003892,0.004573653,0.009147305,0.010862425,0.007432186,0.012005838,0.014292665,0.011434132,0.008575599,0.009147305,0.012577545,0.006288772,0.014864371,0.008575599,0.017151198,0.016579491,0.012577545,0.012005838,0.013720958,0.011434132,0.018866317,0.012005838,0.02000973,0.014292665,0.010862425,0.007432186,0.015436078,0.010862425,0.014292665,0.009719012,0.009719012,0.00343024,0.008003892,0.008575599,0.010862425,0.005145359,0.016579491,0.007432186,0.017151198,0.007432186,0.010862425,0.008003892,0.009719012,0.005717066,0.165920573,0.131452034,1
0.010964596,0.012958159,0.014951722,0.010964596,0.009967814,0.009967814,0.012958159,0.007974251,0.01395494,0.015948503,0.012958159,0.011961377,0.006479079,0.007475861,0.011462987,0.010964596,0.009967814,0.009469424,0.014951722,0.006479079,0.007974251,0.004983907,0.009967814,0.009967814,0.008971033,0.012958159,0.013456549,0.010964596,0.009469424,0.008971033,0.012459768,0.006479079,0.015450112,0.008971033,0.015450112,0.014951722,0.013456549,0.010964596,0.012958159,0.013456549,0.016446894,0.013456549,0.014951722,0.014453331,0.009967814,0.008472642,0.015948503,0.009469424,0.013456549,0.009469424,0.009469424,0.003987126,0.009469424,0.00697747,0.010466205,0.005980689,0.015450112,0.008472642,0.017942066,0.006479079,0.010964596,0.007974251,0.007974251,0.006479079,0.168875305,0.131882517,1
0.009411952,0.010980611,0.014117928,0.012549269,0.009934838,0.009411952,0.010980611,0.007843293,0.014640814,0.015163701,0.013072156,0.012026383,0.007320407,0.009411952,0.010980611,0.010980611,0.010457725,0.008889066,0.014117928,0.005751748,0.007843293,0.007320407,0.009934838,0.00836618,0.00836618,0.015163701,0.012549269,0.011503497,0.012549269,0.008889066,0.010980611,0.006797521,0.014117928,0.008889066,0.016209473,0.016209473,0.012549269,0.009411952,0.015686587,0.016209473,0.017255245,0.014117928,0.015163701,0.011503497,0.009411952,0.007843293,0.015686587,0.007843293,0.013595042,0.009411952,0.010457725,0.00418309,0.008889066,0.007320407,0.010980611,0.006797521,0.015163701,0.009411952,0.017255245,0.005751748,0.00836618,0.007843293,0.009411952,0.006797521,0.169474828,0.132472061,1
0.01076696,0.011792384,0.014868659,0.011279672,0.010254247,0.010254247,0.012305097,0.008203398,0.013330522,0.016406796,0.013843234,0.012305097,0.006665261,0.007690686,0.011279672,0.011279672,0.009741535,0.009741535,0.015381371,0.006152548,0.008203398,0.005127124,0.010254247,0.01076696,0.00871611,0.012817809,0.013330522,0.011792384,0.009741535,0.00871611,0.012305097,0.006152548,0.014868659,0.009228823,0.015894083,0.015381371,0.013330522,0.011279672,0.013330522,0.012305097,0.01743222,0.012817809,0.014868659,0.013330522,0.010254247,0.00871611,0.015381371,0.009228823,0.013330522,0.010254247,0.009741535,0.004101699,0.009228823,0.007690686,0.01076696,0.005639836,0.015894083,0.008203398,0.016406796,0.006665261,0.010254247,0.008203398,0.008203398,0.005639836,0.169226567,0.131433764,1
0.011255273,0.011766876,0.015859703,0.011255273,0.00920886,0.008697256,0.012790083,0.009720463,0.015348099,0.017394513,0.012790083,0.012278479,0.00613924,0.007162446,0.010232066,0.010743669,0.010232066,0.00920886,0.014836496,0.005116033,0.008697256,0.005116033,0.009720463,0.00920886,0.00767405,0.012278479,0.013301686,0.012790083,0.009720463,0.00920886,0.012790083,0.005627636,0.014836496,0.009720463,0.015859703,0.014324893,0.012790083,0.011255273,0.013301686,0.012278479,0.016882909,0.012278479,0.014836496,0.014836496,0.011766876,0.008185653,0.016371306,0.010232066,0.014324893,0.009720463,0.010743669,0.003581223,0.008697256,0.00767405,0.010232066,0.00613924,0.014836496,0.00767405,0.017906116,0.006650843,0.010743669,0.008185653,0.00767405,0.00613924,0.168779228,0.132370651,1
0.009466616,0.012622154,0.013674001,0.012622154,0.009992539,0.010518462,0.011570308,0.007888847,0.013148078,0.014725847,0.013674001,0.012096231,0.006837,0.008940693,0.010518462,0.010518462,0.009992539,0.009466616,0.013674001,0.005259231,0.00841477,0.007362923,0.010518462,0.00841477,0.009466616,0.015777693,0.012622154,0.011570308,0.010518462,0.009466616,0.011044385,0.006837,0.014725847,0.009466616,0.016829539,0.01525177,0.011570308,0.010518462,0.015777693,0.014199924,0.017881386,0.013148078,0.017355462,0.012622154,0.009466616,0.007888847,0.016303616,0.00841477,0.014199924,0.008940693,0.008940693,0.003681462,0.00841477,0.006311077,0.011570308,0.007362923,0.015777693,0.00841477,0.017355462,0.005785154,0.008940693,0.007362923,0.009466616,0.007362923,0.16804229,0.131428136,1
0.008637031,0.013915216,0.015354721,0.011036206,0.010556371,0.010076536,0.011036206,0.008637031,0.012955546,0.016314391,0.013915216,0.012955546,0.006717691,0.008157196,0.010076536,0.009116866,0.010556371,0.008637031,0.014874886,0.006717691,0.008157196,0.00575802,0.010076536,0.010556371,0.007677361,0.014395051,0.013915216,0.010556371,0.011516041,0.008157196,0.011995876,0.007197526,0.015354721,0.010076536,0.015354721,0.013435381,0.013435381,0.010556371,0.015354721,0.013435381,0.018233732,0.012475711,0.016794226,0.013915216,0.009596701,0.008637031,0.015834556,0.009596701,0.014395051,0.007677361,0.010556371,0.003358845,0.008637031,0.008157196,0.010076536,0.00575802,0.015354721,0.009596701,0.016794226,0.006237856,0.008157196,0.007677361,0.010076536,0.00575802,0.167269512,0.132171327,1
0.00919452,0.013065897,0.015001586,0.010162364,0.010646286,0.009678442,0.011130209,0.00919452,0.014517663,0.016453352,0.013549819,0.011614131,0.006290987,0.008226676,0.010646286,0.008226676,0.010646286,0.00919452,0.014517663,0.006290987,0.008710598,0.006290987,0.010162364,0.008710598,0.00919452,0.01596943,0.013549819,0.010162364,0.010162364,0.010162364,0.011614131,0.008226676,0.014517663,0.009678442,0.016937274,0.014033741,0.012581975,0.010646286,0.016937274,0.015485508,0.016453352,0.014517663,0.01596943,0.014517663,0.00919452,0.007742754,0.015485508,0.00919452,0.013065897,0.008710598,0.00919452,0.002903533,0.008710598,0.007258832,0.010646286,0.00677491,0.015001586,0.008710598,0.01838904,0.005323143,0.008710598,0.007258832,0.009678442,0.00677491,0.166990187,0.130838827,1
0.011441802,0.011961884,0.015602457,0.011441802,0.009361474,0.008841392,0.011961884,0.008841392,0.015082375,0.016122539,0.013002048,0.012481966,0.005720901,0.00832131,0.011441802,0.01092172,0.010401638,0.008841392,0.014562293,0.006240983,0.00832131,0.005200819,0.009881556,0.010401638,0.008841392,0.013002048,0.013002048,0.011441802,0.009881556,0.009361474,0.011961884,0.006240983,0.015082375,0.008841392,0.016642621,0.015602457,0.013522129,0.011441802,0.013002048,0.011961884,0.017162703,0.012481966,0.015082375,0.014042211,0.01092172,0.008841392,0.016122539,0.009361474,0.013522129,0.009361474,0.009881556,0.003120491,0.009361474,0.00832131,0.011441802,0.006240983,0.015082375,0.007801229,0.017682785,0.007281147,0.009361474,0.008841392,0.00832131,0.005720901,0.167245175,0.131164342,1
0.009916671,0.013883339,0.014875006,0.010908338,0.010412504,0.009420837,0.011900005,0.009916671,0.01537084,0.014875006,0.013387506,0.011900005,0.00694167,0.008925004,0.010412504,0.00842917,0.010412504,0.009420837,0.013387506,0.005454169,0.007437503,0.006445836,0.009420837,0.007933337,0.007933337,0.01537084,0.012891672,0.010908338,0.013387506,0.009420837,0.010412504,0.008925004,0.013883339,0.00842917,0.016362507,0.014379173,0.013387506,0.00842917,0.014875006,0.016858341,0.016362507,0.013883339,0.016858341,0.012891672,0.009420837,0.007437503,0.015866673,0.00842917,0.014875006,0.009916671,0.010908338,0.003966668,0.007437503,0.00694167,0.010908338,0.007437503,0.013387506,0.009420837,0.016858341,0.005454169,0.009916671,0.00694167,0.008925004,0.00694167,0.169564772,0.131805762,1
0.007217499,0.011547999,0.014916165,0.010104499,0.010104499,0.007698666,0.016359665,0.007698666,0.010104499,0.018284332,0.014434999,0.011547999,0.006736333,0.006255166,0.010585666,0.006736333,0.010585666,0.011066832,0.014434999,0.006255166,0.007698666,0.009623333,0.012991499,0.010585666,0.008179833,0.013953832,0.018284332,0.011066832,0.007698666,0.008179833,0.011066832,0.007698666,0.014916165,0.009623333,0.012991499,0.012029166,0.015397332,0.015397332,0.012510332,0.013472666,0.018765498,0.016359665,0.020690165,0.016359665,0.010585666,0.010585666,0.015397332,0.008179833,0.011066832,0.009623333,0.012029166,0.001924667,0.009142166,0.008179833,0.009623333,0.002887,0.012029166,0.008179833,0.019246665,0.005774,0.009623333,0.004811666,0.008179833,0.003368166,0.16891789,0.132428169,1
0.007997585,0.011496529,0.015995171,0.01099668,0.009996982,0.007997585,0.014495624,0.008497435,0.009497133,0.018494416,0.012496227,0.010496831,0.005998189,0.006498038,0.011496529,0.007497736,0.01099668,0.011496529,0.015495322,0.007497736,0.010496831,0.01099668,0.012496227,0.008997284,0.007497736,0.013495925,0.018494416,0.009996982,0.008497435,0.007497736,0.01099668,0.007497736,0.015495322,0.009497133,0.01099668,0.011496529,0.01649502,0.01649502,0.012496227,0.011496529,0.018994265,0.016994869,0.024492605,0.017494718,0.008497435,0.01099668,0.015995171,0.007497736,0.011496529,0.008497435,0.008497435,0.001499547,0.008497435,0.007497736,0.009996982,0.00549834,0.011496529,0.007997585,0.022493209,0.004998491,0.006997887,0.006498038,0.008997284,0.003498944,0.165334891,0.132377139,1
0.008010494,0.010680658,0.013884856,0.011214691,0.008544527,0.005874362,0.017089053,0.008010494,0.010146625,0.019225185,0.013350823,0.011214691,0.007476461,0.006408395,0.011748724,0.007476461,0.010146625,0.009612592,0.014952921,0.006408395,0.008010494,0.009612592,0.011214691,0.010680658,0.008010494,0.013884856,0.018157119,0.010680658,0.008010494,0.008010494,0.010680658,0.008544527,0.014418889,0.009612592,0.01281679,0.013350823,0.01655502,0.014952921,0.012282757,0.013350823,0.019759218,0.016020987,0.020293251,0.015486954,0.009612592,0.010680658,0.015486954,0.008010494,0.010680658,0.009612592,0.012282757,0.002136132,0.008010494,0.009078559,0.010146625,0.003204197,0.012282757,0.008010494,0.019759218,0.006408395,0.010146625,0.005340329,0.008544527,0.002670165,0.169085314,0.132933675,1
0.007232568,0.011572109,0.014947307,0.010125595,0.010125595,0.007714739,0.016393821,0.007714739,0.010125595,0.017840334,0.014947307,0.011572109,0.006750397,0.006268226,0.010607766,0.006750397,0.010607766,0.011572109,0.014465136,0.006268226,0.007714739,0.010125595,0.011572109,0.011089937,0.007714739,0.013982965,0.018322505,0.010607766,0.00819691,0.00819691,0.011089937,0.007714739,0.014947307,0.009161253,0.013018622,0.01205428,0.015911649,0.014465136,0.013018622,0.013500793,0.018804677,0.016875992,0.020733361,0.016393821,0.010125595,0.010607766,0.015429478,0.00819691,0.011089937,0.009643424,0.01205428,0.001928685,0.009161253,0.00819691,0.009643424,0.002893027,0.01205428,0.00819691,0.019286848,0.005786054,0.009643424,0.004821712,0.00819691,0.003375198,0.168851218,0.132000552,1
0.008012931,0.01101778,0.014022629,0.010516972,0.009515355,0.008513739,0.015024245,0.006510506,0.009515355,0.018029094,0.013021013,0.010516972,0.007011314,0.007512123,0.011518588,0.008012931,0.010016164,0.011518588,0.013521821,0.008513739,0.009515355,0.010516972,0.013021013,0.010516972,0.009014547,0.014022629,0.018529903,0.009515355,0.008012931,0.008513739,0.010016164,0.006009698,0.015024245,0.009515355,0.012019396,0.013021013,0.015024245,0.01652667,0.012520204,0.012520204,0.020032327,0.017027478,0.023037176,0.01652667,0.009014547,0.008513739,0.015024245,0.009014547,0.01101778,0.007512123,0.011518588,0.002003233,0.009515355,0.008012931,0.010516972,0.003004849,0.01101778,0.007512123,0.02203556,0.005008082,0.008012931,0.006009698,0.009014547,0.005008082,0.166322302,0.133547866,1
0.007229307,0.011084937,0.014458613,0.010121029,0.009639075,0.008675168,0.015904474,0.00771126,0.010121029,0.018314243,0.014458613,0.011566891,0.006747353,0.006747353,0.010602983,0.006747353,0.010121029,0.012048844,0.014458613,0.006265399,0.008675168,0.011084937,0.012530798,0.010602983,0.008193214,0.013012752,0.018314243,0.011084937,0.00771126,0.008193214,0.010602983,0.00771126,0.014940567,0.009639075,0.013012752,0.012530798,0.014940567,0.015422521,0.012530798,0.013012752,0.019760105,0.015422521,0.020724012,0.016386428,0.010602983,0.010121029,0.015422521,0.008193214,0.010602983,0.009639075,0.012530798,0.001927815,0.009639075,0.00771126,0.009639075,0.002891723,0.012048844,0.008675168,0.018796197,0.005301491,0.009639075,0.004819538,0.008193214,0.00385563,0.168238054,0.132447025,1
0.007510939,0.011016045,0.01452115,0.009513857,0.009513857,0.007510939,0.016524067,0.007510939,0.010515315,0.018026255,0.01402042,0.011516774,0.007510939,0.006509481,0.011016045,0.00701021,0.010014586,0.011016045,0.015021879,0.007510939,0.008011669,0.010515315,0.013018962,0.010014586,0.008512398,0.015021879,0.018526984,0.009513857,0.008011669,0.009013127,0.010014586,0.007510939,0.01452115,0.009513857,0.013519691,0.012017503,0.016524067,0.015522608,0.012017503,0.01402042,0.019027713,0.017024796,0.020529901,0.015522608,0.009013127,0.009513857,0.015021879,0.008512398,0.011016045,0.009513857,0.011016045,0.003004376,0.009513857,0.008011669,0.010014586,0.003004376,0.011516774,0.008011669,0.019027713,0.005508022,0.010014586,0.005007293,0.008011669,0.004005834,0.168950506,0.132031394,1
0.007241921,0.011104278,0.014966636,0.010138689,0.009655894,0.007724715,0.01641502,0.007724715,0.010138689,0.018346199,0.014001046,0.012069868,0.006759126,0.006276331,0.011104278,0.006759126,0.010138689,0.011104278,0.014966636,0.006759126,0.00820751,0.009655894,0.013035457,0.009655894,0.00820751,0.014001046,0.017863404,0.011104278,0.007724715,0.00820751,0.010138689,0.007724715,0.014483841,0.009655894,0.013035457,0.012069868,0.015932225,0.01544943,0.012069868,0.013518252,0.018346199,0.01641502,0.019794583,0.01641502,0.010621483,0.010138689,0.01544943,0.008690305,0.012069868,0.009655894,0.011104278,0.001931179,0.009173099,0.007724715,0.009655894,0.002896768,0.012552662,0.00820751,0.019311788,0.005310742,0.009655894,0.004827947,0.008690305,0.003862358,0.169512469,0.132849186,1
0.007672707,0.011988604,0.014865869,0.010070427,0.010070427,0.008631795,0.015345413,0.006713618,0.009111339,0.018222678,0.013906781,0.010549971,0.006713618,0.008152251,0.011029516,0.007672707,0.010549971,0.011029516,0.013427236,0.007672707,0.009111339,0.009590883,0.012468148,0.011029516,0.009590883,0.013427236,0.017743134,0.010070427,0.007672707,0.008152251,0.011029516,0.00575453,0.015345413,0.010549971,0.01150906,0.013906781,0.013906781,0.016304501,0.012468148,0.011988604,0.020620399,0.015345413,0.024456752,0.01726359,0.010070427,0.009111339,0.014865869,0.008631795,0.011029516,0.007193162,0.011988604,0.001918177,0.009590883,0.008152251,0.010549971,0.002877265,0.01150906,0.007672707,0.021579487,0.004795442,0.007672707,0.00575453,0.008631795,0.004795442,0.165442191,0.133464251,1
0.007228001,0.011082935,0.014937869,0.010119201,0.009637335,0.008191735,0.016383469,0.008191735,0.010119201,0.018310936,0.014456002,0.011564802,0.006746134,0.006264268,0.010601068,0.006746134,0.010119201,0.011564802,0.014937869,0.006264268,0.008191735,0.012528535,0.011564802,0.010119201,0.008191735,0.013010402,0.018310936,0.011082935,0.007709868,0.008191735,0.010601068,0.007709868,0.014937869,0.009637335,0.013010402,0.012046668,0.015901602,0.014456002,0.013010402,0.013010402,0.019274669,0.015419736,0.02072027,0.016865336,0.010601068,0.010601068,0.015419736,0.008191735,0.011082935,0.010119201,0.011564802,0.001927467,0.009155468,0.007709868,0.009637335,0.0028912,0.012046668,0.009155468,0.018792803,0.005300534,0.009637335,0.004336801,0.008673601,0.003373067,0.168741299,0.132070065,1
0.010109505,0.010109505,0.016287536,0.011794422,0.008986227,0.008424587,0.010109505,0.011794422,0.012356062,0.016287536,0.014602618,0.011232783,0.006178031,0.007862948,0.011232783,0.007301309,0.010671144,0.009547866,0.012917701,0.005616392,0.008986227,0.015164257,0.011232783,0.010671144,0.007301309,0.012356062,0.014040979,0.008986227,0.007301309,0.008986227,0.012917701,0.009547866,0.014040979,0.009547866,0.017410814,0.012356062,0.014602618,0.011232783,0.01347934,0.012356062,0.017972453,0.015725897,0.02021901,0.015164257,0.011232783,0.00673967,0.016849175,0.008986227,0.01347934,0.010109505,0.008424587,0.002808196,0.006178031,0.011232783,0.007862948,0.003931474,0.015725897,0.007301309,0.02021901,0.008424587,0.009547866,0.005616392,0.010671144,0.007862948,0.164286488,0.127486527,1
0.008846793,0.010321259,0.016219121,0.011304236,0.009338282,0.00982977,0.011795724,0.00982977,0.010812747,0.016219121,0.014253167,0.012778701,0.005406374,0.007372328,0.010812747,0.008846793,0.010321259,0.010812747,0.012778701,0.005897862,0.00982977,0.008355305,0.010812747,0.008846793,0.00982977,0.014253167,0.014253167,0.011304236,0.007863816,0.008846793,0.011795724,0.009338282,0.014253167,0.010321259,0.016219121,0.012287213,0.013761678,0.011304236,0.015727633,0.013761678,0.018676564,0.014744656,0.020151029,0.013761678,0.010321259,0.008846793,0.015236144,0.008846793,0.01327019,0.009338282,0.008846793,0.002948931,0.006880839,0.008355305,0.011795724,0.005406374,0.013761678,0.009338282,0.018185075,0.005406374,0.010812747,0.007372328,0.008846793,0.004423397,0.167153111,0.130509798,1
0.009686781,0.011216273,0.016314579,0.010706443,0.009176951,0.00866712,0.013255596,0.009176951,0.009686781,0.014275257,0.015294918,0.012235934,0.005608137,0.007647459,0.010706443,0.007647459,0.010706443,0.010196612,0.010196612,0.006627798,0.007137628,0.009176951,0.012745765,0.010196612,0.009176951,0.014785087,0.014785087,0.012235934,0.009686781,0.007647459,0.010706443,0.00866712,0.014785087,0.009686781,0.014275257,0.011216273,0.014275257,0.013765426,0.014785087,0.012745765,0.018353902,0.01682441,0.018353902,0.013255596,0.010196612,0.007647459,0.01682441,0.010706443,0.012745765,0.009176951,0.010706443,0.003058984,0.007137628,0.007647459,0.010196612,0.004588475,0.012745765,0.009686781,0.018353902,0.00815729,0.010196612,0.006627798,0.010196612,0.005098306,0.169471324,0.130531262,1
0.009384352,0.011469764,0.015119234,0.010948411,0.009905705,0.007298941,0.011991117,0.009905705,0.011991117,0.016683293,0.013555175,0.012512469,0.006256235,0.007298941,0.011469764,0.007820293,0.009905705,0.009384352,0.014076528,0.006256235,0.008341646,0.006256235,0.011991117,0.008862999,0.008862999,0.01616194,0.014597881,0.010948411,0.006777588,0.009905705,0.013033822,0.008341646,0.015119234,0.010427058,0.017204646,0.013033822,0.014597881,0.012512469,0.01616194,0.012512469,0.020332763,0.014076528,0.017725998,0.013033822,0.008862999,0.007820293,0.015640587,0.010948411,0.012512469,0.007820293,0.008341646,0.002606764,0.006777588,0.009384352,0.010427058,0.006256235,0.014597881,0.009384352,0.019290057,0.006777588,0.009384352,0.007820293,0.009905705,0.006256235,0.16617979,0.128951097,1
0.008083425,0.010936398,0.015215859,0.011411894,0.010460903,0.008083425,0.012838381,0.008083425,0.009985407,0.017117841,0.014740363,0.011411894,0.005705947,0.007132434,0.012838381,0.008558921,0.009509912,0.010936398,0.013313876,0.007132434,0.007607929,0.006656938,0.01188739,0.010936398,0.009509912,0.014264868,0.014264868,0.011411894,0.005705947,0.008083425,0.012838381,0.009509912,0.015215859,0.010936398,0.014740363,0.012362885,0.015215859,0.013789372,0.015691354,0.012362885,0.019019823,0.01616685,0.017593337,0.013789372,0.010936398,0.007607929,0.015691354,0.008558921,0.012838381,0.006656938,0.009509912,0.003328469,0.007607929,0.008558921,0.009034416,0.004754956,0.014740363,0.009509912,0.019970815,0.006181443,0.009985407,0.007132434,0.009034416,0.006656938,0.168517607,0.130126405,1
0.008317359,0.009426341,0.014416756,0.012198794,0.010535322,0.006653887,0.012753284,0.008317359,0.009980831,0.018298191,0.012753284,0.011089812,0.006099397,0.007208378,0.013307775,0.009980831,0.009426341,0.009426341,0.013307775,0.007208378,0.007762869,0.007208378,0.012753284,0.009426341,0.007762869,0.016080228,0.014416756,0.011089812,0.005544906,0.007762869,0.012198794,0.00887185,0.013862266,0.011089812,0.015525737,0.013307775,0.014971247,0.014971247,0.014971247,0.011644303,0.019961662,0.013307775,0.016080228,0.013307775,0.011089812,0.006653887,0.016080228,0.009426341,0.012753284,0.008317359,0.00887185,0.003881434,0.006099397,0.00887185,0.00887185,0.004990416,0.016080228,0.00887185,0.019407172,0.007762869,0.011089812,0.007208378,0.010535322,0.007762869,0.17088744,0.129899885,1
0.008721385,0.012597556,0.013566599,0.009690428,0.009690428,0.007752342,0.012597556,0.01065947,0.01065947,0.014535642,0.015989206,0.013082077,0.005329735,0.008236864,0.010174949,0.008721385,0.009690428,0.009690428,0.013082077,0.006298778,0.008236864,0.007267821,0.011143992,0.009690428,0.009205906,0.01405112,0.015504684,0.010174949,0.006298778,0.010174949,0.01405112,0.007752342,0.013566599,0.010174949,0.016958248,0.01405112,0.013566599,0.012597556,0.014535642,0.012597556,0.019380855,0.015504684,0.01744277,0.014535642,0.011628513,0.006783299,0.015989206,0.010174949,0.012597556,0.008236864,0.01065947,0.002422607,0.007267821,0.009205906,0.01065947,0.005329735,0.015504684,0.009205906,0.017927291,0.006298778,0.01065947,0.007267821,0.008721385,0.007267821,0.166204374,0.130755097,1
0.008569872,0.011594533,0.014115084,0.010586313,0.010082203,0.008569872,0.013106863,0.009073982,0.010586313,0.016131524,0.014619194,0.010586313,0.006553432,0.007561652,0.011594533,0.008065762,0.009073982,0.010586313,0.013106863,0.007561652,0.008569872,0.009578093,0.011090423,0.012098643,0.010082203,0.014115084,0.014619194,0.010586313,0.008065762,0.007561652,0.013106863,0.008569872,0.015627414,0.009073982,0.015627414,0.012602753,0.013610974,0.014619194,0.015627414,0.012098643,0.018652075,0.015627414,0.018147965,0.014619194,0.010586313,0.007057542,0.014115084,0.010082203,0.011594533,0.009578093,0.009073982,0.003024661,0.007561652,0.008569872,0.009578093,0.004032881,0.013610974,0.010082203,0.019660295,0.006553432,0.008065762,0.007561652,0.011090423,0.005041101,0.168061951,0.129712631,1
0.008285916,0.010357395,0.013982483,0.011393135,0.008803786,0.008803786,0.011911004,0.007768046,0.010357395,0.016571832,0.013464614,0.011393135,0.007250177,0.008803786,0.012946744,0.008803786,0.009839525,0.009321656,0.013464614,0.006732307,0.008803786,0.007768046,0.012428874,0.008803786,0.009839525,0.015018223,0.014500353,0.010875265,0.007768046,0.008803786,0.010875265,0.007768046,0.013982483,0.008803786,0.016571832,0.016053962,0.013982483,0.012946744,0.016571832,0.011911004,0.02019692,0.015536093,0.02019692,0.012946744,0.008285916,0.007250177,0.015536093,0.010875265,0.011911004,0.008803786,0.007768046,0.003107219,0.007768046,0.008803786,0.009321656,0.006732307,0.015018223,0.008285916,0.02071479,0.006732307,0.008285916,0.007768046,0.011393135,0.005178698,0.167115637,0.130135109,1
0.00799997,0.011499957,0.014999944,0.010999959,0.009499965,0.008499968,0.012499954,0.007499972,0.010499961,0.015499942,0.014999944,0.010499961,0.006999974,0.009499965,0.010999959,0.007499972,0.009499965,0.008999967,0.012499954,0.006499976,0.00799997,0.00799997,0.01349995,0.009999963,0.008999967,0.014999944,0.015499942,0.012499954,0.006999974,0.00799997,0.011499957,0.00799997,0.014499946,0.008999967,0.015499942,0.013999948,0.01349995,0.013999948,0.015999941,0.011499957,0.018999929,0.015999941,0.020499924,0.014999944,0.009999963,0.006999974,0.015499942,0.010999959,0.01349995,0.008499968,0.00799997,0.003499987,0.006999974,0.008999967,0.009999963,0.00549998,0.014499946,0.008499968,0.019499928,0.00549998,0.009499965,0.006999974,0.009999963,0.006999974,0.167507406,0.130495201,1
0.01212947,0.010475452,0.013783489,0.01212947,0.007718754,0.007167414,0.011026791,0.01212947,0.015988847,0.015437508,0.014886168,0.009372773,0.007718754,0.004962056,0.01212947,0.007718754,0.008270093,0.007718754,0.013232149,0.006616075,0.007167414,0.006616075,0.009372773,0.01268081,0.009372773,0.008821433,0.018745545,0.011026791,0.008270093,0.009372773,0.011026791,0.008821433,0.017091526,0.009924112,0.017091526,0.011578131,0.013783489,0.014334829,0.017091526,0.008270093,0.018745545,0.017091526,0.022604922,0.014886168,0.010475452,0.008821433,0.017091526,0.008821433,0.011026791,0.009924112,0.01212947,0.002205358,0.007167414,0.007718754,0.010475452,0.003859377,0.011578131,0.01212947,0.017091526,0.009924112,0.008821433,0.006064735,0.010475452,0.005513396,0.16632735,0.127958012,1
0.014679887,0.009961352,0.015204169,0.01258276,0.006815662,0.007339944,0.008912789,0.011534197,0.014679887,0.013631324,0.013107042,0.013107042,0.007864225,0.007864225,0.011534197,0.007339944,0.009961352,0.00629138,0.01258276,0.006815662,0.007864225,0.00943707,0.007864225,0.011534197,0.008388507,0.007339944,0.014155605,0.009961352,0.005242817,0.007864225,0.011534197,0.01258276,0.017301296,0.007864225,0.01572845,0.011534197,0.013107042,0.011534197,0.011534197,0.008912789,0.016777014,0.012058479,0.029359774,0.017301296,0.011534197,0.00943707,0.019398422,0.010485634,0.010485634,0.010485634,0.011009915,0.003669972,0.007339944,0.008388507,0.011534197,0.005242817,0.01258276,0.012058479,0.018874141,0.011009915,0.011009915,0.007339944,0.012058479,0.008912789,0.162561527,0.125988229,1
0.010918397,0.011958245,0.013518016,0.012998092,0.008318779,0.009358626,0.010398474,0.011958245,0.015077787,0.014557863,0.014037939,0.011438321,0.008318779,0.006759008,0.011958245,0.007278931,0.00987855,0.007798855,0.012478168,0.006759008,0.007798855,0.006759008,0.009358626,0.011958245,0.00987855,0.008318779,0.016637558,0.011438321,0.008318779,0.007798855,0.010398474,0.008838703,0.016637558,0.010398474,0.017157481,0.012478168,0.012998092,0.012478168,0.015077787,0.007798855,0.018717252,0.013518016,0.022876642,0.01559771,0.011438321,0.009358626,0.018197329,0.008318779,0.011958245,0.00987855,0.011958245,0.002599618,0.007798855,0.007278931,0.011438321,0.003639466,0.012998092,0.011958245,0.016637558,0.008838703,0.008318779,0.006239084,0.00987855,0.00571916,0.166646252,0.129897013,1
0.009746105,0.01231087,0.014875634,0.012823823,0.008207246,0.007694294,0.010772011,0.011797917,0.014362681,0.014875634,0.014362681,0.011284964,0.007181341,0.006155435,0.012823823,0.008720199,0.008720199,0.007694294,0.013849728,0.005642482,0.008207246,0.008207246,0.009746105,0.010772011,0.010259058,0.009746105,0.015388587,0.011284964,0.009233152,0.009233152,0.010259058,0.008207246,0.020005163,0.008720199,0.01590154,0.01231087,0.012823823,0.012823823,0.016414493,0.008720199,0.018466304,0.014875634,0.021031069,0.014362681,0.010259058,0.009233152,0.018466304,0.008207246,0.011284964,0.009746105,0.010259058,0.004103623,0.006668388,0.007694294,0.009746105,0.005642482,0.013849728,0.011284964,0.018466304,0.009233152,0.008720199,0.005129529,0.011284964,0.004616576,0.167209795,0.127992919,1
0.009515337,0.010572597,0.012687116,0.012158486,0.007400818,0.008458077,0.011101226,0.011629856,0.016387525,0.014801635,0.013744376,0.011101226,0.008458077,0.006872188,0.011629856,0.007400818,0.008986707,0.007400818,0.013215746,0.006343558,0.007400818,0.010043967,0.010572597,0.012158486,0.010572597,0.008986707,0.015330265,0.012687116,0.007400818,0.009515337,0.011101226,0.008458077,0.016387525,0.010043967,0.019559304,0.012687116,0.013744376,0.012687116,0.014273005,0.007929447,0.018502044,0.012687116,0.021673823,0.014801635,0.010043967,0.010572597,0.019030674,0.008458077,0.010043967,0.010572597,0.010572597,0.003171779,0.007929447,0.008986707,0.011629856,0.004757668,0.013215746,0.012158486,0.016916155,0.009515337,0.008458077,0.005814928,0.010043967,0.006343558,0.165815226,0.126878058,1
0.010324248,0.011307509,0.012782402,0.012290771,0.009340986,0.008357724,0.01179914,0.010815878,0.016223818,0.014257294,0.013274033,0.012782402,0.007866093,0.006882832,0.012290771,0.006882832,0.008357724,0.009340986,0.014257294,0.006391201,0.007374463,0.006882832,0.009832617,0.011307509,0.010324248,0.008849355,0.016223818,0.012290771,0.006882832,0.007866093,0.010815878,0.008357724,0.01769871,0.009832617,0.018190341,0.012290771,0.012782402,0.012782402,0.014748925,0.007866093,0.01769871,0.013274033,0.021140126,0.015732187,0.011307509,0.011307509,0.019173603,0.008357724,0.010324248,0.009832617,0.011307509,0.002949785,0.008849355,0.007374463,0.011307509,0.003933047,0.013765663,0.01179914,0.017207079,0.009340986,0.008357724,0.005407939,0.009832617,0.005407939,0.167728199,0.128256447,1
0.012628869,0.013114595,0.014086046,0.011657418,0.009228789,0.008743063,0.012628869,0.011657418,0.014086046,0.009228789,0.018457578,0.012143143,0.00680016,0.005828709,0.014086046,0.007285886,0.009228789,0.009228789,0.012628869,0.007771612,0.008743063,0.00680016,0.009228789,0.012143143,0.006314435,0.005342983,0.015057498,0.006314435,0.007771612,0.007285886,0.011171692,0.009714515,0.018943304,0.009714515,0.016514675,0.012143143,0.013114595,0.014571772,0.000485726,0.008257337,0.022343384,0.012143143,0.048086848,0.018943304,0.010685966,0.01020024,0.017486126,0.009228789,0.011171692,0.01020024,0.010685966,0.001942903,0.007771612,0.00680016,0.010685966,0.003885806,0.014571772,0.009714515,0.019914755,0.01020024,0.008743063,0.005828709,0.011657418,0.004857257,0.155993477,0.126103886,1
0.01645604,0.013068032,0.013068032,0.01210003,0.009196023,0.009680024,0.011616029,0.011616029,0.014520036,0.014036034,0.013552033,0.01210003,0.005808014,0.006292015,0.012584031,0.006776017,0.009680024,0.009680024,0.012584031,0.006776017,0.007744019,0.01210003,0.00822802,0.01210003,0.009680024,0.007744019,0.016940042,0.011132027,0.007260018,0.007260018,0.011616029,0.010164025,0.018876046,0.009680024,0.017424043,0.010164025,0.013552033,0.011616029,0.014036034,0.008712021,0.018876046,0.014036034,0.021780053,0.015004037,0.010648026,0.010164025,0.017908044,0.008712021,0.009196023,0.009680024,0.011132027,0.002420006,0.00822802,0.006776017,0.011616029,0.00387201,0.013068032,0.01210003,0.017908044,0.009196023,0.008712021,0.006776017,0.010164025,0.005324013,0.163523588,0.125962668,1
0.009765396,0.012063137,0.014360877,0.010914267,0.008042091,0.008042091,0.012637572,0.010914267,0.016658617,0.014935312,0.015509747,0.009190961,0.007467656,0.005169916,0.014360877,0.007467656,0.009190961,0.006893221,0.013212007,0.006318786,0.007467656,0.005169916,0.008616526,0.012063137,0.009765396,0.008616526,0.017807488,0.011488702,0.008616526,0.008616526,0.010914267,0.008042091,0.017233053,0.009765396,0.018956358,0.013212007,0.012637572,0.013212007,0.016658617,0.008616526,0.018956358,0.015509747,0.022402968,0.014935312,0.011488702,0.009190961,0.014935312,0.009765396,0.010914267,0.010914267,0.009765396,0.004021046,0.008042091,0.006893221,0.009765396,0.004595481,0.013786442,0.011488702,0.016084182,0.009765396,0.008042091,0.006318786,0.010914267,0.005169916,0.167251598,0.128490988,1
0.011044852,0.012965695,0.014406328,0.012965695,0.009124008,0.009604219,0.012965695,0.010564641,0.013445906,0.015846961,0.012005273,0.011525063,0.007683375,0.005762531,0.013445906,0.007203164,0.009124008,0.01008443,0.012965695,0.007203164,0.009124008,0.008163586,0.008643797,0.012965695,0.011044852,0.009124008,0.016807383,0.01008443,0.007683375,0.007683375,0.011525063,0.008643797,0.018728227,0.01008443,0.014406328,0.011525063,0.013926117,0.014406328,0.013926117,0.008163586,0.017287594,0.012965695,0.022089703,0.014406328,0.011044852,0.01008443,0.016327172,0.007203164,0.012485484,0.009124008,0.011044852,0.002401055,0.007203164,0.006722953,0.011525063,0.003841688,0.012965695,0.012965695,0.015846961,0.008643797,0.008643797,0.00528232,0.009124008,0.006242742,0.167497472,0.130434133,1
0.007038827,0.011563788,0.015585975,0.012569335,0.010055468,0.009552694,0.013072108,0.009049921,0.012569335,0.017094295,0.013574881,0.010558241,0.005027734,0.010055468,0.012569335,0.004022187,0.011563788,0.009049921,0.015083201,0.005027734,0.008044374,0.008044374,0.011061014,0.010558241,0.010055468,0.012066561,0.018099842,0.011061014,0.008044374,0.007038827,0.013574881,0.006536054,0.015585975,0.011061014,0.017094295,0.012066561,0.015585975,0.012066561,0.015585975,0.011061014,0.022624802,0.013574881,0.021619255,0.015083201,0.009552694,0.011061014,0.017094295,0.009049921,0.012066561,0.010558241,0.006033281,0.002011094,0.007038827,0.008044374,0.011563788,0.00452496,0.010558241,0.011563788,0.019608162,0.010055468,0.008044374,0.00301664,0.008547147,0.002011094,0.167877019,0.128240248,1
0.007368305,0.012771729,0.01473661,0.011789288,0.009824407,0.009333186,0.013754169,0.008841966,0.011789288,0.015719051,0.012280508,0.012771729,0.005403424,0.010315627,0.012771729,0.003929763,0.011789288,0.008350746,0.01424539,0.005894644,0.007859525,0.007859525,0.010806847,0.009824407,0.009824407,0.011789288,0.020140033,0.010315627,0.008350746,0.006877085,0.01473661,0.006877085,0.016210271,0.010315627,0.017192712,0.012771729,0.01522783,0.011298068,0.015719051,0.012771729,0.023087355,0.01424539,0.022104915,0.013754169,0.008841966,0.011789288,0.017192712,0.007859525,0.011298068,0.010315627,0.006385864,0.001964881,0.007368305,0.007859525,0.012280508,0.005403424,0.011298068,0.013262949,0.018666372,0.008841966,0.007368305,0.003929763,0.007368305,0.001473661,0.167355639,0.128234409,1
0.007385514,0.011816823,0.015263396,0.01230919,0.010832087,0.009847352,0.014278661,0.008862617,0.01230919,0.015755764,0.01230919,0.01230919,0.005908411,0.01033972,0.013293926,0.003938941,0.011816823,0.009847352,0.013293926,0.005416044,0.008370249,0.008370249,0.010832087,0.009847352,0.011324455,0.011324455,0.019202337,0.009354985,0.008862617,0.007385514,0.012801558,0.006400779,0.016248131,0.011324455,0.016740499,0.013293926,0.013786293,0.011324455,0.014278661,0.011324455,0.023141278,0.012801558,0.020187072,0.013786293,0.009847352,0.011816823,0.016740499,0.008370249,0.011324455,0.010832087,0.007385514,0.002461838,0.007385514,0.007877882,0.011816823,0.004923676,0.011324455,0.010832087,0.018217602,0.011324455,0.007385514,0.002461838,0.008862617,0.00196947,0.168532064,0.128859352,1
0.007360359,0.011566279,0.014194979,0.012617759,0.008937579,0.008411839,0.013143499,0.009463319,0.011566279,0.015772199,0.012617759,0.012092019,0.0052574,0.011040539,0.013143499,0.00420592,0.011566279,0.007360359,0.014720719,0.00578314,0.007360359,0.007360359,0.008937579,0.010514799,0.010514799,0.011040539,0.020503858,0.009989059,0.008411839,0.006834619,0.015246459,0.006834619,0.015772199,0.010514799,0.016823679,0.013143499,0.015246459,0.011040539,0.016823679,0.012617759,0.023132558,0.014720719,0.020503858,0.014720719,0.009463319,0.011566279,0.017875159,0.007360359,0.011566279,0.010514799,0.00630888,0.00210296,0.007886099,0.007360359,0.013143499,0.00473166,0.011040539,0.014194979,0.018926639,0.009463319,0.007360359,0.00368018,0.007360359,0.00157722,0.168331543,0.128754129,1
0.006023444,0.011120205,0.015753624,0.012046889,0.010193521,0.008803496,0.014363598,0.008340154,0.012973572,0.016680307,0.012046889,0.012510231,0.005560102,0.009730179,0.012510231,0.005096761,0.011120205,0.009266837,0.014363598,0.005560102,0.007876812,0.00741347,0.010656863,0.009730179,0.009266837,0.011583547,0.018533675,0.011120205,0.007876812,0.00741347,0.014363598,0.005560102,0.016216966,0.010656863,0.016216966,0.013436914,0.015290282,0.011583547,0.013900256,0.012046889,0.021777068,0.013436914,0.0199237,0.015290282,0.010656863,0.011583547,0.017143649,0.008803496,0.011583547,0.010656863,0.007876812,0.001853367,0.006950128,0.007876812,0.011583547,0.005096761,0.012510231,0.011120205,0.0199237,0.009266837,0.007876812,0.002780051,0.008803496,0.002316709,0.169131062,0.129369345,1
0.007195877,0.010793815,0.014905745,0.01284978,0.009251842,0.009765833,0.012335789,0.009251842,0.011821798,0.014905745,0.01284978,0.01284978,0.006167894,0.010793815,0.01284978,0.00411193,0.011307807,0.008737851,0.01284978,0.005139912,0.007709868,0.008223859,0.011307807,0.010793815,0.010279824,0.012335789,0.019017675,0.010793815,0.008737851,0.007195877,0.014391754,0.005139912,0.015933727,0.009765833,0.017475701,0.013877763,0.013363771,0.011821798,0.016447719,0.010793815,0.023643596,0.01284978,0.02107364,0.014905745,0.009251842,0.011821798,0.017475701,0.008737851,0.011307807,0.011307807,0.007195877,0.002055965,0.007709868,0.008223859,0.012335789,0.004625921,0.011821798,0.012335789,0.019531666,0.008737851,0.007709868,0.003083947,0.007195877,0.002055965,0.167910655,0.128949373,1
0.007755365,0.011891559,0.012925608,0.012925608,0.009823462,0.008789413,0.012925608,0.009823462,0.011374535,0.016027753,0.012408583,0.011374535,0.005687267,0.009823462,0.013442632,0.004136194,0.011374535,0.008272389,0.013959656,0.005687267,0.007755365,0.008272389,0.009823462,0.01085751,0.010340486,0.011374535,0.019129899,0.009823462,0.008272389,0.006721316,0.015510729,0.006721316,0.015510729,0.009823462,0.018095851,0.012408583,0.013442632,0.012408583,0.016027753,0.011891559,0.022749069,0.013959656,0.021715021,0.014476681,0.009823462,0.011891559,0.017578826,0.008272389,0.01085751,0.011374535,0.006204292,0.002068097,0.008272389,0.00723834,0.011891559,0.005170243,0.011374535,0.011891559,0.019646924,0.011891559,0.006721316,0.004136194,0.008272389,0.001551073,0.168225881,0.128104041,1
0.006736553,0.012029559,0.014916654,0.011548377,0.01010483,0.009142465,0.014916654,0.009142465,0.012991924,0.014916654,0.011548377,0.012510742,0.005774189,0.010586012,0.012510742,0.004330641,0.010586012,0.009623648,0.013473107,0.005293006,0.007698918,0.007698918,0.009623648,0.01010483,0.009623648,0.011548377,0.019247295,0.011067195,0.0081801,0.007217736,0.015397836,0.005774189,0.016360201,0.010586012,0.017322566,0.013473107,0.013954289,0.010586012,0.015879019,0.012029559,0.022615572,0.013473107,0.02020966,0.014435471,0.009623648,0.01010483,0.018766113,0.008661283,0.011548377,0.011067195,0.006736553,0.002887094,0.007217736,0.007698918,0.011067195,0.005293006,0.012510742,0.012510742,0.019728478,0.009142465,0.008661283,0.002887094,0.007217736,0.001443547,0.170054863,0.128381228,1
0.006808965,0.011186156,0.013617929,0.012158865,0.009727092,0.009727092,0.014590638,0.009240738,0.011672511,0.015563348,0.012158865,0.012158865,0.005349901,0.009240738,0.013617929,0.004377192,0.010699802,0.009240738,0.014104284,0.006808965,0.009727092,0.008268028,0.010213447,0.010213447,0.011186156,0.011186156,0.01896783,0.010213447,0.008268028,0.006808965,0.014590638,0.00632261,0.015563348,0.011672511,0.017508766,0.011672511,0.013617929,0.012158865,0.015076993,0.011186156,0.022372312,0.013617929,0.022372312,0.014104284,0.009240738,0.012158865,0.017022412,0.008754383,0.010699802,0.011186156,0.00632261,0.001945418,0.007781674,0.008268028,0.011672511,0.005349901,0.011186156,0.011672511,0.019454185,0.010699802,0.007295319,0.004863546,0.007781674,0.001459064,0.167855543,0.128389327,1
0.007205659,0.012009432,0.014891696,0.012009432,0.0105683,0.009607546,0.014411318,0.009127168,0.012009432,0.015372073,0.012009432,0.012489809,0.005764527,0.010087923,0.013930941,0.003843018,0.011529055,0.009607546,0.012970187,0.006244905,0.008166414,0.008166414,0.0105683,0.009607546,0.011048677,0.011529055,0.019215091,0.009127168,0.008646791,0.007205659,0.013450564,0.006244905,0.016332828,0.011529055,0.016813205,0.012970187,0.013930941,0.011048677,0.014411318,0.012009432,0.022577732,0.013450564,0.020656223,0.014411318,0.009607546,0.011529055,0.017293582,0.008646791,0.011048677,0.0105683,0.007205659,0.002401886,0.007686037,0.007686037,0.011529055,0.004803773,0.012009432,0.011048677,0.019215091,0.011048677,0.007205659,0.002882264,0.008646791,0.001441132,0.168656306,0.129032107,1
0.010155001,0.012572858,0.016925001,0.012089287,0.010638572,0.008220715,0.014507144,0.010638572,0.013540001,0.016925001,0.011605715,0.014023573,0.005319286,0.005802858,0.012572858,0.006286429,0.010638572,0.011122144,0.012572858,0.008220715,0.009187858,0.006286429,0.008220715,0.009187858,0.009187858,0.010155001,0.014023573,0.009187858,0.008220715,0.007737143,0.011605715,0.011605715,0.017892144,0.010638572,0.014023573,0.008220715,0.014990715,0.012572858,0.011122144,0.014507144,0.01644143,0.01305643,0.019342859,0.014507144,0.012089287,0.008704286,0.015474287,0.009187858,0.01305643,0.009671429,0.012572858,0.001450714,0.007737143,0.005802858,0.008704286,0.004835715,0.011605715,0.01305643,0.018859287,0.007737143,0.011122144,0.004835715,0.011122144,0.005802858,0.169121826,0.131150261,1
0.010139856,0.013036958,0.016899761,0.012071258,0.010622707,0.008208455,0.013519809,0.011105557,0.01545121,0.01496836,0.012554108,0.013519809,0.006277054,0.005794204,0.012071258,0.006759904,0.011588407,0.009174156,0.012071258,0.007725605,0.007725605,0.005794204,0.008691306,0.009174156,0.009657006,0.011588407,0.013519809,0.008208455,0.009657006,0.007242755,0.012071258,0.010622707,0.017865461,0.010622707,0.014002659,0.010139856,0.014002659,0.011105557,0.012071258,0.014485509,0.01593406,0.012554108,0.017382611,0.01545121,0.011105557,0.009657006,0.01593406,0.009174156,0.012554108,0.010622707,0.013519809,0.001448551,0.008208455,0.006277054,0.008691306,0.004828503,0.011588407,0.012554108,0.017865461,0.008691306,0.011105557,0.004828503,0.010622707,0.006759904,0.169027193,0.131805559,1
0.011447525,0.012442962,0.017420147,0.011945243,0.010949807,0.007963496,0.013936117,0.00995437,0.013936117,0.017420147,0.01294068,0.013438399,0.004977185,0.005972622,0.012442962,0.00647034,0.011447525,0.010452088,0.012442962,0.007963496,0.008958933,0.006968059,0.009456651,0.008958933,0.009456651,0.00995437,0.013936117,0.00995437,0.008461214,0.008461214,0.011447525,0.010452088,0.017917865,0.00995437,0.014931554,0.008958933,0.014931554,0.01294068,0.010949807,0.014931554,0.016922428,0.013438399,0.018913302,0.014433836,0.011447525,0.009456651,0.01642471,0.008461214,0.012442962,0.00995437,0.012442962,0.000995437,0.007465777,0.00647034,0.008958933,0.004977185,0.011447525,0.01294068,0.017917865,0.007963496,0.010949807,0.003981748,0.00995437,0.005474903,0.168239816,0.129977129,1
0.010124835,0.013017645,0.016874724,0.012053375,0.01060697,0.008196295,0.01349978,0.01157124,0.014946184,0.014946184,0.01253551,0.014464049,0.006267755,0.00578562,0.01253551,0.006267755,0.01157124,0.009160565,0.01157124,0.00771416,0.00771416,0.00578562,0.00867843,0.009160565,0.0096427,0.01157124,0.01349978,0.008196295,0.009160565,0.007232025,0.012053375,0.011089105,0.017838994,0.01060697,0.013981915,0.0096427,0.013981915,0.011089105,0.012053375,0.014464049,0.015910454,0.01253551,0.017356859,0.014946184,0.012053375,0.0096427,0.015428319,0.009160565,0.01253551,0.011089105,0.013981915,0.001446405,0.00771416,0.006267755,0.00867843,0.004339215,0.012053375,0.01253551,0.017356859,0.00867843,0.01157124,0.004339215,0.01060697,0.00674989,0.169683011,0.132185534,1
0.010529048,0.011964827,0.017707944,0.011486234,0.010529048,0.008136083,0.0138792,0.010529048,0.014357793,0.015793572,0.012922014,0.013400607,0.004785931,0.005743117,0.013400607,0.007178896,0.010529048,0.010050455,0.011964827,0.009093269,0.008614676,0.00622171,0.009571862,0.008614676,0.010050455,0.010529048,0.0138792,0.009093269,0.008614676,0.008136083,0.010529048,0.011007641,0.018665131,0.011007641,0.0138792,0.009093269,0.014357793,0.01244342,0.011486234,0.0138792,0.015314979,0.0138792,0.019143724,0.015314979,0.011964827,0.009571862,0.016272165,0.008136083,0.011964827,0.010050455,0.012922014,0.001435779,0.008136083,0.00622171,0.008614676,0.004785931,0.012922014,0.011964827,0.017707944,0.008136083,0.011007641,0.004785931,0.010529048,0.00622171,0.168585413,0.130754299,1
0.009979682,0.01283102,0.018058472,0.012355797,0.010930128,0.00807879,0.013306243,0.009979682,0.015207135,0.014256689,0.012355797,0.013306243,0.006177898,0.006177898,0.013781466,0.006653121,0.012355797,0.009029236,0.010930128,0.008554013,0.008554013,0.006653121,0.008554013,0.009029236,0.009504459,0.010930128,0.013306243,0.008554013,0.009029236,0.007128344,0.011880574,0.009979682,0.017583249,0.010454905,0.013781466,0.009979682,0.013781466,0.011880574,0.011405351,0.013306243,0.015682358,0.013306243,0.018058472,0.015682358,0.012355797,0.009504459,0.015682358,0.009029236,0.013306243,0.010454905,0.012355797,0.001900892,0.007603567,0.006177898,0.009029236,0.005227453,0.011405351,0.011880574,0.019008918,0.009029236,0.010454905,0.005227453,0.009979682,0.007603567,0.169440973,0.131030837,1
0.010274024,0.012230981,0.017612613,0.012230981,0.010763263,0.008317067,0.01320946,0.009784785,0.015655656,0.014677177,0.012230981,0.013698699,0.00636011,0.00636011,0.01272022,0.006849349,0.012230981,0.009295546,0.011741742,0.008317067,0.008806306,0.006849349,0.008806306,0.008806306,0.009295546,0.011252503,0.013698699,0.008317067,0.008806306,0.007338589,0.011252503,0.010274024,0.017123374,0.010274024,0.014187938,0.010274024,0.014677177,0.011741742,0.011741742,0.013698699,0.016144895,0.013698699,0.017612613,0.015166417,0.011252503,0.009295546,0.016144895,0.009295546,0.01272022,0.010274024,0.01272022,0.001467718,0.007827828,0.00636011,0.008806306,0.005381632,0.010763263,0.012230981,0.018591091,0.008806306,0.010763263,0.005381632,0.010274024,0.007338589,0.168820078,0.131078565,1
0.009824517,0.01356719,0.017309863,0.011695854,0.010760185,0.008421015,0.013099356,0.010760185,0.014502859,0.014970693,0.013099356,0.01356719,0.006081844,0.006081844,0.012163688,0.006081844,0.011695854,0.008888849,0.012163688,0.00795318,0.008421015,0.006549678,0.008421015,0.009356683,0.009356683,0.01122802,0.01356719,0.008421015,0.008421015,0.007017512,0.012163688,0.010760185,0.018245532,0.010292351,0.01356719,0.009356683,0.01356719,0.011695854,0.012163688,0.014502859,0.015906361,0.013099356,0.018713366,0.016374195,0.012163688,0.008888849,0.016374195,0.009356683,0.012631522,0.010292351,0.013099356,0.001403502,0.00795318,0.006081844,0.008888849,0.003742673,0.011695854,0.012631522,0.0191812,0.008421015,0.010760185,0.004210507,0.01122802,0.006549678,0.168771179,0.131816772,1
0.010080473,0.013287896,0.018328132,0.010996879,0.010538676,0.008705863,0.012829693,0.010080473,0.014662506,0.014662506,0.013287896,0.014204302,0.00549844,0.00687305,0.013746099,0.005956643,0.010996879,0.009164066,0.011913286,0.008705863,0.008247659,0.006414846,0.008247659,0.010080473,0.009622269,0.010538676,0.012829693,0.008247659,0.008247659,0.008247659,0.012371489,0.010538676,0.018786335,0.010080473,0.014204302,0.010996879,0.012829693,0.011455083,0.011455083,0.015120709,0.016037116,0.013746099,0.019244539,0.015120709,0.011455083,0.009164066,0.015120709,0.009622269,0.012371489,0.009622269,0.012371489,0.00137461,0.009164066,0.006414846,0.008705863,0.00412383,0.013746099,0.011913286,0.018786335,0.007789456,0.010996879,0.00412383,0.010996879,0.007789456,0.166347593,0.130768538,1
0.010294203,0.012633795,0.017312979,0.01123004,0.010762122,0.007954612,0.013569632,0.010762122,0.01403755,0.015909224,0.013101714,0.01403755,0.004679183,0.006082938,0.012633795,0.006550857,0.010762122,0.009826285,0.012165877,0.00842253,0.00842253,0.006082938,0.009826285,0.008890448,0.009826285,0.010294203,0.013569632,0.009826285,0.00842253,0.007954612,0.01123004,0.010762122,0.018248815,0.010762122,0.01403755,0.008890448,0.01403755,0.012633795,0.01123004,0.014505469,0.014973387,0.01403755,0.018716734,0.015441305,0.013101714,0.009358367,0.015909224,0.008890448,0.012165877,0.009826285,0.013101714,0.001403755,0.007954612,0.006550857,0.008890448,0.004211265,0.013101714,0.012165877,0.017780897,0.007954612,0.010762122,0.004211265,0.01123004,0.006082938,0.168678296,0.131315867,1
0.008920657,0.011019635,0.01626708,0.009970146,0.007871168,0.008395912,0.012069124,0.009445401,0.009970146,0.018366058,0.014168102,0.011019635,0.00577219,0.007871168,0.012069124,0.007346423,0.012593868,0.009970146,0.014168102,0.007346423,0.011019635,0.009445401,0.011019635,0.009445401,0.01049489,0.014692846,0.013643357,0.011019635,0.005247445,0.009445401,0.012069124,0.009445401,0.013643357,0.009445401,0.016791824,0.014168102,0.016791824,0.017316569,0.015217591,0.012069124,0.019415547,0.01626708,0.02098978,0.013118613,0.007871168,0.006821679,0.016791824,0.008920657,0.011019635,0.007346423,0.006296934,0.001574234,0.008395912,0.006296934,0.011544379,0.005247445,0.014168102,0.012069124,0.02098978,0.004722701,0.007346423,0.007346423,0.011019635,0.003673212,0.164467897,0.129225996,1
0.008307385,0.012705413,0.015637431,0.009773394,0.009284725,0.007818715,0.013682752,0.009773394,0.009773394,0.01759211,0.014660091,0.010750734,0.005864037,0.006352706,0.011728073,0.007818715,0.012216743,0.010750734,0.014660091,0.006841376,0.009773394,0.008796055,0.010262064,0.009284725,0.010750734,0.013194082,0.014171422,0.012705413,0.005864037,0.007330046,0.012216743,0.007818715,0.014171422,0.009284725,0.014171422,0.013194082,0.01759211,0.015637431,0.015637431,0.010262064,0.01759211,0.01661477,0.020524128,0.015148761,0.010750734,0.008307385,0.016126101,0.008796055,0.011728073,0.008307385,0.008307385,0.001954679,0.007818715,0.005864037,0.011239403,0.003909358,0.012705413,0.011728073,0.020524128,0.005375367,0.007818715,0.006841376,0.010262064,0.003909358,0.168864963,0.130871336,1
0.008193119,0.012048705,0.016868187,0.009157016,0.009157016,0.008675068,0.012530653,0.009157016,0.009638964,0.017350135,0.014940394,0.011566757,0.00530143,0.007711171,0.011566757,0.007229223,0.013012601,0.011566757,0.013494549,0.006747275,0.010120912,0.008675068,0.011084808,0.01060286,0.010120912,0.013494549,0.013976498,0.012048705,0.004819482,0.009157016,0.013012601,0.008675068,0.013976498,0.009157016,0.01590429,0.014458446,0.01590429,0.016868187,0.015422342,0.011566757,0.01879598,0.016868187,0.021687669,0.013976498,0.009638964,0.007711171,0.01590429,0.008675068,0.011084808,0.006747275,0.007229223,0.001445845,0.009638964,0.006265327,0.01060286,0.004819482,0.014940394,0.012048705,0.020723772,0.003855586,0.006747275,0.006747275,0.011084808,0.003855586,0.164552422,0.129393472,1
0.008307385,0.012705413,0.015637431,0.009773394,0.009284725,0.007818715,0.013682752,0.009773394,0.009773394,0.01759211,0.014660091,0.010750734,0.005864037,0.006352706,0.011728073,0.007818715,0.012216743,0.010750734,0.014660091,0.006841376,0.009773394,0.008796055,0.010262064,0.009284725,0.010750734,0.013194082,0.014171422,0.012705413,0.005864037,0.007330046,0.012216743,0.007818715,0.014171422,0.009284725,0.014171422,0.013194082,0.01759211,0.015637431,0.015637431,0.010262064,0.01759211,0.01661477,0.020524128,0.015148761,0.010750734,0.008307385,0.016126101,0.008796055,0.011728073,0.008307385,0.008307385,0.001954679,0.007818715,0.005864037,0.011239403,0.003909358,0.012705413,0.011728073,0.020524128,0.005375367,0.007818715,0.006841376,0.010262064,0.003909358,0.168864963,0.130871336,1
0.008070074,0.011867756,0.015190727,0.009494205,0.009019494,0.008544784,0.012817176,0.009494205,0.009968915,0.018038989,0.014716017,0.010918335,0.005696523,0.007595364,0.011393045,0.007120653,0.011867756,0.010918335,0.014241307,0.006645943,0.009968915,0.008544784,0.010443625,0.010918335,0.010443625,0.012817176,0.013766597,0.012817176,0.005696523,0.007595364,0.013291886,0.008070074,0.013766597,0.009019494,0.015190727,0.013766597,0.017089568,0.015665438,0.015665438,0.010443625,0.018513699,0.016140148,0.02088725,0.015190727,0.010918335,0.008070074,0.016140148,0.009019494,0.010918335,0.008070074,0.009019494,0.001898841,0.007595364,0.007120653,0.010918335,0.003797682,0.012817176,0.011867756,0.02136196,0.005221813,0.007595364,0.006171233,0.009968915,0.004272392,0.167530938,0.130372634,1
0.008119745,0.012418434,0.016239491,0.00907501,0.00907501,0.008597377,0.011940802,0.009552642,0.010030274,0.017672387,0.014806595,0.011940802,0.005253953,0.007642113,0.011940802,0.006686849,0.012896066,0.010985538,0.014328962,0.006686849,0.010030274,0.008597377,0.010985538,0.010985538,0.010030274,0.013373698,0.01385133,0.01146317,0.005253953,0.009552642,0.012896066,0.009552642,0.01385133,0.00907501,0.016717123,0.014328962,0.015761859,0.016717123,0.015284227,0.011940802,0.019105283,0.016717123,0.021493444,0.01385133,0.00907501,0.007642113,0.016239491,0.008597377,0.010985538,0.006686849,0.007164481,0.001432896,0.009552642,0.006686849,0.010507906,0.004776321,0.014806595,0.011940802,0.021015812,0.004298689,0.006686849,0.006686849,0.010985538,0.004298689,0.163621273,0.129005612,1
0.008307385,0.012705413,0.015637431,0.009773394,0.009284725,0.007818715,0.013682752,0.009773394,0.009773394,0.01759211,0.014660091,0.010750734,0.005864037,0.006352706,0.011728073,0.007818715,0.012216743,0.010750734,0.014660091,0.006841376,0.009773394,0.008796055,0.010262064,0.009284725,0.010750734,0.013194082,0.014171422,0.012705413,0.005864037,0.007330046,0.012216743,0.007818715,0.014171422,0.009284725,0.014171422,0.013194082,0.01759211,0.015637431,0.015637431,0.010262064,0.01759211,0.01661477,0.020524128,0.015148761,0.010750734,0.008307385,0.016126101,0.008796055,0.011728073,0.008307385,0.008307385,0.001954679,0.007818715,0.005864037,0.011239403,0.003909358,0.012705413,0.011728073,0.020524128,0.005375367,0.007818715,0.006841376,0.010262064,0.003909358,0.168864963,0.130871336,1
0.008327389,0.01224616,0.015675085,0.009796928,0.009307082,0.007837543,0.013715699,0.009796928,0.009307082,0.017634471,0.014695392,0.010776621,0.005878157,0.00685785,0.011756314,0.007347696,0.01224616,0.010776621,0.014205546,0.00685785,0.010286775,0.008327389,0.010776621,0.009307082,0.011266467,0.013225853,0.013715699,0.012736007,0.005878157,0.007347696,0.012736007,0.007837543,0.014205546,0.009307082,0.014205546,0.013225853,0.017144624,0.016164931,0.015675085,0.010286775,0.017634471,0.016164931,0.020573549,0.015185239,0.010776621,0.008327389,0.016164931,0.008817235,0.011266467,0.008327389,0.008327389,0.001959386,0.007347696,0.006368003,0.010776621,0.004408618,0.012736007,0.01224616,0.020573549,0.00538831,0.007837543,0.006368003,0.010286775,0.003918771,0.168916739,0.130602899,1
0.00821777,0.010634761,0.015468744,0.009667965,0.008701168,0.00821777,0.013051752,0.009667965,0.009667965,0.018369133,0.014501947,0.011118159,0.006284177,0.007250974,0.011601558,0.007250974,0.012084956,0.010634761,0.014018549,0.007250974,0.010634761,0.008701168,0.011118159,0.009184566,0.010634761,0.013051752,0.013535151,0.013535151,0.005317381,0.007250974,0.013051752,0.007734372,0.013051752,0.009184566,0.014985345,0.013535151,0.017402336,0.015952142,0.015468744,0.010634761,0.017402336,0.01643554,0.020302726,0.014985345,0.011601558,0.00821777,0.015952142,0.009184566,0.010634761,0.009184566,0.008701168,0.001933593,0.007250974,0.006767575,0.011118159,0.003867186,0.013051752,0.011601558,0.020786124,0.005317381,0.007734372,0.006284177,0.010151363,0.003867186,0.169515959,0.130523396,1
0.008307385,0.012705413,0.015637431,0.009773394,0.009284725,0.007818715,0.013682752,0.009773394,0.009773394,0.01759211,0.014660091,0.010750734,0.005864037,0.006352706,0.011728073,0.007818715,0.012216743,0.010750734,0.014660091,0.006841376,0.009773394,0.008796055,0.010262064,0.009284725,0.010750734,0.013194082,0.014171422,0.012705413,0.005864037,0.007330046,0.012216743,0.007818715,0.014171422,0.009284725,0.014171422,0.013194082,0.01759211,0.015637431,0.015637431,0.010262064,0.01759211,0.01661477,0.020524128,0.015148761,0.010750734,0.008307385,0.016126101,0.008796055,0.011728073,0.008307385,0.008307385,0.001954679,0.007818715,0.005864037,0.011239403,0.003909358,0.012705413,0.011728073,0.020524128,0.005375367,0.007818715,0.006841376,0.010262064,0.003909358,0.168864963,0.130871336,1
0.010889915,0.013364895,0.017324864,0.012869899,0.007919938,0.010889915,0.013364895,0.011879907,0.013859891,0.01534488,0.012374903,0.011879907,0.006929946,0.005939953,0.013364895,0.007424942,0.010889915,0.009899922,0.010394919,0.008414934,0.00890993,0.007919938,0.00890993,0.009404926,0.011384911,0.00890993,0.014354887,0.009404926,0.00890993,0.008414934,0.012374903,0.009899922,0.020294841,0.009404926,0.01534488,0.009404926,0.014849884,0.009899922,0.013364895,0.011384911,0.015839876,0.012869899,0.021779829,0.014849884,0.011879907,0.009404926,0.014354887,0.007919938,0.012374903,0.011384911,0.010394919,0.002969977,0.007424942,0.00643495,0.00890993,0.006929946,0.013364895,0.012374903,0.016829868,0.007424942,0.009404926,0.005939953,0.009899922,0.003959969,0.16801411,0.1290914,1
0.010524644,0.012916609,0.017222145,0.012438216,0.008611072,0.010524644,0.013873394,0.011003037,0.012916609,0.015786966,0.012438216,0.011959823,0.006697501,0.006219108,0.012438216,0.006697501,0.010046251,0.010046251,0.010524644,0.008132679,0.008611072,0.007654287,0.009089465,0.009567858,0.011959823,0.010046251,0.01483018,0.008611072,0.008132679,0.007654287,0.013873394,0.010046251,0.020092502,0.009567858,0.01483018,0.008611072,0.013873394,0.010524644,0.014351787,0.012916609,0.014351787,0.013873394,0.021049288,0.016265359,0.012438216,0.008611072,0.015786966,0.008132679,0.012438216,0.01148143,0.010524644,0.002391965,0.007654287,0.006219108,0.008132679,0.006219108,0.013873394,0.011959823,0.017222145,0.008132679,0.009567858,0.005740715,0.009567858,0.00334875,0.169258144,0.129896245,1
0.010248689,0.013509636,0.017702282,0.011646238,0.008851141,0.010248689,0.013043787,0.010714539,0.013509636,0.016304733,0.013043787,0.012112088,0.006056044,0.006056044,0.013043787,0.006987743,0.010248689,0.00978284,0.011646238,0.008851141,0.008385291,0.006987743,0.008851141,0.008851141,0.011646238,0.008851141,0.014441335,0.00978284,0.007919442,0.007919442,0.013043787,0.00931699,0.020031529,0.00931699,0.014907185,0.00931699,0.014441335,0.010248689,0.013975486,0.012577937,0.013975486,0.014441335,0.020497379,0.016304733,0.012112088,0.00978284,0.015838884,0.008851141,0.012577937,0.010248689,0.010248689,0.002329248,0.008851141,0.005590194,0.008851141,0.006056044,0.014441335,0.011646238,0.017236432,0.008385291,0.00978284,0.005590194,0.00978284,0.003726796,0.168631219,0.129799404,1
0.010407926,0.013719538,0.018450414,0.011827188,0.008988663,0.010407926,0.013246451,0.010881013,0.012773363,0.016558064,0.013246451,0.011354101,0.006623225,0.00567705,0.013246451,0.006150138,0.010407926,0.009934838,0.011354101,0.008042488,0.008988663,0.0075694,0.008988663,0.008988663,0.011827188,0.008988663,0.014665713,0.009934838,0.008042488,0.008042488,0.012773363,0.009461751,0.020342764,0.009461751,0.015138801,0.008515576,0.014192626,0.010881013,0.014192626,0.011827188,0.014192626,0.013719538,0.020815851,0.016558064,0.011354101,0.009461751,0.016558064,0.008988663,0.013246451,0.010407926,0.008988663,0.003311613,0.0075694,0.00567705,0.008988663,0.006623225,0.014665713,0.011827188,0.016558064,0.008515576,0.010407926,0.00567705,0.008515576,0.003311613,0.169148152,0.128789955,1
0.010940693,0.013319105,0.017124564,0.013794787,0.008086599,0.009989329,0.013319105,0.011892058,0.013319105,0.014746152,0.012843423,0.011892058,0.006659553,0.005708188,0.013319105,0.008086599,0.010465011,0.009513646,0.010465011,0.008562282,0.008086599,0.007610917,0.008562282,0.008562282,0.011416376,0.009037964,0.014746152,0.009037964,0.008562282,0.008562282,0.01236774,0.009989329,0.021405705,0.009513646,0.015221834,0.008562282,0.01427047,0.009513646,0.013319105,0.011892058,0.015221834,0.013319105,0.020930022,0.015697517,0.011892058,0.009513646,0.015221834,0.008086599,0.012843423,0.010940693,0.009989329,0.002854094,0.008562282,0.005708188,0.009037964,0.007135235,0.014746152,0.011416376,0.016648881,0.008086599,0.009513646,0.006659553,0.009989329,0.004756823,0.167776946,0.129164582,1
0.01053677,0.013889379,0.016763044,0.012452547,0.00814205,0.01053677,0.013410435,0.011973603,0.013410435,0.014847267,0.012452547,0.011494659,0.006705218,0.005747329,0.013410435,0.007663106,0.01053677,0.009578882,0.010057826,0.008620994,0.008620994,0.007663106,0.008620994,0.009099938,0.011015715,0.009099938,0.014847267,0.009099938,0.008620994,0.00814205,0.012931491,0.010057826,0.020115653,0.009578882,0.014847267,0.009099938,0.014368323,0.009578882,0.013410435,0.011973603,0.015326212,0.013410435,0.022031429,0.0162841,0.011973603,0.009099938,0.015326212,0.00814205,0.012452547,0.011015715,0.01053677,0.002873665,0.007663106,0.006226273,0.008620994,0.006705218,0.014368323,0.011973603,0.017720932,0.007663106,0.009578882,0.006226273,0.010057826,0.003831553,0.168203407,0.129664525,1
0.010393937,0.014173551,0.018898067,0.01133884,0.009449034,0.010393937,0.013228647,0.01133884,0.012283744,0.017008261,0.012756195,0.01133884,0.00566942,0.00566942,0.012756195,0.006614324,0.010393937,0.010393937,0.010866389,0.00850413,0.008031679,0.008031679,0.008976582,0.008976582,0.011811292,0.008976582,0.014646002,0.009921485,0.007559227,0.007559227,0.013228647,0.010393937,0.020315422,0.009449034,0.014646002,0.00850413,0.015118454,0.009921485,0.014173551,0.012283744,0.014646002,0.013228647,0.021260326,0.016535809,0.011811292,0.009449034,0.016535809,0.00850413,0.013701099,0.010393937,0.008976582,0.001889807,0.007559227,0.00566942,0.008976582,0.006141872,0.014173551,0.012283744,0.017008261,0.00850413,0.010393937,0.00566942,0.009449034,0.003779613,0.168679681,0.128784663,1
0.010535013,0.012929334,0.017239112,0.01245047,0.008619556,0.010535013,0.013887063,0.011492742,0.012929334,0.015323656,0.01245047,0.011492742,0.006704099,0.006704099,0.01245047,0.006704099,0.010056149,0.010535013,0.010535013,0.008140692,0.008140692,0.007182964,0.008619556,0.009577285,0.011971606,0.00909842,0.014844791,0.009577285,0.007661828,0.008140692,0.013408199,0.010056149,0.020112298,0.010056149,0.014844791,0.008619556,0.013887063,0.010056149,0.014365927,0.011492742,0.014365927,0.013887063,0.021070026,0.016760248,0.011492742,0.00909842,0.016760248,0.008619556,0.01245047,0.011013877,0.009577285,0.002873185,0.008619556,0.005746371,0.008619556,0.006704099,0.014365927,0.011492742,0.017717977,0.008140692,0.010056149,0.005746371,0.009577285,0.00335205,0.168895057,0.129568838,1
0.009365567,0.014048351,0.016389743,0.013111794,0.008897289,0.010770402,0.013111794,0.011706959,0.014516629,0.014516629,0.013111794,0.011706959,0.007024175,0.007024175,0.012175237,0.007024175,0.010302124,0.010302124,0.011238681,0.007960732,0.007960732,0.007024175,0.008429011,0.009365567,0.010770402,0.008897289,0.014516629,0.009365567,0.007492454,0.008897289,0.013580073,0.009833846,0.019667691,0.009833846,0.016389743,0.009365567,0.014048351,0.009365567,0.013111794,0.011706959,0.015453186,0.013580073,0.019667691,0.016389743,0.011706959,0.009365567,0.015921464,0.008429011,0.013580073,0.010302124,0.009365567,0.00280967,0.008897289,0.006087619,0.008897289,0.007024175,0.014516629,0.011238681,0.017794578,0.007960732,0.009833846,0.00561934,0.009833846,0.004214505,0.167715157,0.129867296,1
0.010086222,0.014212404,0.016963192,0.011920081,0.008252364,0.011003151,0.01283701,0.011461616,0.013295475,0.014670869,0.013295475,0.011920081,0.006418505,0.006418505,0.013295475,0.00687697,0.010544687,0.009627757,0.009627757,0.008710828,0.007793899,0.007793899,0.008252364,0.010544687,0.010544687,0.008710828,0.014212404,0.009169293,0.009169293,0.008710828,0.013295475,0.010086222,0.020172444,0.009169293,0.014670869,0.009627757,0.013753939,0.009627757,0.01283701,0.012378545,0.015587798,0.013753939,0.022923232,0.016504727,0.012378545,0.009169293,0.014670869,0.008710828,0.012378545,0.010544687,0.011461616,0.002750788,0.008710828,0.00596004,0.008710828,0.00687697,0.014212404,0.011461616,0.018338586,0.007335434,0.009169293,0.00596004,0.010086222,0.004126182,0.166769294,0.129487482,1
0.010053132,0.011235853,0.015375378,0.011235853,0.00827905,0.00827905,0.010644492,0.010644492,0.012418574,0.016558099,0.016558099,0.00887041,0.005913607,0.007687689,0.012418574,0.004730885,0.00887041,0.007687689,0.013009935,0.004730885,0.007096328,0.007687689,0.011235853,0.012418574,0.009461771,0.00887041,0.01774082,0.010644492,0.011235853,0.00827905,0.014192656,0.007096328,0.018332181,0.009461771,0.016558099,0.011827214,0.013601296,0.015966738,0.015375378,0.011235853,0.020697624,0.018332181,0.028976673,0.015966738,0.00887041,0.007096328,0.015966738,0.010053132,0.011235853,0.009461771,0.009461771,0.002956803,0.005322246,0.006504968,0.009461771,0.006504968,0.013601296,0.012418574,0.020106263,0.006504968,0.007096328,0.004730885,0.010053132,0.004139525,0.162304633,0.128653908,1
0.008838293,0.010605952,0.015908927,0.010016732,0.007659854,0.008249073,0.010605952,0.010016732,0.01237361,0.018855025,0.015908927,0.009427512,0.007070634,0.005302976,0.010016732,0.006481415,0.010016732,0.007070634,0.01237361,0.005302976,0.008249073,0.007070634,0.010605952,0.014141269,0.008838293,0.010016732,0.019444244,0.010605952,0.008838293,0.009427512,0.013552049,0.005892195,0.017676586,0.010016732,0.016498147,0.010605952,0.01296283,0.018265805,0.018265805,0.009427512,0.020033464,0.017676586,0.031817855,0.016498147,0.010016732,0.006481415,0.017087366,0.010016732,0.009427512,0.008838293,0.011784391,0.002946098,0.005892195,0.006481415,0.009427512,0.004124537,0.013552049,0.01237361,0.018265805,0.007070634,0.007070634,0.004713756,0.010605952,0.004713756,0.163391422,0.127188264,1
0.006862997,0.011438328,0.015556126,0.010065728,0.009150662,0.009608195,0.010980795,0.008693129,0.010980795,0.016928725,0.014641059,0.011438328,0.00594793,0.006862997,0.010523261,0.005032864,0.010065728,0.009150662,0.011895861,0.00594793,0.00732053,0.006405464,0.010523261,0.01326846,0.00732053,0.011438328,0.021046523,0.010523261,0.00732053,0.008235596,0.014641059,0.008693129,0.016928725,0.009608195,0.014641059,0.010065728,0.012810927,0.015556126,0.018758857,0.012810927,0.019216391,0.019216391,0.030197185,0.016013659,0.011438328,0.007778063,0.016471192,0.008693129,0.010065728,0.008235596,0.011895861,0.002287666,0.00732053,0.00594793,0.010065728,0.004117798,0.013725993,0.012353394,0.018758857,0.006405464,0.007778063,0.004575331,0.009608195,0.004117798,0.165568662,0.128457752,1
0.008240399,0.011902798,0.016022998,0.010529399,0.009155999,0.008698199,0.010987199,0.010071599,0.011902798,0.016022998,0.015107398,0.011444998,0.005035799,0.007782599,0.011902798,0.004120199,0.009613799,0.009155999,0.011902798,0.005493599,0.006409199,0.007324799,0.011444998,0.012360598,0.007782599,0.010071599,0.019227597,0.010987199,0.010071599,0.008240399,0.013276198,0.007782599,0.017854198,0.009155999,0.016022998,0.010529399,0.013276198,0.015565198,0.015565198,0.011902798,0.020143197,0.018311998,0.025636797,0.016938598,0.010071599,0.007782599,0.016938598,0.010529399,0.010987199,0.008698199,0.010529399,0.002289,0.007324799,0.005951399,0.010071599,0.005035799,0.013733998,0.011902798,0.021058797,0.005951399,0.007324799,0.004577999,0.010529399,0.004120199,0.163882723,0.129731971,1
0.007926266,0.010898616,0.014366357,0.010403224,0.009907832,0.008917049,0.011394007,0.008917049,0.011889399,0.016347923,0.014861748,0.011394007,0.005944699,0.007430874,0.01238479,0.005449308,0.009412441,0.009907832,0.012880182,0.005944699,0.007430874,0.007430874,0.011394007,0.01238479,0.008421657,0.010898616,0.020806448,0.010403224,0.007926266,0.008421657,0.013375574,0.007430874,0.017338707,0.009412441,0.015852532,0.011394007,0.014366357,0.015852532,0.017834098,0.010898616,0.019815665,0.019320273,0.025760364,0.014861748,0.010403224,0.007430874,0.014366357,0.009907832,0.008917049,0.008917049,0.011394007,0.003467741,0.006440091,0.006440091,0.009907832,0.004953916,0.013870965,0.01238479,0.01832949,0.005944699,0.008421657,0.004458525,0.010403224,0.00297235,0.166463665,0.128594066,1
0.009134238,0.010656611,0.015223729,0.011671526,0.009134238,0.009641695,0.011164068,0.010149153,0.011164068,0.014716272,0.014716272,0.011671526,0.005582034,0.008119322,0.011164068,0.004059661,0.009134238,0.009641695,0.011164068,0.004567119,0.007104407,0.008119322,0.012178983,0.012178983,0.008119322,0.010656611,0.020298306,0.011164068,0.010149153,0.008119322,0.012686441,0.006596949,0.017761018,0.010149153,0.016238645,0.010149153,0.012178983,0.015223729,0.016238645,0.009641695,0.021313221,0.01725356,0.029940001,0.01725356,0.010149153,0.007104407,0.017761018,0.011164068,0.010656611,0.009641695,0.009641695,0.002537288,0.006089492,0.006596949,0.010149153,0.005582034,0.013701356,0.010656611,0.020805763,0.006596949,0.006596949,0.005074576,0.010149153,0.004059661,0.163379811,0.128716773,1
0.009619256,0.010631809,0.015188298,0.011644362,0.008606702,0.009112979,0.011138085,0.010125532,0.011138085,0.015188298,0.014682022,0.011644362,0.006075319,0.007594149,0.011138085,0.004556489,0.009112979,0.009112979,0.011644362,0.004556489,0.006581596,0.007594149,0.012150639,0.011644362,0.008100426,0.010631809,0.020251064,0.011138085,0.010125532,0.008100426,0.012656915,0.006581596,0.017213405,0.009619256,0.016200851,0.010631809,0.012656915,0.015188298,0.016200851,0.009619256,0.021263618,0.016707128,0.028857767,0.017719681,0.010125532,0.008100426,0.016707128,0.011644362,0.011138085,0.009619256,0.009619256,0.002531383,0.006581596,0.006075319,0.010125532,0.006075319,0.013163192,0.011138085,0.020757341,0.006581596,0.006581596,0.005062766,0.011138085,0.004050213,0.16361471,0.129623144,1
0.008638161,0.010670669,0.014735686,0.012195051,0.008638161,0.009146288,0.011686924,0.010162542,0.011178796,0.014735686,0.014735686,0.011686924,0.005589398,0.008130034,0.012195051,0.004065017,0.008638161,0.009146288,0.012195051,0.004573144,0.00711378,0.007621907,0.011686924,0.011686924,0.008638161,0.010670669,0.01930883,0.010670669,0.010670669,0.00711378,0.012703178,0.007621907,0.017784449,0.009654415,0.016260067,0.010670669,0.012703178,0.015243813,0.015243813,0.010670669,0.020833211,0.016768195,0.028963245,0.017276322,0.009654415,0.007621907,0.017784449,0.010670669,0.011178796,0.010162542,0.009146288,0.002540636,0.006097525,0.006097525,0.010162542,0.005589398,0.013719432,0.011686924,0.020833211,0.006605652,0.00711378,0.005081271,0.010162542,0.004065017,0.164258183,0.129445136,1
0.008701789,0.011118952,0.014986414,0.011118952,0.009668654,0.008701789,0.011602385,0.009668654,0.010635519,0.015953279,0.014502981,0.011118952,0.00531776,0.007251491,0.012085818,0.004350894,0.009668654,0.009668654,0.012085818,0.00531776,0.006284625,0.007734923,0.011602385,0.011602385,0.008218356,0.010635519,0.020304173,0.010635519,0.009668654,0.007734923,0.013052683,0.007734923,0.017403577,0.009668654,0.015469846,0.009668654,0.014502981,0.014986414,0.016436712,0.011602385,0.020304173,0.018853875,0.028522529,0.016920145,0.009185221,0.007734923,0.017403577,0.010635519,0.010152087,0.009185221,0.009668654,0.002417164,0.006284625,0.005801192,0.010152087,0.00531776,0.013052683,0.012085818,0.021271039,0.006284625,0.007251491,0.004834327,0.010635519,0.003867462,0.164760955,0.128943869,1
0.00689283,0.01148805,0.014704704,0.010109484,0.00919044,0.009649962,0.011028528,0.008730918,0.011028528,0.016542792,0.014704704,0.01148805,0.005973786,0.00689283,0.010569006,0.005054742,0.009649962,0.00919044,0.011947572,0.005973786,0.007352352,0.005973786,0.010109484,0.013326138,0.007352352,0.01148805,0.021138012,0.010569006,0.007352352,0.008730918,0.014245182,0.008730918,0.016542792,0.009649962,0.014704704,0.010109484,0.012866616,0.015164226,0.018840402,0.012866616,0.019299924,0.019299924,0.030328452,0.01608327,0.01148805,0.007811874,0.016542792,0.008730918,0.010109484,0.008271396,0.011947572,0.00229761,0.007352352,0.005973786,0.010569006,0.004135698,0.013326138,0.012407094,0.018840402,0.006433308,0.007811874,0.005054742,0.009649962,0.004135698,0.165787349,0.128386849,1
0.009371113,0.0119742,0.01405667,0.011453583,0.011453583,0.008850496,0.012494818,0.008850496,0.009891731,0.012494818,0.01613914,0.0119742,0.004164939,0.006247409,0.0119742,0.010932966,0.008850496,0.009891731,0.011453583,0.009371113,0.006247409,0.008329879,0.011453583,0.010412348,0.010412348,0.01405667,0.01613914,0.009891731,0.008329879,0.009371113,0.010932966,0.009371113,0.017180375,0.010932966,0.015097905,0.010932966,0.013536053,0.01405667,0.013536053,0.012494818,0.019783462,0.015618522,0.022907166,0.013015435,0.008329879,0.009891731,0.015618522,0.008329879,0.011453583,0.008850496,0.009371113,0.001561852,0.008329879,0.005726792,0.013015435,0.006247409,0.01405667,0.011453583,0.01613914,0.007288644,0.010412348,0.007809261,0.010412348,0.006247409,0.165232224,0.128289949,1
0.010334173,0.010850882,0.013951133,0.01136759,0.010334173,0.009300756,0.012401007,0.008784047,0.009300756,0.012401007,0.015501259,0.011884299,0.004133669,0.006717212,0.012401007,0.010850882,0.008784047,0.009300756,0.01136759,0.010334173,0.00775063,0.008267338,0.011884299,0.009817464,0.009817464,0.013434425,0.015501259,0.010850882,0.008267338,0.009300756,0.010334173,0.009817464,0.016534677,0.010850882,0.014467842,0.010850882,0.013434425,0.013951133,0.012401007,0.012401007,0.019634928,0.014984551,0.024285306,0.012917716,0.008267338,0.010334173,0.015501259,0.009300756,0.010850882,0.009817464,0.009300756,0.001550126,0.008267338,0.006200504,0.012917716,0.006717212,0.013951133,0.01136759,0.016017968,0.00775063,0.010850882,0.00775063,0.010850882,0.006717212,0.165066583,0.128592701,1
0.009583287,0.012609588,0.014627123,0.009078904,0.010592054,0.009078904,0.013113972,0.011096438,0.009583287,0.014122739,0.01563589,0.012105205,0.004035068,0.005548219,0.010087671,0.008070137,0.009583287,0.011600821,0.011600821,0.00706137,0.007565753,0.00857452,0.011096438,0.010592054,0.010087671,0.014627123,0.016644657,0.010087671,0.009078904,0.009078904,0.011600821,0.010592054,0.01563589,0.010592054,0.015131506,0.010592054,0.013113972,0.014627123,0.015131506,0.013113972,0.018662191,0.016644657,0.022697259,0.013618355,0.008070137,0.009583287,0.018157807,0.008070137,0.011096438,0.009078904,0.009583287,0.001008767,0.00857452,0.005548219,0.012105205,0.005548219,0.013618355,0.010592054,0.016644657,0.008070137,0.009583287,0.007565753,0.009583287,0.006556986,0.165103204,0.128255462,1
0.009299303,0.010940356,0.014222463,0.011487374,0.010393338,0.007658249,0.010940356,0.010940356,0.011487374,0.014222463,0.013675445,0.011487374,0.005470178,0.006017196,0.012034392,0.010393338,0.007658249,0.008752285,0.010940356,0.009299303,0.007658249,0.008205267,0.011487374,0.009299303,0.008205267,0.013128427,0.015863516,0.010393338,0.008752285,0.008205267,0.010940356,0.011487374,0.016957552,0.009846321,0.016410534,0.010940356,0.010940356,0.014769481,0.012034392,0.013675445,0.020239659,0.013128427,0.020786677,0.013675445,0.009299303,0.009846321,0.016957552,0.008752285,0.012034392,0.010393338,0.009299303,0.002188071,0.007658249,0.006017196,0.01258141,0.005470178,0.014222463,0.010940356,0.01750457,0.009299303,0.010940356,0.007658249,0.012034392,0.007111232,0.166510907,0.128930154,1
0.008931567,0.011033113,0.01418543,0.011033113,0.011033113,0.009456954,0.012083885,0.008931567,0.011033113,0.01418543,0.012609272,0.012083885,0.004728477,0.005779249,0.012609272,0.00998234,0.008406181,0.00998234,0.011558499,0.009456954,0.009456954,0.009456954,0.011558499,0.009456954,0.008931567,0.012609272,0.016286976,0.010507726,0.008406181,0.008931567,0.011033113,0.009456954,0.016812362,0.010507726,0.014710817,0.010507726,0.012083885,0.014710817,0.011558499,0.013134658,0.019439294,0.013134658,0.023642384,0.014710817,0.00998234,0.010507726,0.016286976,0.008406181,0.011033113,0.00998234,0.00998234,0.002101545,0.006830022,0.006304636,0.013134658,0.006304636,0.013134658,0.011033113,0.018388521,0.007880795,0.00998234,0.007355408,0.010507726,0.005779249,0.166418414,0.128513152,1
0.009780187,0.011324427,0.014927654,0.011324427,0.011839174,0.008235947,0.012353921,0.008750694,0.010294934,0.012353921,0.015957147,0.011839174,0.005147467,0.005662214,0.013383414,0.010809681,0.008750694,0.008750694,0.011839174,0.010809681,0.006691707,0.009780187,0.011839174,0.008750694,0.009780187,0.013383414,0.016471894,0.00926544,0.007206454,0.00926544,0.010294934,0.010294934,0.016471894,0.011839174,0.014927654,0.011324427,0.013383414,0.013383414,0.011839174,0.012868667,0.020075121,0.013898161,0.022134108,0.013898161,0.008750694,0.010809681,0.015442401,0.008235947,0.011839174,0.00926544,0.008750694,0.00154424,0.008235947,0.005662214,0.012868667,0.006691707,0.014412907,0.011839174,0.015442401,0.008235947,0.010294934,0.008235947,0.010809681,0.00617696,0.165478629,0.127774161,1
0.009999669,0.010525967,0.015262652,0.011052265,0.009999669,0.007368177,0.011578564,0.010525967,0.012104862,0.014736354,0.013683757,0.011578564,0.004736685,0.005789282,0.012104862,0.009999669,0.007894475,0.008947072,0.011052265,0.008947072,0.007894475,0.007894475,0.011052265,0.00947337,0.008947072,0.013157459,0.01578895,0.010525967,0.007894475,0.008947072,0.011578564,0.010525967,0.016841547,0.010525967,0.016315249,0.010525967,0.011578564,0.014736354,0.012104862,0.013157459,0.01894674,0.013157459,0.021578232,0.01578895,0.010525967,0.011052265,0.016841547,0.007894475,0.012104862,0.00947337,0.00947337,0.002105193,0.007368177,0.00631558,0.013683757,0.005789282,0.014210055,0.010525967,0.018420442,0.008420774,0.009999669,0.007368177,0.011052265,0.005789282,0.165719082,0.129041136,1
0.008141659,0.011194781,0.013230196,0.011194781,0.010177074,0.009159367,0.014756757,0.008650513,0.00966822,0.013230196,0.014756757,0.012721342,0.00407083,0.006106244,0.012721342,0.008650513,0.008141659,0.010177074,0.012721342,0.008141659,0.008141659,0.00966822,0.010685928,0.011194781,0.010177074,0.01373905,0.016792172,0.010685928,0.008650513,0.007632805,0.012212489,0.008650513,0.016283318,0.011703635,0.01373905,0.010177074,0.013230196,0.014756757,0.014247904,0.012212489,0.018827587,0.015774465,0.02340727,0.014756757,0.010177074,0.00966822,0.014756757,0.009159367,0.011194781,0.009159367,0.010685928,0.002035415,0.007632805,0.006106244,0.012212489,0.005088537,0.013230196,0.011703635,0.017809879,0.005597391,0.010177074,0.007632805,0.008650513,0.005088537,0.166863537,0.130409508,1
0.00951192,0.01109724,0.01373944,0.01162568,0.0105688,0.00898348,0.01268256,0.00898348,0.01004036,0.01215412,0.0158532,0.01268256,0.00422752,0.00634128,0.01215412,0.01109724,0.00845504,0.01004036,0.01162568,0.00951192,0.00686972,0.00845504,0.01162568,0.01004036,0.01004036,0.01373944,0.0158532,0.0105688,0.0079266,0.00951192,0.0105688,0.00951192,0.01691008,0.01109724,0.01532476,0.01109724,0.013211,0.01373944,0.01268256,0.01215412,0.02008072,0.01426788,0.023251359,0.013211,0.00898348,0.01004036,0.0158532,0.00845504,0.01109724,0.00898348,0.01004036,0.00158532,0.00845504,0.00581284,0.013211,0.00634128,0.01426788,0.01162568,0.0158532,0.00739816,0.0105688,0.0079266,0.0105688,0.00634128,0.165336128,0.128139608,1
0.009282342,0.009862488,0.013343367,0.01276322,0.009862488,0.008122049,0.01276322,0.009282342,0.011602928,0.013343367,0.014503659,0.011022781,0.004641171,0.006961757,0.013343367,0.009862488,0.008702196,0.009862488,0.012183074,0.008122049,0.007541903,0.008702196,0.011022781,0.011022781,0.008702196,0.014503659,0.015663952,0.010442635,0.007541903,0.009282342,0.01276322,0.009282342,0.016244099,0.011022781,0.014503659,0.011602928,0.013343367,0.015663952,0.013343367,0.012183074,0.018564684,0.015083806,0.020305123,0.013923513,0.009282342,0.009282342,0.013923513,0.009282342,0.011022781,0.009282342,0.010442635,0.002320586,0.008122049,0.00638161,0.012183074,0.00638161,0.014503659,0.011022781,0.017404391,0.00638161,0.011602928,0.007541903,0.009282342,0.00638161,0.166328067,0.12995438,1
0.008997808,0.011997077,0.012996833,0.009997564,0.009497686,0.010497442,0.012996833,0.008497929,0.009997564,0.015496224,0.012996833,0.014496468,0.00549866,0.006498417,0.008997808,0.00549866,0.008497929,0.009497686,0.01399659,0.00549866,0.006998295,0.009997564,0.014496468,0.011497199,0.009497686,0.01399659,0.021994641,0.01099732,0.008997808,0.006498417,0.011997077,0.007498173,0.015996102,0.010497442,0.014996346,0.008997808,0.015996102,0.014496468,0.016995859,0.01099732,0.017995615,0.018495493,0.025993667,0.014496468,0.009997564,0.010497442,0.016495981,0.009497686,0.010497442,0.009997564,0.01099732,0.001999513,0.004998782,0.007998051,0.011997077,0.003499147,0.012996833,0.010497442,0.015996102,0.006498417,0.008997808,0.004998782,0.008497929,0.001999513,0.167259232,0.130911771,1
0.008086279,0.013318578,0.012842914,0.00951327,0.00951327,0.008561943,0.013318578,0.009037606,0.009988933,0.016648222,0.013794241,0.013318578,0.004756635,0.006183625,0.009037606,0.006183625,0.009037606,0.00951327,0.015221232,0.005232298,0.006659289,0.00951327,0.013794241,0.01094026,0.009037606,0.013794241,0.02188052,0.01094026,0.007134952,0.005707962,0.013794241,0.007134952,0.016172559,0.010464597,0.014269905,0.009037606,0.017599549,0.015221232,0.017123886,0.010464597,0.018550876,0.018550876,0.027588482,0.015696895,0.010464597,0.009988933,0.017599549,0.009037606,0.010464597,0.007610616,0.011415924,0.001902654,0.005232298,0.007610616,0.011415924,0.003329644,0.012367251,0.011415924,0.017123886,0.007134952,0.009037606,0.005707962,0.007610616,0.001902654,0.166870684,0.130574345,1
0.0082946,0.012685859,0.012197941,0.010734188,0.009270435,0.010246271,0.013661694,0.007806682,0.010246271,0.017077118,0.012685859,0.012685859,0.005367094,0.006830847,0.009758353,0.005855012,0.008782518,0.009270435,0.015125447,0.005855012,0.007806682,0.0082946,0.013173777,0.012197941,0.009270435,0.014149612,0.020492541,0.010734188,0.007318765,0.006342929,0.013661694,0.007806682,0.016101283,0.009758353,0.01463753,0.009270435,0.0165892,0.01463753,0.017077118,0.012197941,0.018540871,0.018540871,0.025371718,0.01463753,0.009758353,0.008782518,0.0165892,0.009758353,0.010734188,0.008782518,0.010734188,0.001951671,0.005367094,0.0082946,0.010734188,0.002927506,0.012197941,0.010734188,0.018540871,0.006830847,0.009758353,0.005367094,0.0082946,0.001951671,0.167808089,0.131054243,1
0.008080868,0.013309665,0.012834319,0.009982248,0.009506903,0.009031558,0.013309665,0.008556213,0.009982248,0.017112426,0.014260355,0.012834319,0.005228797,0.006179487,0.009031558,0.006654832,0.009031558,0.009031558,0.01568639,0.005228797,0.007130177,0.007605523,0.013309665,0.011408284,0.009031558,0.01378501,0.020915187,0.010932939,0.007605523,0.006179487,0.01378501,0.007130177,0.016637081,0.010457594,0.014260355,0.009031558,0.017112426,0.0147357,0.017112426,0.010932939,0.019013806,0.018538461,0.026619329,0.015211045,0.010457594,0.009982248,0.016637081,0.009031558,0.010457594,0.008080868,0.011408284,0.002376726,0.005228797,0.008080868,0.010932939,0.003802761,0.012358974,0.010457594,0.017587771,0.007130177,0.009031558,0.005704142,0.008080868,0.001901381,0.167037589,0.130877608,1
0.008993605,0.011991473,0.013490407,0.010492539,0.009493249,0.009992894,0.011991473,0.00849396,0.009493249,0.018486854,0.012990762,0.013490407,0.005496092,0.006495381,0.009493249,0.005496092,0.009992894,0.008993605,0.014989341,0.005496092,0.007994315,0.009992894,0.013990052,0.011491828,0.008993605,0.013990052,0.020985078,0.010492539,0.007494671,0.006495381,0.013490407,0.007494671,0.015988631,0.010492539,0.014989341,0.008993605,0.01698792,0.014989341,0.017487565,0.011991473,0.019486144,0.01698792,0.02648117,0.013990052,0.009493249,0.009992894,0.016488275,0.008993605,0.009992894,0.00849396,0.010992184,0.001998579,0.004996447,0.00849396,0.010992184,0.002997868,0.012491118,0.011991473,0.016488275,0.006995026,0.008993605,0.004496802,0.00849396,0.001498934,0.166529473,0.13047042,1
0.008965457,0.011953943,0.012950105,0.009961619,0.008467376,0.0104597,0.013448186,0.008965457,0.009961619,0.01544051,0.012950105,0.014444348,0.00547889,0.006475052,0.008965457,0.00547889,0.008467376,0.008467376,0.013946267,0.00547889,0.007471214,0.009961619,0.014444348,0.011455862,0.009463538,0.014942429,0.021915562,0.011455862,0.008965457,0.007471214,0.011953943,0.006973133,0.015938591,0.010957781,0.014942429,0.008965457,0.01544051,0.014444348,0.017432833,0.011455862,0.018428995,0.017930914,0.026398291,0.014444348,0.009961619,0.0104597,0.016436671,0.009463538,0.0104597,0.009961619,0.010957781,0.001992324,0.00498081,0.008467376,0.011953943,0.003486567,0.012950105,0.0104597,0.015938591,0.006475052,0.008965457,0.004482729,0.008467376,0.001494243,0.167019848,0.131184088,1
0.00900715,0.012009534,0.013010328,0.010007945,0.010007945,0.010508342,0.013010328,0.008006356,0.010007945,0.015512314,0.013010328,0.01451152,0.00550437,0.007005561,0.00900715,0.00550437,0.008506753,0.009507547,0.014011123,0.00550437,0.007005561,0.010007945,0.01451152,0.011509136,0.009507547,0.014011123,0.022017478,0.011008739,0.00900715,0.006505164,0.012009534,0.007005561,0.016012712,0.010508342,0.015011917,0.009507547,0.015512314,0.01451152,0.017013506,0.011008739,0.018514698,0.018014301,0.026020656,0.01451152,0.010007945,0.010508342,0.016513109,0.009507547,0.010508342,0.010007945,0.011008739,0.002001589,0.005003972,0.008006356,0.012009534,0.003502781,0.013010328,0.010508342,0.016012712,0.006505164,0.00900715,0.004503575,0.008506753,0.001501192,0.167442058,0.131001017,1
0.009023523,0.012031364,0.013033978,0.010026137,0.00952483,0.010527443,0.013535284,0.008522216,0.010026137,0.015540512,0.013033978,0.014537898,0.005514375,0.006516989,0.009023523,0.005514375,0.008522216,0.009023523,0.014036591,0.005514375,0.007018296,0.010026137,0.014537898,0.011530057,0.00952483,0.014036591,0.021556194,0.011530057,0.008020909,0.006516989,0.012031364,0.007519602,0.016041818,0.01102875,0.015039205,0.009023523,0.015540512,0.014537898,0.017044432,0.010527443,0.018548353,0.017545739,0.026067955,0.015039205,0.010527443,0.010527443,0.016543125,0.00952483,0.010527443,0.00952483,0.01102875,0.002005227,0.005013068,0.008020909,0.011530057,0.003509148,0.013033978,0.010527443,0.016543125,0.006516989,0.009023523,0.004511761,0.009023523,0.00150392,0.167198055,0.130972387,1
0.008964467,0.011952623,0.013446701,0.009960519,0.009960519,0.010458545,0.013446701,0.008466441,0.009462493,0.015936831,0.012450649,0.014442753,0.005478286,0.006474337,0.008964467,0.005478286,0.008964467,0.009462493,0.013446701,0.005478286,0.006972363,0.010458545,0.014442753,0.011952623,0.009462493,0.014442753,0.021913142,0.010956571,0.008964467,0.006474337,0.011952623,0.007470389,0.015936831,0.010956571,0.014442753,0.008964467,0.015438805,0.014940779,0.017430909,0.010956571,0.018426961,0.017430909,0.026395376,0.014442753,0.009960519,0.010458545,0.016434857,0.009462493,0.010458545,0.009960519,0.010956571,0.001992104,0.00498026,0.007968415,0.011454597,0.003486182,0.012948675,0.010458545,0.016434857,0.006474337,0.008964467,0.004482234,0.008964467,0.001494078,0.16752713,0.130754291,1
0.010849731,0.011366385,0.012916347,0.010333077,0.009816424,0.009816424,0.013949654,0.008266462,0.010333077,0.013949654,0.010849731,0.014466308,0.007233154,0.007749808,0.012399693,0.0067165,0.009816424,0.011883039,0.013433001,0.005166539,0.011883039,0.012916347,0.010333077,0.008783116,0.008266462,0.009816424,0.019632847,0.011366385,0.008783116,0.007233154,0.011366385,0.005683193,0.015499616,0.008266462,0.013433001,0.014466308,0.010849731,0.013433001,0.010849731,0.010849731,0.021182809,0.014466308,0.02531604,0.016532924,0.010333077,0.011366385,0.016532924,0.010849731,0.00929977,0.010333077,0.009816424,0.004133231,0.007233154,0.007749808,0.014466308,0.005166539,0.011883039,0.007749808,0.021699462,0.0067165,0.007233154,0.008266462,0.007749808,0.003616577,0.165105584,0.130178539,1
0.010235298,0.014621854,0.014621854,0.009747903,0.010722693,0.010722693,0.012184878,0.007798322,0.009260508,0.013159669,0.012672274,0.015109249,0.005848742,0.007798322,0.011210088,0.008285717,0.011210088,0.010722693,0.013159669,0.006336137,0.011210088,0.011210088,0.010235298,0.008773112,0.008285717,0.011697483,0.01803362,0.011210088,0.006823532,0.007798322,0.012184878,0.006823532,0.01705883,0.007798322,0.012184878,0.014134459,0.011697483,0.012184878,0.013647064,0.011697483,0.021932781,0.015109249,0.022420176,0.015109249,0.011210088,0.010722693,0.015596644,0.010235298,0.010722693,0.008285717,0.009747903,0.002924371,0.007798322,0.007310927,0.013159669,0.005848742,0.011697483,0.009260508,0.021445386,0.006336137,0.007798322,0.007798322,0.009747903,0.003411766,0.164838992,0.129412849,1
0.01231907,0.011145825,0.013492315,0.010559203,0.011732448,0.009385958,0.011732448,0.008799336,0.010559203,0.013492315,0.011732448,0.013492315,0.008212713,0.008212713,0.01231907,0.008212713,0.009385958,0.01231907,0.012905692,0.006452846,0.010559203,0.011732448,0.011145825,0.008212713,0.008212713,0.00997258,0.018771916,0.011145825,0.007626091,0.008799336,0.012905692,0.005279601,0.015838804,0.008212713,0.014078937,0.01466556,0.010559203,0.01231907,0.010559203,0.01231907,0.021705028,0.01466556,0.022878273,0.01466556,0.010559203,0.00997258,0.015252182,0.010559203,0.00997258,0.00997258,0.008799336,0.005279601,0.008212713,0.007626091,0.01466556,0.005279601,0.01231907,0.007626091,0.021118406,0.007039469,0.007626091,0.008799336,0.007626091,0.003519734,0.166029005,0.128850893,1
0.011060693,0.013574486,0.013071728,0.010557934,0.011563451,0.009049658,0.012568969,0.008546899,0.009049658,0.014077245,0.013071728,0.012568969,0.005530346,0.007038623,0.01206621,0.007038623,0.011060693,0.011060693,0.013071728,0.007038623,0.010557934,0.011563451,0.01206621,0.009049658,0.009552416,0.010557934,0.021115868,0.010557934,0.007038623,0.00804414,0.011563451,0.006033105,0.01608828,0.008546899,0.013574486,0.011563451,0.012568969,0.014077245,0.014077245,0.011060693,0.019607591,0.017596556,0.027148973,0.01608828,0.009552416,0.010055175,0.015585521,0.011060693,0.010055175,0.008546899,0.009049658,0.002513794,0.007541381,0.008546899,0.013071728,0.00402207,0.011563451,0.009552416,0.019104833,0.007038623,0.00804414,0.00804414,0.00804414,0.003519311,0.164336772,0.128784425,1
0.012002327,0.011430787,0.016003102,0.010859248,0.011430787,0.010287708,0.011430787,0.00857309,0.010859248,0.014288484,0.011430787,0.012002327,0.005715394,0.007430012,0.012002327,0.00857309,0.013716945,0.012002327,0.012002327,0.006858472,0.011430787,0.013145405,0.011430787,0.009716169,0.007430012,0.011430787,0.020003878,0.010287708,0.006858472,0.006858472,0.011430787,0.006286933,0.014860023,0.00857309,0.012573866,0.013716945,0.013716945,0.015431563,0.012573866,0.00914463,0.020003878,0.016003102,0.024576192,0.015431563,0.00857309,0.010287708,0.014860023,0.011430787,0.009716169,0.009716169,0.008001551,0.002286157,0.008001551,0.006858472,0.013716945,0.004000776,0.012002327,0.00914463,0.019432338,0.007430012,0.00857309,0.008001551,0.009716169,0.003429236,0.164320993,0.12868482,1
0.010572192,0.013592818,0.015103131,0.009565317,0.012082505,0.009061879,0.012082505,0.007551566,0.009565317,0.012585943,0.014599694,0.014096256,0.006041253,0.008055003,0.011579067,0.007048128,0.010572192,0.01107563,0.014096256,0.007551566,0.010068754,0.011579067,0.010572192,0.009061879,0.008055003,0.010572192,0.018627195,0.01107563,0.007048128,0.007048128,0.011579067,0.007048128,0.016613445,0.007551566,0.012585943,0.013089381,0.013089381,0.015103131,0.012082505,0.01107563,0.019634071,0.018123758,0.024668448,0.015606569,0.010572192,0.010068754,0.016613445,0.010068754,0.01107563,0.008558441,0.009061879,0.002517189,0.008055003,0.006041253,0.013592818,0.005034377,0.012585943,0.009565317,0.020137509,0.00654469,0.007551566,0.007551566,0.009061879,0.003524064,0.165099571,0.129080754,1
0.010850067,0.012400076,0.014983425,0.009816727,0.010850067,0.009816727,0.011883406,0.007233378,0.010333397,0.013433416,0.012400076,0.014466756,0.007233378,0.007233378,0.011883406,0.008266718,0.010333397,0.011366737,0.012916746,0.006716708,0.010850067,0.011883406,0.010850067,0.008783387,0.007750048,0.012400076,0.019116784,0.010333397,0.007233378,0.008783387,0.009816727,0.007233378,0.016016765,0.007233378,0.013433416,0.013950086,0.012400076,0.013433416,0.012916746,0.011366737,0.021183464,0.015500095,0.022733473,0.015500095,0.010333397,0.010333397,0.015500095,0.010333397,0.010850067,0.008783387,0.009300057,0.004133359,0.007750048,0.007233378,0.013950086,0.005683368,0.011366737,0.008783387,0.020150124,0.006200038,0.008266718,0.008266718,0.009300057,0.003616689,0.165783223,0.12896244,1
0.010631227,0.014497128,0.014497128,0.010147989,0.010631227,0.010631227,0.01208094,0.007731801,0.009664752,0.013047415,0.01208094,0.015463603,0.005798851,0.007731801,0.011114464,0.008215039,0.011114464,0.010631227,0.013047415,0.006282089,0.011114464,0.011597702,0.010147989,0.009181514,0.008215039,0.011597702,0.018363028,0.010631227,0.006765326,0.008215039,0.01208094,0.007248564,0.016913315,0.007731801,0.012564177,0.013530652,0.011597702,0.01208094,0.013530652,0.011597702,0.021262454,0.014980365,0.022712166,0.015463603,0.011114464,0.010631227,0.01594684,0.010147989,0.011114464,0.008215039,0.010147989,0.002899426,0.007731801,0.007731801,0.013047415,0.005798851,0.011597702,0.009181514,0.021262454,0.006282089,0.008698277,0.007731801,0.009181514,0.003382663,0.164614006,0.129375883,1
0.010195331,0.014079267,0.014564759,0.009709839,0.010680823,0.010195331,0.012137299,0.007767872,0.010195331,0.013593775,0.012137299,0.015050251,0.005825904,0.007767872,0.011651807,0.007767872,0.010680823,0.010680823,0.013593775,0.006311396,0.011166315,0.011651807,0.010195331,0.009224347,0.008253363,0.011651807,0.018448695,0.010680823,0.006796888,0.008253363,0.012137299,0.00728238,0.016992219,0.007767872,0.012622791,0.014079267,0.011651807,0.012622791,0.013593775,0.011651807,0.021361647,0.015050251,0.022818123,0.015535743,0.011166315,0.010680823,0.015535743,0.010195331,0.010680823,0.008253363,0.009709839,0.002912952,0.007767872,0.007767872,0.013108283,0.005825904,0.011651807,0.009224347,0.021361647,0.006311396,0.007767872,0.007767872,0.009224347,0.003398444,0.164286033,0.129323152,1
0.010224291,0.014119259,0.015579872,0.00973742,0.010711162,0.010224291,0.012171775,0.007303065,0.00973742,0.013145517,0.012658646,0.014119259,0.006816194,0.007303065,0.010711162,0.008763678,0.010711162,0.010711162,0.012658646,0.006329323,0.010224291,0.011684904,0.010711162,0.008763678,0.008763678,0.012171775,0.018014227,0.010711162,0.006816194,0.008763678,0.011684904,0.007303065,0.017040485,0.007303065,0.012658646,0.013145517,0.012171775,0.012658646,0.012658646,0.012171775,0.019961711,0.015579872,0.022396066,0.016066743,0.011198033,0.010224291,0.015579872,0.010224291,0.011684904,0.008276807,0.008763678,0.003894968,0.007789936,0.006816194,0.014119259,0.006329323,0.011684904,0.008763678,0.020935453,0.006329323,0.007789936,0.008763678,0.00973742,0.003408097,0.165286425,0.129237497,1
0.013283468,0.013283468,0.01623535,0.013283468,0.009839606,0.008855645,0.012299507,0.008855645,0.013283468,0.01574337,0.011807527,0.014267429,0.008363665,0.007379704,0.012791488,0.008363665,0.011807527,0.008363665,0.011807527,0.007379704,0.008855645,0.007871685,0.008855645,0.010331586,0.010331586,0.011315547,0.012299507,0.009839606,0.009839606,0.006887724,0.011315547,0.007379704,0.01623535,0.008363665,0.01623535,0.012791488,0.012299507,0.013775448,0.012299507,0.011315547,0.01721931,0.012299507,0.024107035,0.012299507,0.012299507,0.009839606,0.013775448,0.007871685,0.014759409,0.010331586,0.010823567,0.003443862,0.008363665,0.005411783,0.010331586,0.004919803,0.012791488,0.010331586,0.017711291,0.007379704,0.008855645,0.004919803,0.009839606,0.004427823,0.168638716,0.131273318,1
0.011971272,0.013407824,0.015323228,0.013407824,0.009577017,0.010534719,0.014365526,0.008140465,0.011492421,0.013886675,0.013886675,0.012450123,0.007182763,0.007661614,0.012450123,0.009098167,0.011971272,0.010534719,0.011492421,0.007661614,0.011492421,0.007182763,0.009577017,0.010055868,0.009577017,0.011492421,0.012928974,0.010534719,0.007661614,0.00574621,0.012450123,0.006703912,0.016759781,0.008619316,0.015802079,0.01101357,0.013886675,0.012928974,0.011971272,0.010055868,0.019154035,0.013886675,0.023942544,0.014844377,0.012928974,0.009098167,0.014844377,0.007661614,0.013407824,0.010055868,0.009098167,0.003830807,0.006703912,0.007661614,0.008619316,0.004309658,0.011971272,0.009577017,0.021069438,0.006703912,0.008619316,0.004788509,0.010055868,0.004788509,0.168984696,0.130456478,1
0.013523064,0.012020502,0.016027336,0.013523064,0.008514522,0.007512814,0.013523064,0.009516231,0.011018793,0.015526481,0.012020502,0.013523064,0.008013668,0.008013668,0.014023919,0.009015376,0.012020502,0.009015376,0.012521356,0.007011959,0.008514522,0.007512814,0.009015376,0.011519647,0.009516231,0.011519647,0.013523064,0.010017085,0.008514522,0.007011959,0.012020502,0.007011959,0.016027336,0.008013668,0.014524773,0.014524773,0.015025627,0.014524773,0.012020502,0.010517939,0.019032461,0.014023919,0.022538441,0.012020502,0.011018793,0.009516231,0.014023919,0.007512814,0.013523064,0.010017085,0.008514522,0.004006834,0.008514522,0.007011959,0.010017085,0.003005125,0.013523064,0.011018793,0.019533315,0.007011959,0.008514522,0.004006834,0.011018793,0.004507688,0.168867497,0.130938279,1
0.011944889,0.010949481,0.016921926,0.010949481,0.00945637,0.007465555,0.015428814,0.00945637,0.012940296,0.015428814,0.013935703,0.013935703,0.010949481,0.006967852,0.013935703,0.007465555,0.009954074,0.011447185,0.011944889,0.007963259,0.010451778,0.004977037,0.007465555,0.009954074,0.010451778,0.007963259,0.013438,0.009954074,0.011447185,0.005972444,0.009954074,0.005972444,0.016424222,0.007465555,0.015428814,0.012442592,0.012940296,0.014433407,0.011447185,0.009954074,0.018415037,0.012442592,0.021898963,0.013438,0.014433407,0.008460963,0.015428814,0.007465555,0.011944889,0.011944889,0.011944889,0.007963259,0.008460963,0.005972444,0.007963259,0.00398163,0.009954074,0.012940296,0.016921926,0.008460963,0.006967852,0.004977037,0.008958666,0.004977037,0.175186167,0.130517181,1
0.012828501,0.011912179,0.016951947,0.012828501,0.009621375,0.009163215,0.012828501,0.008246893,0.011912179,0.015119304,0.013286661,0.013286661,0.007330572,0.007788733,0.013286661,0.008246893,0.011912179,0.010079536,0.011912179,0.006872411,0.008246893,0.007330572,0.008705054,0.010995858,0.008705054,0.011454018,0.013744822,0.010079536,0.008246893,0.007788733,0.010995858,0.007788733,0.016035626,0.007788733,0.014661144,0.013286661,0.013286661,0.013744822,0.011912179,0.010995858,0.017868269,0.014202983,0.023366198,0.013744822,0.013744822,0.009621375,0.014661144,0.007788733,0.013744822,0.010079536,0.010079536,0.003665286,0.009621375,0.005039768,0.010537697,0.004581607,0.013286661,0.009163215,0.01878459,0.008246893,0.008246893,0.004581607,0.010537697,0.004581607,0.169299328,0.129714745,1
0.014036623,0.012031391,0.016041855,0.013535315,0.008522236,0.008522236,0.013034007,0.009524852,0.011530083,0.016041855,0.012031391,0.014036623,0.008020928,0.00751962,0.014036623,0.008522236,0.011028775,0.009524852,0.012031391,0.007018312,0.009023544,0.009023544,0.009023544,0.010527467,0.010527467,0.010527467,0.013034007,0.01002616,0.010527467,0.006517004,0.01002616,0.006517004,0.016543163,0.008020928,0.015039239,0.013535315,0.012532699,0.015039239,0.012031391,0.009023544,0.018548395,0.012532699,0.024062783,0.013034007,0.012532699,0.01002616,0.014537931,0.00751962,0.014036623,0.010527467,0.010527467,0.004010464,0.009023544,0.00501308,0.01002616,0.004511772,0.012532699,0.009524852,0.019049703,0.00751962,0.008020928,0.004511772,0.01002616,0.004010464,0.168949214,0.131726159,1
0.011515662,0.013017705,0.01602179,0.013518386,0.009012257,0.009012257,0.012517024,0.009512938,0.012517024,0.014519747,0.011515662,0.014519747,0.009012257,0.007510214,0.015521109,0.007510214,0.011014981,0.011014981,0.010013619,0.008010895,0.008010895,0.006008171,0.009512938,0.011014981,0.012016343,0.008010895,0.012517024,0.0105143,0.008511576,0.007009533,0.011014981,0.007009533,0.018024514,0.007510214,0.01602179,0.012517024,0.013518386,0.014519747,0.011014981,0.009512938,0.01602179,0.013518386,0.022029962,0.013518386,0.013017705,0.009512938,0.01602179,0.008010895,0.013518386,0.008511576,0.011014981,0.005006809,0.009512938,0.00550749,0.010013619,0.003504767,0.013518386,0.012517024,0.019025876,0.008010895,0.007510214,0.004506129,0.0105143,0.004005448,0.171105854,0.130444228,1
0.011013884,0.014017671,0.017021458,0.011514515,0.013016409,0.008510729,0.015018933,0.00901136,0.01351704,0.014518302,0.015519564,0.014017671,0.010513253,0.007008835,0.013016409,0.007008835,0.010012622,0.012015147,0.01351704,0.009511991,0.011013884,0.007008835,0.007509467,0.007509467,0.010012622,0.011514515,0.013016409,0.010012622,0.00901136,0.006007573,0.010012622,0.005506942,0.017522089,0.007509467,0.016020195,0.011013884,0.01351704,0.012015147,0.013016409,0.010513253,0.017021458,0.013016409,0.0225284,0.012515778,0.015519564,0.008510729,0.014017671,0.007008835,0.014518302,0.012015147,0.011013884,0.005506942,0.007509467,0.005506942,0.00901136,0.003504418,0.012015147,0.010012622,0.014017671,0.008510729,0.008010098,0.004005049,0.007509467,0.005006311,0.176623468,0.126998663,1
0.013283468,0.013283468,0.01623535,0.013283468,0.009839606,0.008855645,0.012299507,0.008855645,0.013283468,0.01574337,0.011807527,0.014267429,0.008363665,0.007379704,0.012791488,0.008363665,0.011807527,0.008363665,0.011807527,0.007379704,0.008855645,0.007871685,0.008855645,0.010331586,0.010331586,0.011315547,0.012299507,0.009839606,0.009839606,0.006887724,0.011315547,0.007379704,0.01623535,0.008363665,0.01623535,0.012791488,0.012299507,0.013775448,0.012299507,0.011315547,0.01721931,0.012299507,0.024107035,0.012299507,0.012299507,0.009839606,0.013775448,0.007871685,0.014759409,0.010331586,0.010823567,0.003443862,0.008363665,0.005411783,0.010331586,0.004919803,0.012791488,0.010331586,0.017711291,0.007379704,0.008855645,0.004919803,0.009839606,0.004427823,0.168638716,0.131273318,1
0.013997355,0.012497639,0.017496694,0.012997544,0.009498206,0.0089983,0.012997544,0.008498394,0.012997544,0.015497072,0.014497261,0.013997355,0.007998489,0.006998678,0.012497639,0.008498394,0.011997733,0.0089983,0.012497639,0.006498772,0.008498394,0.008498394,0.009498206,0.010498017,0.009498206,0.011497828,0.012497639,0.009998111,0.0089983,0.006498772,0.010498017,0.007498583,0.016496883,0.008498394,0.015996978,0.012497639,0.012497639,0.014997167,0.010997922,0.009498206,0.0179966,0.012497639,0.024495372,0.012997544,0.013997355,0.009998111,0.01349745,0.007998489,0.014497261,0.009998111,0.010997922,0.003999244,0.0089983,0.00449915,0.009998111,0.004999056,0.012997544,0.0089983,0.016496883,0.008498394,0.008498394,0.004999056,0.010498017,0.003999244,0.168207636,0.129924968,1
0.00960963,0.013453481,0.014414444,0.012012037,0.011531555,0.008168185,0.013933963,0.011531555,0.011051074,0.014414444,0.014414444,0.011531555,0.005765778,0.006246259,0.010090111,0.008168185,0.00960963,0.010090111,0.012012037,0.006246259,0.008168185,0.007687704,0.00960963,0.009129148,0.007207222,0.010570593,0.015855889,0.013453481,0.010090111,0.005285296,0.013933963,0.008168185,0.017297333,0.011051074,0.014894926,0.010090111,0.012012037,0.012012037,0.013453481,0.010090111,0.021621667,0.012012037,0.023543592,0.01633637,0.012492518,0.012973,0.017777815,0.007207222,0.012973,0.010570593,0.010090111,0.001441444,0.006246259,0.006726741,0.010090111,0.006726741,0.013453481,0.010570593,0.019699741,0.009129148,0.007207222,0.005285296,0.011051074,0.00336337,0.168375085,0.128680513,1
0.009137883,0.013947294,0.014909177,0.010580706,0.011542588,0.008656941,0.013947294,0.01202353,0.012985412,0.015390118,0.013466353,0.01202353,0.005771294,0.007214118,0.010580706,0.007214118,0.009137883,0.010099765,0.012985412,0.006733177,0.008176,0.007214118,0.008656941,0.009618824,0.007214118,0.010580706,0.013947294,0.01202353,0.012504471,0.005771294,0.013947294,0.007695059,0.017313883,0.011542588,0.014909177,0.011061647,0.012504471,0.011542588,0.012504471,0.010580706,0.02019953,0.010580706,0.023566118,0.016352,0.011542588,0.011542588,0.018275765,0.007695059,0.012985412,0.010580706,0.011061647,0.001923765,0.006733177,0.006252235,0.008656941,0.007695059,0.014428236,0.010580706,0.019718589,0.008656941,0.006733177,0.004809412,0.011061647,0.003366588,0.168115775,0.129229151,1
0.008714318,0.014676746,0.015594042,0.009631614,0.011007559,0.010090263,0.013759449,0.011007559,0.012842153,0.014676746,0.014676746,0.011924856,0.004127835,0.006879725,0.010548911,0.006421076,0.009172966,0.010548911,0.013300801,0.006421076,0.007338373,0.007338373,0.009172966,0.012383504,0.006879725,0.011007559,0.014218098,0.011924856,0.011007559,0.00550378,0.015594042,0.00825567,0.017887284,0.011007559,0.014218098,0.010548911,0.012383504,0.012383504,0.012383504,0.011466208,0.019263229,0.012383504,0.024767009,0.016969987,0.012383504,0.011924856,0.017428636,0.007797021,0.012383504,0.009631614,0.011007559,0.001375945,0.008714318,0.006421076,0.008714318,0.00550378,0.014676746,0.010548911,0.019721877,0.008714318,0.007338373,0.005045131,0.010090263,0.003210538,0.166107058,0.128950494,1
0.008256059,0.014677439,0.015594779,0.009632069,0.011008079,0.010090739,0.013760099,0.011008079,0.012842759,0.014677439,0.014677439,0.011925419,0.00412803,0.00688005,0.010549409,0.00642138,0.009173399,0.010549409,0.013301429,0.00642138,0.007338719,0.007338719,0.009173399,0.012384089,0.00688005,0.011008079,0.014218769,0.011925419,0.011008079,0.00550404,0.015594779,0.008256059,0.017888129,0.011008079,0.014218769,0.010549409,0.012384089,0.012384089,0.012384089,0.011466749,0.019264139,0.012384089,0.024768178,0.016970789,0.012384089,0.011925419,0.017429459,0.007797389,0.012384089,0.009632069,0.011008079,0.00137601,0.008714729,0.00642138,0.008714729,0.00550404,0.014677439,0.010549409,0.019722809,0.008714729,0.007338719,0.00504537,0.010090739,0.00366936,0.166114903,0.128909356,1
0.009622082,0.013470915,0.014433124,0.011546499,0.011065395,0.00817877,0.013952019,0.012027603,0.012027603,0.015395332,0.013952019,0.011065395,0.005773249,0.006254354,0.010584291,0.00817877,0.010103186,0.010103186,0.011546499,0.006735458,0.00817877,0.007697666,0.009622082,0.008659874,0.007216562,0.010584291,0.015395332,0.012989811,0.011065395,0.005292145,0.013952019,0.00817877,0.017319748,0.011065395,0.014914228,0.010584291,0.012989811,0.011546499,0.013470915,0.010584291,0.021649685,0.011546499,0.023092998,0.015876436,0.011546499,0.012508707,0.017319748,0.007216562,0.012027603,0.010584291,0.011546499,0.001443312,0.006254354,0.006735458,0.009140978,0.007216562,0.012989811,0.011065395,0.019725269,0.008659874,0.007216562,0.005292145,0.011065395,0.003848833,0.168177724,0.128929159,1
0.010779346,0.012481348,0.015885352,0.011914014,0.009077344,0.009077344,0.012481348,0.010212012,0.013616016,0.01702002,0.015885352,0.011914014,0.006808008,0.007942676,0.009644678,0.006240674,0.009644678,0.006240674,0.012481348,0.006808008,0.006240674,0.006240674,0.009644678,0.010779346,0.00851001,0.013048682,0.012481348,0.011914014,0.012481348,0.00567334,0.015885352,0.006808008,0.017587354,0.01134668,0.017587354,0.009644678,0.013048682,0.01134668,0.01418335,0.012481348,0.020991357,0.010779346,0.023828027,0.014750684,0.011914014,0.01134668,0.01702002,0.006808008,0.013048682,0.010779346,0.012481348,0.00283667,0.006808008,0.006240674,0.009644678,0.007375342,0.013048682,0.010212012,0.017587354,0.00851001,0.007942676,0.005106006,0.006808008,0.004538672,0.167401621,0.129104236,1
0.00922926,0.013115264,0.014572515,0.010686511,0.010686511,0.008743509,0.014086765,0.012629513,0.013115264,0.016029767,0.013115264,0.012143763,0.005829006,0.007286258,0.010686511,0.006800507,0.008743509,0.00971501,0.013601014,0.006800507,0.008743509,0.007772008,0.008743509,0.00922926,0.007286258,0.010686511,0.013601014,0.012629513,0.012629513,0.005829006,0.013601014,0.007772008,0.017487018,0.011658012,0.015058266,0.011172262,0.012629513,0.011658012,0.012143763,0.010200761,0.020887272,0.00922926,0.024287526,0.016029767,0.011658012,0.012143763,0.017972769,0.007772008,0.012143763,0.011658012,0.011172262,0.001943002,0.006800507,0.006314757,0.008743509,0.007772008,0.014086765,0.010686511,0.019430021,0.008743509,0.006800507,0.004857505,0.010686511,0.003400254,0.16811691,0.128516347,1
0.008714318,0.014676746,0.015594042,0.009631614,0.011007559,0.010090263,0.013759449,0.011007559,0.012842153,0.014676746,0.014676746,0.011924856,0.004127835,0.006879725,0.010548911,0.006421076,0.009172966,0.010548911,0.013300801,0.006421076,0.007338373,0.007338373,0.009172966,0.012383504,0.006879725,0.011007559,0.014218098,0.011924856,0.011007559,0.00550378,0.015594042,0.00825567,0.017887284,0.011007559,0.014218098,0.010548911,0.012383504,0.012383504,0.012383504,0.011466208,0.019263229,0.012383504,0.024767009,0.016969987,0.012383504,0.011924856,0.017428636,0.007797021,0.012383504,0.009631614,0.011007559,0.001375945,0.008714318,0.006421076,0.008714318,0.00550378,0.014676746,0.010548911,0.019721877,0.008714318,0.007338373,0.005045131,0.010090263,0.003210538,0.166107058,0.128950494,1
0.008259971,0.014684393,0.015602168,0.009636633,0.011013295,0.01009552,0.013766619,0.011013295,0.012848844,0.014684393,0.014684393,0.01193107,0.004129986,0.006883309,0.010554408,0.006424422,0.009177746,0.010554408,0.013307732,0.006424422,0.007342197,0.007342197,0.009177746,0.012389957,0.006883309,0.011013295,0.014225506,0.01193107,0.011013295,0.005506648,0.015602168,0.008259971,0.017896605,0.011013295,0.014225506,0.010554408,0.012389957,0.012389957,0.012389957,0.011472182,0.019273266,0.012389957,0.024779914,0.01697883,0.012389957,0.01193107,0.017437717,0.007801084,0.012389957,0.009636633,0.011013295,0.001376662,0.008718859,0.006424422,0.008718859,0.005506648,0.014684393,0.010554408,0.019732154,0.008718859,0.007342197,0.00504776,0.01009552,0.003212211,0.166193611,0.128955503,1
0.008651191,0.014899274,0.01393803,0.010573678,0.012015543,0.008651191,0.014418652,0.011534921,0.012976787,0.014899274,0.012496165,0.011534921,0.005767461,0.007209326,0.0110543,0.007689948,0.009131813,0.009612435,0.012976787,0.007209326,0.008170569,0.007689948,0.008651191,0.008651191,0.007209326,0.010573678,0.014418652,0.012496165,0.011534921,0.005767461,0.014418652,0.007209326,0.017302382,0.011534921,0.014899274,0.011534921,0.012015543,0.0110543,0.012015543,0.0110543,0.020666734,0.010093056,0.023069843,0.016341139,0.011534921,0.011534921,0.018263626,0.008170569,0.012976787,0.010573678,0.010093056,0.001922487,0.006728704,0.005767461,0.009612435,0.007689948,0.014418652,0.010573678,0.020186113,0.009131813,0.006728704,0.005286839,0.0110543,0.004325596,0.168462192,0.129349466,1
0.010693192,0.013947641,0.015342405,0.01022827,0.010693192,0.009298427,0.013017798,0.009298427,0.012087956,0.016272248,0.01348272,0.013947641,0.005114135,0.008368585,0.009763349,0.006973821,0.008833506,0.008833506,0.013017798,0.007903663,0.006043978,0.006508899,0.008833506,0.012552877,0.006973821,0.009763349,0.014877484,0.013017798,0.01022827,0.006508899,0.015342405,0.007438742,0.017202091,0.01022827,0.014412563,0.010693192,0.013017798,0.011623034,0.013017798,0.011623034,0.018596855,0.012087956,0.022316226,0.015342405,0.013017798,0.011158113,0.018131934,0.008368585,0.01348272,0.009298427,0.013017798,0.001394764,0.008833506,0.006508899,0.009763349,0.006043978,0.014877484,0.011158113,0.017667012,0.008368585,0.008833506,0.005114135,0.008368585,0.002789528,0.168093336,0.130340309,1
0.012463191,0.013596208,0.016428752,0.011330174,0.010763665,0.007931122,0.011330174,0.013596208,0.013596208,0.015862243,0.015862243,0.012463191,0.005098578,0.00849763,0.009064139,0.006231596,0.010197156,0.006798104,0.0130297,0.006231596,0.006231596,0.005098578,0.009064139,0.010763665,0.007931122,0.010763665,0.010763665,0.011330174,0.014729226,0.005665087,0.014162717,0.00849763,0.018128278,0.010763665,0.014729226,0.009630648,0.0130297,0.011896682,0.011896682,0.010763665,0.019261295,0.009630648,0.022660347,0.016428752,0.011896682,0.010763665,0.018128278,0.00849763,0.0130297,0.012463191,0.013596208,0.002266035,0.006231596,0.006231596,0.00849763,0.007931122,0.012463191,0.011330174,0.018128278,0.009064139,0.009630648,0.003965561,0.009630648,0.004532069,0.167346148,0.130183086,1
0.012625827,0.012140219,0.016510697,0.010683392,0.011169001,0.009712175,0.012140219,0.009226566,0.012140219,0.01553948,0.013597045,0.012625827,0.004856087,0.00776974,0.011169001,0.008255349,0.009712175,0.008740957,0.012140219,0.008255349,0.00776974,0.006312914,0.008740957,0.010683392,0.008740957,0.010683392,0.014082654,0.01165461,0.010683392,0.007284131,0.01165461,0.008740957,0.017481915,0.011169001,0.014568262,0.010683392,0.012140219,0.01165461,0.014082654,0.011169001,0.017967524,0.013111436,0.027679699,0.014568262,0.010197784,0.010683392,0.018453132,0.00776974,0.012625827,0.010197784,0.010683392,0.001942435,0.00776974,0.005827305,0.010197784,0.007284131,0.015053871,0.009712175,0.017967524,0.008255349,0.009712175,0.005341696,0.009712175,0.003399261,0.166290837,0.128605259,1
0.01190089,0.013034308,0.016434562,0.01190089,0.011334181,0.007367218,0.01190089,0.012467599,0.013601017,0.017001271,0.015301144,0.012467599,0.00566709,0.008500636,0.009634054,0.006800509,0.010200763,0.006800509,0.013601017,0.006800509,0.006800509,0.005100381,0.007933927,0.010200763,0.009634054,0.011334181,0.010200763,0.010767472,0.012467599,0.006233799,0.014167726,0.008500636,0.018134689,0.01190089,0.015301144,0.010767472,0.013601017,0.011334181,0.012467599,0.010200763,0.019834817,0.009067345,0.022101653,0.016434562,0.011334181,0.011334181,0.018701398,0.007367218,0.013034308,0.011334181,0.013034308,0.001700127,0.00566709,0.006233799,0.009634054,0.008500636,0.013034308,0.010200763,0.019268108,0.009067345,0.009634054,0.003966963,0.009067345,0.003400254,0.167163632,0.130117152,1
0.010987157,0.013853372,0.015764182,0.010509455,0.010987157,0.008598645,0.01337567,0.00955405,0.011942562,0.016719587,0.01337567,0.014331075,0.005254727,0.00764324,0.010031752,0.007165537,0.009076347,0.008598645,0.01337567,0.00764324,0.006210132,0.006210132,0.009076347,0.010987157,0.007165537,0.010031752,0.014808777,0.01337567,0.010031752,0.00573243,0.014808777,0.007165537,0.01719729,0.010509455,0.014808777,0.010031752,0.01337567,0.01146486,0.012897967,0.01146486,0.018152695,0.01146486,0.021974315,0.015764182,0.012897967,0.01146486,0.018630397,0.008598645,0.013853372,0.00955405,0.012420265,0.001433107,0.008120942,0.006210132,0.010031752,0.00573243,0.01528648,0.010987157,0.01719729,0.008598645,0.009076347,0.005254727,0.008598645,0.002866215,0.169042305,0.130645831,1
0.011027077,0.014243308,0.015621693,0.010108154,0.010567616,0.009189231,0.012864924,0.009648693,0.012405462,0.016081155,0.013324385,0.014243308,0.005054077,0.00872977,0.010108154,0.006891923,0.00872977,0.00872977,0.012864924,0.008270308,0.005973,0.006432462,0.00872977,0.012405462,0.006891923,0.009648693,0.014243308,0.012864924,0.010108154,0.006432462,0.015621693,0.007351385,0.017459539,0.010108154,0.01470277,0.011027077,0.012864924,0.011486539,0.012405462,0.011486539,0.018378462,0.011946001,0.022973078,0.015162231,0.012864924,0.011027077,0.017919001,0.00872977,0.013324385,0.009189231,0.012864924,0.001378385,0.009189231,0.006432462,0.009648693,0.005973,0.015621693,0.010567616,0.017919001,0.008270308,0.009189231,0.005054077,0.00872977,0.003216231,0.167332915,0.130150361,1
0.010960873,0.013820232,0.01572647,0.010484314,0.010960873,0.009054634,0.013343672,0.009531194,0.011913993,0.01620303,0.012867112,0.014773351,0.005242157,0.008101515,0.010007754,0.006671836,0.009054634,0.008578075,0.012867112,0.008101515,0.006195276,0.006195276,0.009054634,0.010960873,0.007148396,0.010007754,0.014773351,0.013343672,0.010007754,0.005718717,0.014773351,0.007148396,0.01715615,0.010484314,0.014773351,0.010007754,0.013343672,0.011437433,0.012867112,0.010960873,0.018109269,0.011437433,0.021921747,0.015249911,0.013343672,0.011437433,0.019062388,0.008578075,0.013820232,0.010007754,0.012390552,0.001429679,0.008101515,0.006195276,0.010007754,0.006195276,0.015249911,0.010960873,0.01715615,0.009054634,0.009054634,0.005242157,0.008578075,0.002859358,0.1696685,0.130265286,1
0.010991322,0.013858623,0.015292274,0.010513438,0.010991322,0.009079788,0.012902856,0.009557671,0.011947089,0.016248041,0.01338074,0.014336507,0.005256719,0.008124021,0.010035555,0.007168253,0.008601904,0.008601904,0.012902856,0.008124021,0.006212486,0.006212486,0.009079788,0.011469206,0.007646137,0.009557671,0.01481439,0.01338074,0.010035555,0.005734603,0.01481439,0.007168253,0.017203808,0.010513438,0.015292274,0.010035555,0.012902856,0.011469206,0.01338074,0.010513438,0.018159575,0.011469206,0.021982644,0.015770158,0.01338074,0.011469206,0.018637459,0.008601904,0.013858623,0.009557671,0.012424973,0.001433651,0.008124021,0.006212486,0.010035555,0.006212486,0.015292274,0.010991322,0.017203808,0.008601904,0.009079788,0.005256719,0.008601904,0.002867301,0.169012739,0.130409958,1
0.010612095,0.013841864,0.014764655,0.0101507,0.010612095,0.009227909,0.012919073,0.009227909,0.012457677,0.016610236,0.013380468,0.014303259,0.00507535,0.008305118,0.0101507,0.006920932,0.008305118,0.008766514,0.013380468,0.007843723,0.005998141,0.006459536,0.008766514,0.012457677,0.007382327,0.009689305,0.014764655,0.012919073,0.0101507,0.006459536,0.014764655,0.007382327,0.017071632,0.0101507,0.01522605,0.011073491,0.012457677,0.011534886,0.013380468,0.011534886,0.018455818,0.011534886,0.022146982,0.015687446,0.012919073,0.011073491,0.017994423,0.009227909,0.013380468,0.009227909,0.012919073,0.001384186,0.009227909,0.006459536,0.009689305,0.005536745,0.01522605,0.011073491,0.017533027,0.008305118,0.008766514,0.00507535,0.009227909,0.003229768,0.167840588,0.130376923,1
0.011027077,0.014243308,0.015621693,0.010108154,0.010567616,0.009189231,0.012864924,0.009648693,0.012405462,0.016081155,0.013324385,0.014243308,0.005054077,0.00872977,0.010108154,0.006891923,0.00872977,0.00872977,0.012864924,0.008270308,0.005973,0.006432462,0.00872977,0.012405462,0.006891923,0.009648693,0.014243308,0.012864924,0.010108154,0.006432462,0.015621693,0.007351385,0.017459539,0.010108154,0.01470277,0.011027077,0.012864924,0.011486539,0.012405462,0.011486539,0.018378462,0.011946001,0.022973078,0.015162231,0.012864924,0.011027077,0.017919001,0.00872977,0.013324385,0.009189231,0.012864924,0.001378385,0.009189231,0.006432462,0.009648693,0.005973,0.015621693,0.010567616,0.017919001,0.008270308,0.009189231,0.005054077,0.00872977,0.003216231,0.167332915,0.130150361,1
0.009160381,0.012366514,0.015572647,0.012824533,0.007786324,0.011450476,0.013282552,0.007786324,0.012366514,0.012366514,0.014656609,0.011908495,0.006870286,0.006412267,0.014656609,0.006870286,0.008702362,0.007786324,0.0096184,0.007328305,0.007786324,0.007328305,0.010992457,0.0096184,0.0096184,0.009160381,0.016030666,0.010534438,0.005496229,0.005496229,0.011450476,0.010534438,0.0192368,0.010076419,0.016030666,0.012366514,0.010992457,0.011908495,0.011908495,0.010992457,0.0192368,0.012366514,0.029313219,0.016946705,0.012366514,0.008702362,0.018320762,0.010076419,0.012366514,0.010076419,0.010076419,0.002290095,0.006870286,0.005038209,0.009160381,0.00458019,0.016488686,0.011908495,0.017862743,0.010534438,0.010076419,0.005038209,0.012366514,0.005954248,0.166728892,0.127921783,1
0.008741335,0.011961826,0.015182318,0.014262178,0.008741335,0.011041686,0.014262178,0.006901054,0.011961826,0.011961826,0.015182318,0.011961826,0.006901054,0.008281264,0.014722248,0.007361124,0.008741335,0.009201405,0.009201405,0.008281264,0.007361124,0.006901054,0.011501756,0.009201405,0.011501756,0.011041686,0.015642388,0.010121545,0.006440983,0.005980913,0.009661475,0.011041686,0.019783021,0.010581616,0.017022599,0.011501756,0.011501756,0.011501756,0.012881967,0.011961826,0.01886288,0.014262178,0.026224004,0.014262178,0.013342037,0.008281264,0.016102459,0.007821194,0.012881967,0.009201405,0.009661475,0.003220492,0.007821194,0.005520843,0.009661475,0.005060773,0.016102459,0.010581616,0.016562529,0.009201405,0.008281264,0.005520843,0.011961826,0.005060773,0.168312387,0.128240206,1
0.009149586,0.011894462,0.015554296,0.014181858,0.008234627,0.011436982,0.01280942,0.008692107,0.011894462,0.011894462,0.014181858,0.011894462,0.007319669,0.006862189,0.015096817,0.006862189,0.008692107,0.008234627,0.009607065,0.007319669,0.008234627,0.007319669,0.010979503,0.009607065,0.009607065,0.008692107,0.015554296,0.010064544,0.005032272,0.005489752,0.010979503,0.010522024,0.01967161,0.010064544,0.015096817,0.011894462,0.010522024,0.011894462,0.011436982,0.009607065,0.018756651,0.012351941,0.030651113,0.016926734,0.014639337,0.008692107,0.017384213,0.009607065,0.0132669,0.010979503,0.009607065,0.002744876,0.006862189,0.005489752,0.008692107,0.004117314,0.016011775,0.010522024,0.018299172,0.011436982,0.010064544,0.004117314,0.01280942,0.005489752,0.168210756,0.128186088,1
0.009381001,0.011726251,0.015478651,0.012664351,0.007973851,0.010319101,0.013133401,0.007973851,0.012664351,0.013133401,0.014540551,0.012195301,0.007035751,0.006097651,0.015009601,0.006566701,0.008911951,0.007973851,0.009850051,0.007504801,0.008442901,0.007504801,0.010788151,0.008442901,0.009850051,0.009381001,0.015478651,0.009850051,0.0056286,0.00515955,0.011257201,0.010319101,0.018762002,0.010319101,0.016416751,0.012195301,0.011257201,0.012664351,0.011726251,0.011257201,0.018762002,0.012664351,0.029550153,0.016885801,0.012195301,0.008911951,0.018762002,0.009850051,0.012195301,0.009850051,0.010788151,0.00234525,0.006566701,0.0046905,0.008911951,0.0046905,0.016416751,0.011726251,0.018292952,0.010788151,0.009850051,0.0046905,0.012195301,0.006097651,0.167040114,0.128446725,1
0.009263065,0.011468557,0.01587954,0.01323295,0.008380868,0.011027458,0.013674048,0.00793977,0.011468557,0.011909655,0.014115146,0.011909655,0.006616475,0.006175377,0.014997343,0.00793977,0.00793977,0.008380868,0.009704163,0.007498672,0.007498672,0.007057573,0.01058636,0.008821967,0.01058636,0.008380868,0.014556245,0.01058636,0.004852082,0.00529318,0.01058636,0.011027458,0.019849425,0.011027458,0.015438441,0.011468557,0.01058636,0.011027458,0.011468557,0.01058636,0.018967228,0.011909655,0.02911249,0.016761736,0.012791852,0.008380868,0.01852613,0.011027458,0.012791852,0.010145262,0.008380868,0.003528787,0.007057573,0.004852082,0.008380868,0.004410983,0.016761736,0.011468557,0.018967228,0.011468557,0.010145262,0.004852082,0.014997343,0.008821967,0.167391846,0.127291928,1
0.008676278,0.01156837,0.014460463,0.013496432,0.008676278,0.01060434,0.014942478,0.008194262,0.012532401,0.01156837,0.014942478,0.012050386,0.007230231,0.007712247,0.014942478,0.007712247,0.008676278,0.008676278,0.009640309,0.008194262,0.008194262,0.007230231,0.011086355,0.008194262,0.010122324,0.011086355,0.014942478,0.010122324,0.006266201,0.005784185,0.009640309,0.01060434,0.018798602,0.01060434,0.016388525,0.012532401,0.01156837,0.011086355,0.01156837,0.011086355,0.019280617,0.013978448,0.025064803,0.014460463,0.014460463,0.008676278,0.01687054,0.008194262,0.012050386,0.01156837,0.01060434,0.002892093,0.006748216,0.005784185,0.008676278,0.004820154,0.016388525,0.008676278,0.017834571,0.01156837,0.009158293,0.003856123,0.013014417,0.00530217,0.170558357,0.128109188,1
0.009156261,0.012360953,0.015565644,0.013734392,0.008240635,0.011445327,0.012360953,0.007782822,0.012360953,0.01190314,0.014192205,0.011445327,0.006867196,0.006409383,0.015107831,0.007325009,0.008698448,0.007325009,0.010071887,0.007782822,0.007782822,0.007325009,0.010987514,0.009156261,0.009614074,0.008698448,0.015565644,0.010071887,0.005035944,0.005493757,0.011445327,0.010071887,0.020601588,0.010529701,0.015565644,0.010987514,0.010987514,0.011445327,0.01190314,0.010529701,0.019228149,0.012360953,0.030215662,0.01785471,0.012818766,0.008698448,0.018770336,0.010071887,0.012360953,0.009614074,0.008698448,0.003204691,0.006867196,0.005035944,0.008698448,0.004578131,0.016023457,0.01190314,0.019685962,0.010987514,0.009614074,0.004578131,0.013276579,0.006409383,0.166582199,0.127927867,1
0.009400136,0.010966826,0.015666894,0.016189123,0.007833447,0.008355677,0.015666894,0.007311217,0.012011285,0.012533515,0.015666894,0.012011285,0.007311217,0.007833447,0.014622434,0.007311217,0.009400136,0.007311217,0.009400136,0.007833447,0.006788987,0.007311217,0.011489055,0.007833447,0.013577974,0.011489055,0.016189123,0.009400136,0.006788987,0.005744528,0.009922366,0.010444596,0.019844732,0.012011285,0.018278043,0.009922366,0.013055745,0.012011285,0.013055745,0.012533515,0.019844732,0.015144664,0.02402257,0.013577974,0.011489055,0.008877906,0.017233583,0.006788987,0.013577974,0.008877906,0.008877906,0.003133379,0.006266757,0.005744528,0.009922366,0.005744528,0.014622434,0.011489055,0.016711353,0.009400136,0.008877906,0.005222298,0.010444596,0.005222298,0.168280671,0.128275807,1
0.009305914,0.012407885,0.013958871,0.016543847,0.008271923,0.008788919,0.014992861,0.008788919,0.011373895,0.011373895,0.014475866,0.01189089,0.007237933,0.007754928,0.014992861,0.007237933,0.009305914,0.006720938,0.009822909,0.007237933,0.007237933,0.007237933,0.010339904,0.008271923,0.011373895,0.011373895,0.016026852,0.009305914,0.006203943,0.005686947,0.010339904,0.011373895,0.020162813,0.01189089,0.016543847,0.009822909,0.01189089,0.011373895,0.01292488,0.0108569,0.020162813,0.013441876,0.025849761,0.014475866,0.01292488,0.008788919,0.018094833,0.007754928,0.013441876,0.009822909,0.008788919,0.003101971,0.005686947,0.005686947,0.009822909,0.005686947,0.015509856,0.0108569,0.017577837,0.01189089,0.008788919,0.004652957,0.012407885,0.005169952,0.169113632,0.127772876,1
0.009403401,0.012224422,0.015515612,0.013634932,0.007992891,0.010813912,0.013634932,0.007992891,0.012224422,0.012224422,0.014105102,0.011754252,0.007052551,0.006112211,0.014575272,0.007052551,0.008933231,0.007522721,0.009873572,0.007052551,0.007992891,0.007522721,0.010813912,0.008463061,0.010343742,0.009403401,0.015515612,0.010343742,0.005171871,0.005171871,0.011754252,0.009873572,0.019747143,0.010813912,0.015985782,0.010813912,0.011284082,0.011754252,0.012224422,0.010813912,0.018806803,0.012694592,0.029620715,0.017396293,0.012694592,0.008933231,0.018806803,0.009873572,0.012694592,0.009873572,0.008463061,0.003291191,0.006112211,0.005171871,0.008933231,0.004701701,0.015985782,0.011754252,0.019276973,0.010813912,0.009403401,0.004701701,0.012694592,0.006582381,0.167319826,0.127895236,1
0.011505539,0.014120435,0.012551498,0.009936602,0.012028518,0.008890644,0.013074477,0.009413623,0.011505539,0.013597456,0.012551498,0.014643414,0.006275749,0.007321707,0.010459581,0.007844686,0.01098256,0.011505539,0.014120435,0.006275749,0.010459581,0.009413623,0.008367665,0.01098256,0.006798728,0.011505539,0.017781288,0.011505539,0.007321707,0.008367665,0.011505539,0.008890644,0.014643414,0.008890644,0.015689372,0.013074477,0.014120435,0.013074477,0.012028518,0.009413623,0.018304267,0.015689372,0.021442142,0.014643414,0.008890644,0.009413623,0.017258309,0.01098256,0.01098256,0.008890644,0.009936602,0.002614895,0.006275749,0.007844686,0.014120435,0.006275749,0.015689372,0.007844686,0.018304267,0.00575277,0.010459581,0.009413623,0.007844686,0.004706812,0.164816281,0.129161984,1
0.010936509,0.013019653,0.012498867,0.009894937,0.011978081,0.010415723,0.012498867,0.008853364,0.011457295,0.013019653,0.012498867,0.014582012,0.00677022,0.007291006,0.010415723,0.007291006,0.010415723,0.011978081,0.013019653,0.006249434,0.010415723,0.010415723,0.008853364,0.011978081,0.00677022,0.011457295,0.019269087,0.011457295,0.007291006,0.008332578,0.011457295,0.00937415,0.014061226,0.00937415,0.015623584,0.012498867,0.013540439,0.013540439,0.013019653,0.008332578,0.018227515,0.01614437,0.021873018,0.014582012,0.009894937,0.009894937,0.017185942,0.009894937,0.010936509,0.00937415,0.010415723,0.003124717,0.005728647,0.007291006,0.015102798,0.00677022,0.015102798,0.007811792,0.017185942,0.006249434,0.009894937,0.00937415,0.007291006,0.004166289,0.165860606,0.128474183,1
0.01213506,0.014893028,0.013238247,0.010480279,0.011031872,0.008273904,0.013789841,0.009377092,0.012686653,0.013789841,0.011031872,0.014893028,0.006619123,0.008273904,0.011031872,0.007170717,0.011583466,0.009928685,0.013789841,0.006619123,0.009377092,0.009928685,0.008273904,0.010480279,0.007170717,0.011583466,0.019305777,0.010480279,0.006619123,0.009928685,0.01213506,0.008273904,0.015444621,0.009377092,0.015996215,0.013238247,0.014341434,0.01213506,0.01213506,0.009928685,0.01820259,0.015444621,0.020408964,0.014893028,0.008825498,0.009377092,0.017650996,0.009928685,0.011583466,0.008273904,0.009377092,0.002757968,0.007170717,0.007722311,0.014893028,0.007170717,0.015996215,0.007722311,0.01820259,0.005515936,0.009928685,0.008825498,0.006619123,0.003309562,0.164242246,0.129166324,1
0.0116427,0.014288769,0.012701128,0.010055059,0.012701128,0.008996632,0.013230341,0.008996632,0.012701128,0.013230341,0.011113487,0.015347196,0.006350564,0.007938205,0.010584273,0.006879778,0.011113487,0.0116427,0.013759555,0.006350564,0.009525846,0.010584273,0.009525846,0.010584273,0.006879778,0.0116427,0.019051692,0.011113487,0.006350564,0.009525846,0.0116427,0.008467419,0.014817982,0.009525846,0.016405623,0.012701128,0.013759555,0.012701128,0.0116427,0.009525846,0.017993264,0.015347196,0.020639333,0.014288769,0.008996632,0.009525846,0.016934837,0.011113487,0.011113487,0.008467419,0.009525846,0.002646068,0.006879778,0.007938205,0.014288769,0.006879778,0.01587641,0.007408991,0.017993264,0.00582135,0.010055059,0.008996632,0.007938205,0.005292137,0.164124851,0.128316489,1
0.012132401,0.014889765,0.013235347,0.00992651,0.011029456,0.008272092,0.013235347,0.009375037,0.013235347,0.013786819,0.011580928,0.015441238,0.006066201,0.008272092,0.011029456,0.007720619,0.011580928,0.00992651,0.013786819,0.006617673,0.009375037,0.00992651,0.007720619,0.011029456,0.006617673,0.011580928,0.018198602,0.010477983,0.007720619,0.009375037,0.011580928,0.008272092,0.014889765,0.009375037,0.01599271,0.013786819,0.014338292,0.012132401,0.011580928,0.00992651,0.018198602,0.015441238,0.020404493,0.014338292,0.008823564,0.009375037,0.017095656,0.010477983,0.011580928,0.007720619,0.011029456,0.002757364,0.007169146,0.007720619,0.014338292,0.006617673,0.01599271,0.007720619,0.018198602,0.005514728,0.00992651,0.008823564,0.007720619,0.004963255,0.163441026,0.129570876,1
0.010666273,0.015029748,0.013090426,0.009211781,0.011635934,0.010666273,0.012605595,0.009211781,0.011635934,0.013575256,0.012120765,0.014544918,0.005817967,0.007757289,0.009696612,0.006787628,0.011635934,0.011635934,0.012605595,0.005817967,0.009696612,0.010181442,0.009696612,0.012605595,0.007272459,0.011151103,0.019393223,0.011635934,0.006787628,0.009211781,0.012120765,0.009211781,0.015029748,0.009211781,0.015999409,0.012605595,0.013090426,0.013090426,0.012605595,0.009696612,0.017938732,0.015999409,0.022787038,0.015029748,0.009696612,0.009696612,0.01696907,0.010181442,0.010666273,0.00824212,0.010181442,0.002424153,0.006787628,0.00824212,0.014544918,0.005817967,0.015999409,0.007757289,0.017453901,0.005333136,0.009211781,0.008726951,0.007757289,0.005333136,0.16286215,0.128315535,1
0.011358907,0.013424163,0.012907849,0.009809965,0.011875221,0.010326279,0.012391535,0.008777337,0.011358907,0.014456791,0.012391535,0.014456791,0.006195767,0.007228395,0.010326279,0.007228395,0.011358907,0.011875221,0.013940477,0.006195767,0.010842593,0.010326279,0.008777337,0.011875221,0.007228395,0.011358907,0.018070988,0.011358907,0.007228395,0.008777337,0.011358907,0.008777337,0.013940477,0.009293651,0.016005732,0.012907849,0.013940477,0.013424163,0.012907849,0.009293651,0.018070988,0.015489418,0.021685186,0.014973105,0.008777337,0.009293651,0.017554674,0.010842593,0.010842593,0.008777337,0.009809965,0.00258157,0.006712081,0.007744709,0.013940477,0.006195767,0.015489418,0.007744709,0.018070988,0.005679453,0.009809965,0.009293651,0.007744709,0.004130512,0.164377264,0.12878894,1
0.01142039,0.013496824,0.012977716,0.009863064,0.011939498,0.010382172,0.012458607,0.008824847,0.01142039,0.013496824,0.012458607,0.01505415,0.006229303,0.007267521,0.010382172,0.007267521,0.01142039,0.011939498,0.013496824,0.006229303,0.010901281,0.010382172,0.008824847,0.011939498,0.006748412,0.01142039,0.018168802,0.01142039,0.007267521,0.008305738,0.01142039,0.008824847,0.014015933,0.009343955,0.016092367,0.012458607,0.014015933,0.013496824,0.012458607,0.008824847,0.018168802,0.015573259,0.021802562,0.01505415,0.008824847,0.009343955,0.017649693,0.010901281,0.010901281,0.008824847,0.009863064,0.002595543,0.006229303,0.007786629,0.014015933,0.006229303,0.015573259,0.007786629,0.018168802,0.005710195,0.009863064,0.009343955,0.007786629,0.004671978,0.164293016,0.12868104,1
0.011120884,0.013768713,0.013239148,0.010061752,0.012180016,0.009532186,0.013239148,0.00900262,0.012709582,0.012709582,0.013239148,0.014298279,0.006884357,0.007413923,0.010591318,0.007413923,0.010591318,0.01165045,0.013768713,0.006354791,0.009532186,0.010591318,0.008473054,0.01165045,0.006884357,0.01165045,0.018005241,0.011120884,0.007413923,0.008473054,0.01165045,0.009532186,0.015357411,0.009532186,0.015357411,0.012709582,0.014298279,0.012709582,0.011120884,0.010061752,0.018534807,0.015886977,0.019064373,0.014298279,0.009532186,0.010061752,0.016946109,0.009532186,0.011120884,0.00900262,0.010591318,0.003177395,0.006354791,0.007413923,0.014827845,0.006354791,0.014827845,0.007943489,0.017475675,0.006354791,0.010061752,0.00900262,0.007413923,0.004236527,0.165572321,0.12851633,1
0.01270077,0.015010001,0.013278078,0.009236924,0.010968847,0.008082308,0.013278078,0.009814231,0.013278078,0.013855385,0.013278078,0.013855385,0.006350385,0.006927693,0.010391539,0.008082308,0.012123462,0.010391539,0.014432693,0.005773077,0.009814231,0.008659616,0.006927693,0.012123462,0.006927693,0.010391539,0.017319232,0.010391539,0.007505,0.009814231,0.01270077,0.008659616,0.014432693,0.008659616,0.016164616,0.013855385,0.014432693,0.01270077,0.011546154,0.009814231,0.018473847,0.016164616,0.020783078,0.015587308,0.008082308,0.009236924,0.017896539,0.010391539,0.010968847,0.008082308,0.010391539,0.002886539,0.007505,0.008082308,0.013278078,0.006927693,0.015010001,0.008082308,0.019628462,0.005773077,0.010391539,0.009236924,0.007505,0.004041154,0.162747453,0.128895974,1
0.009717922,0.010797692,0.015656653,0.010257807,0.010797692,0.009178038,0.011877461,0.009178038,0.009717922,0.014576884,0.016196537,0.011337576,0.00593873,0.00593873,0.011877461,0.009178038,0.010257807,0.010797692,0.010797692,0.008638153,0.008098269,0.010257807,0.01295723,0.009178038,0.008638153,0.015116768,0.014576884,0.010257807,0.009717922,0.008638153,0.010257807,0.008638153,0.015656653,0.008638153,0.015656653,0.011337576,0.014576884,0.014576884,0.011877461,0.014036999,0.019975729,0.015116768,0.022675152,0.014036999,0.009717922,0.009178038,0.014576884,0.008638153,0.010797692,0.010797692,0.009717922,0.002699423,0.0070185,0.006478615,0.011877461,0.004858961,0.01295723,0.010797692,0.017816191,0.006478615,0.008638153,0.006478615,0.011337576,0.0070185,0.167214342,0.1276964,1
0.009977661,0.010531975,0.013303548,0.011640604,0.01108629,0.007760403,0.012194919,0.009423346,0.009977661,0.016629435,0.013857862,0.011640604,0.00498883,0.006097459,0.012749233,0.009977661,0.009977661,0.01108629,0.013303548,0.008869032,0.008314717,0.009977661,0.010531975,0.009423346,0.008314717,0.012749233,0.01607512,0.010531975,0.008869032,0.008869032,0.010531975,0.009423346,0.015520806,0.009423346,0.016629435,0.011640604,0.014966491,0.015520806,0.012194919,0.013303548,0.019955322,0.014966491,0.022172579,0.012194919,0.008314717,0.009977661,0.015520806,0.008314717,0.009977661,0.009423346,0.008869032,0.001662943,0.008869032,0.005543145,0.012749233,0.005543145,0.014966491,0.011640604,0.016629435,0.007760403,0.007760403,0.007760403,0.012194919,0.005543145,0.165837912,0.127965432,1
0.01008135,0.0112015,0.0134418,0.008401125,0.007280975,0.008401125,0.012881725,0.0089612,0.0089612,0.015122025,0.0156821,0.011761575,0.005040675,0.0067209,0.01232165,0.009521275,0.007280975,0.007280975,0.012881725,0.0089612,0.00784105,0.01008135,0.0112015,0.0112015,0.0089612,0.01456195,0.017362325,0.009521275,0.0089612,0.0089612,0.0112015,0.01008135,0.0156821,0.009521275,0.015122025,0.0134418,0.015122025,0.015122025,0.01232165,0.01456195,0.022963075,0.015122025,0.02352315,0.0134418,0.009521275,0.009521275,0.015122025,0.007280975,0.01008135,0.009521275,0.01008135,0.002800375,0.006160825,0.0067209,0.014001875,0.0044806,0.012881725,0.01232165,0.0179224,0.0067209,0.0089612,0.0067209,0.0112015,0.00560075,0.164571482,0.12973403,1
0.009183148,0.010713672,0.015305246,0.009693323,0.011223847,0.008672973,0.012754372,0.009183148,0.009183148,0.013774722,0.015815421,0.011734022,0.005611924,0.006632273,0.012244197,0.009183148,0.010203498,0.011223847,0.010713672,0.009183148,0.007652623,0.009693323,0.012244197,0.009183148,0.009183148,0.014284897,0.016835771,0.010203498,0.009693323,0.008162798,0.009693323,0.008672973,0.015305246,0.008672973,0.014795071,0.012244197,0.014795071,0.013774722,0.013264547,0.013774722,0.020406995,0.016325596,0.02193752,0.013264547,0.009183148,0.009183148,0.014284897,0.009183148,0.010203498,0.011223847,0.009693323,0.002550874,0.007142448,0.006632273,0.012244197,0.004591574,0.012244197,0.011223847,0.017345946,0.006632273,0.009183148,0.006632273,0.011223847,0.006632273,0.168310276,0.128158566,1
0.009280121,0.010826807,0.014951305,0.009795683,0.009795683,0.009795683,0.012889056,0.008764558,0.009280121,0.013920181,0.017013554,0.011857932,0.005671185,0.006186747,0.010826807,0.009280121,0.009795683,0.010311245,0.01134237,0.007733434,0.008248996,0.010311245,0.012889056,0.009795683,0.009280121,0.014951305,0.016497992,0.010311245,0.009795683,0.008248996,0.010311245,0.009280121,0.015466868,0.009280121,0.015466868,0.011857932,0.014435743,0.014435743,0.012889056,0.014435743,0.021138052,0.016497992,0.021653615,0.013404619,0.010311245,0.009280121,0.013920181,0.007733434,0.010311245,0.010826807,0.010311245,0.002577811,0.006702309,0.006702309,0.012373494,0.00464006,0.012373494,0.010826807,0.017013554,0.005671185,0.008764558,0.006702309,0.010826807,0.006186747,0.166605395,0.129136572,1
0.009036597,0.011546763,0.015060995,0.010040663,0.011044729,0.008534564,0.013052862,0.00953863,0.009036597,0.014056928,0.015563028,0.012048796,0.004016265,0.006526431,0.012048796,0.009036597,0.010040663,0.010542696,0.012048796,0.008534564,0.008032531,0.010040663,0.011546763,0.00953863,0.010542696,0.014056928,0.017069127,0.010542696,0.007530497,0.007530497,0.012048796,0.008534564,0.016065061,0.010040663,0.015563028,0.011546763,0.015060995,0.014056928,0.015060995,0.011546763,0.02058336,0.017069127,0.023093525,0.013052862,0.00953863,0.010040663,0.013554895,0.00953863,0.010542696,0.010040663,0.008032531,0.001506099,0.007028464,0.006526431,0.012550829,0.005020332,0.013052862,0.010542696,0.018073194,0.007028464,0.009036597,0.007028464,0.011044729,0.005522365,0.16585484,0.127784505,1
0.009433657,0.011005933,0.015722761,0.009957749,0.010481841,0.008909565,0.012578209,0.008909565,0.009433657,0.014150485,0.016246853,0.012054117,0.005765012,0.006289104,0.011530025,0.009433657,0.010481841,0.010481841,0.011005933,0.008385472,0.00786138,0.009957749,0.012578209,0.009433657,0.008909565,0.014674577,0.016246853,0.009957749,0.009433657,0.008385472,0.009957749,0.008909565,0.015722761,0.008909565,0.015198669,0.012054117,0.015198669,0.014150485,0.012054117,0.013626393,0.020963681,0.015198669,0.023060049,0.013626393,0.009433657,0.009433657,0.014674577,0.008385472,0.010481841,0.010481841,0.009957749,0.00262046,0.006813196,0.006813196,0.012578209,0.004716828,0.012578209,0.010481841,0.017819129,0.006289104,0.008909565,0.006813196,0.011005933,0.006813196,0.166443315,0.128128811,1
0.010190434,0.011718999,0.014776129,0.010190434,0.010190434,0.008661869,0.013247564,0.00917139,0.009680912,0.013247564,0.015795172,0.01222852,0.004076173,0.007133304,0.011718999,0.00917139,0.010699955,0.009680912,0.011718999,0.008661869,0.008661869,0.011718999,0.011718999,0.00917139,0.00917139,0.014266607,0.017833259,0.010699955,0.007642825,0.008152347,0.011718999,0.00917139,0.01528565,0.009680912,0.016814216,0.011718999,0.01528565,0.013757085,0.014266607,0.012738042,0.020890389,0.017833259,0.021909432,0.011718999,0.009680912,0.009680912,0.012738042,0.00917139,0.010699955,0.010190434,0.008152347,0.001528565,0.006623782,0.007133304,0.012738042,0.005604739,0.013247564,0.010699955,0.016814216,0.006623782,0.00917139,0.007133304,0.011209477,0.005095217,0.165121188,0.127153194,1
0.009438197,0.01101123,0.015205984,0.009962541,0.010486885,0.008913853,0.012584263,0.008913853,0.009438197,0.014157295,0.016254672,0.011535574,0.005767787,0.006292131,0.011535574,0.009438197,0.009962541,0.010486885,0.01101123,0.008389508,0.007865164,0.009962541,0.012584263,0.009438197,0.009438197,0.01468164,0.016254672,0.009962541,0.009438197,0.008389508,0.009962541,0.008913853,0.015730328,0.008913853,0.015205984,0.012059918,0.01468164,0.014157295,0.012584263,0.013632951,0.020973771,0.015730328,0.023071148,0.013632951,0.009438197,0.009438197,0.01468164,0.008389508,0.010486885,0.010486885,0.009962541,0.002621721,0.006816476,0.006816476,0.012584263,0.004719098,0.012584263,0.010486885,0.017827705,0.006292131,0.008913853,0.006816476,0.01101123,0.006816476,0.166554235,0.128202717,1
0.008851413,0.01229363,0.014752355,0.009834904,0.011310139,0.008851413,0.012785375,0.009343158,0.008851413,0.01426061,0.016719336,0.011801884,0.003933961,0.006392687,0.011801884,0.008851413,0.010326649,0.010326649,0.011801884,0.008359668,0.007867923,0.009834904,0.011801884,0.010326649,0.010326649,0.013768865,0.016719336,0.011310139,0.007376178,0.007376178,0.011801884,0.008851413,0.016227591,0.009834904,0.015244101,0.011310139,0.014752355,0.01426061,0.014752355,0.011310139,0.021145043,0.016719336,0.023603769,0.01327712,0.010818394,0.010326649,0.01327712,0.008851413,0.010326649,0.009834904,0.009343158,0.001475236,0.006884433,0.006884433,0.012785375,0.004425707,0.01229363,0.010818394,0.017702827,0.006884433,0.008851413,0.006884433,0.010818394,0.005900942,0.165833686,0.127528486,1
0.007523979,0.011035169,0.013543161,0.01053357,0.009530373,0.009530373,0.015047957,0.01053357,0.010031971,0.013543161,0.014546359,0.015549556,0.009530373,0.005015986,0.009028774,0.008025577,0.009028774,0.011035169,0.012038366,0.005015986,0.008527176,0.009028774,0.009530373,0.009530373,0.009530373,0.01404476,0.012038366,0.011536767,0.012539964,0.009530373,0.01053357,0.007523979,0.014546359,0.009028774,0.014546359,0.011536767,0.013041563,0.012539964,0.012038366,0.013543161,0.019060746,0.016051154,0.023575133,0.012038366,0.01053357,0.00702238,0.015047957,0.011536767,0.011536767,0.013543161,0.013543161,0.004514387,0.006019183,0.005517584,0.01053357,0.006520781,0.011035169,0.007523979,0.020565542,0.005015986,0.01053357,0.00702238,0.009530373,0.005015986,0.170973642,0.13180434,1
0.007505365,0.010507511,0.014010015,0.010007154,0.009506796,0.00850608,0.013509657,0.011007869,0.010507511,0.016511803,0.014010015,0.014010015,0.009506796,0.006004292,0.008005723,0.009506796,0.00850608,0.010507511,0.012508942,0.006004292,0.008005723,0.008005723,0.011007869,0.00850608,0.009506796,0.013509657,0.014010015,0.011007869,0.011508227,0.00850608,0.010007154,0.009506796,0.013509657,0.00850608,0.016511803,0.013509657,0.0130093,0.0130093,0.012008584,0.014510373,0.020014307,0.014510373,0.020014307,0.012508942,0.009506796,0.008005723,0.01501073,0.010007154,0.012508942,0.0130093,0.012008584,0.003502504,0.007005007,0.006004292,0.011508227,0.006004292,0.012008584,0.008005723,0.019013592,0.005003577,0.010507511,0.007505365,0.011007869,0.006004292,0.169638592,0.13236245,1
0.007468395,0.011451539,0.013443111,0.00995786,0.008962074,0.00995786,0.01493679,0.00995786,0.010455753,0.01493679,0.013941004,0.015434683,0.008464181,0.00497893,0.007966288,0.008464181,0.007966288,0.010953646,0.012447325,0.005974716,0.007468395,0.008962074,0.010455753,0.010455753,0.010455753,0.013941004,0.01493679,0.00995786,0.010455753,0.010455753,0.011451539,0.007468395,0.01493679,0.009459967,0.015932576,0.010953646,0.013941004,0.012447325,0.012945218,0.013443111,0.019417827,0.015932576,0.025392543,0.013443111,0.009459967,0.007966288,0.01493679,0.010953646,0.011451539,0.011949432,0.013443111,0.002987358,0.006970502,0.005974716,0.010953646,0.005974716,0.010953646,0.007966288,0.01991572,0.004481037,0.011451539,0.006472609,0.008962074,0.004481037,0.167832659,0.131631877,1
0.007731812,0.013047433,0.01401391,0.009181527,0.010148004,0.009181527,0.015463625,0.009664765,0.010148004,0.01401391,0.014980386,0.015463625,0.008698289,0.005315621,0.008215051,0.007731812,0.008698289,0.01111448,0.012080957,0.005315621,0.007731812,0.009181527,0.009664765,0.009664765,0.010148004,0.013530672,0.012564195,0.011597719,0.012080957,0.009181527,0.01111448,0.007248574,0.015463625,0.008215051,0.014497148,0.011597719,0.012564195,0.012564195,0.012080957,0.01401391,0.018363054,0.016430101,0.024161914,0.013530672,0.01111448,0.007731812,0.014980386,0.01111448,0.012080957,0.012080957,0.013530672,0.003865906,0.006765336,0.005315621,0.010631242,0.006282098,0.01111448,0.007248574,0.020779246,0.004832383,0.009664765,0.006765336,0.009664765,0.005798859,0.169280871,0.131956587,1
0.008901581,0.01099607,0.014137805,0.009425203,0.009425203,0.008377958,0.014661427,0.010472448,0.012566938,0.016232294,0.012566938,0.014137805,0.009948826,0.005759846,0.008377958,0.008377958,0.008377958,0.010472448,0.012566938,0.005759846,0.007330714,0.008901581,0.01099607,0.009948826,0.008377958,0.014137805,0.014137805,0.01099607,0.012043315,0.008901581,0.01099607,0.007330714,0.014137805,0.008901581,0.015708672,0.01309056,0.013614182,0.013614182,0.011519693,0.013614182,0.019374029,0.013614182,0.022515763,0.01309056,0.009425203,0.007854336,0.014661427,0.01099607,0.012043315,0.012566938,0.01309056,0.004188979,0.006807091,0.006283469,0.010472448,0.005759846,0.011519693,0.008377958,0.019374029,0.004712602,0.010472448,0.006807091,0.009425203,0.005236224,0.169630968,0.131856746,1
0.008760397,0.011852301,0.013913571,0.009275714,0.010306349,0.008245079,0.014428889,0.010821667,0.012367619,0.015974841,0.013398254,0.013913571,0.009791032,0.005668492,0.008760397,0.008245079,0.008245079,0.010821667,0.012882936,0.006183809,0.007214444,0.008760397,0.010821667,0.009791032,0.008245079,0.013913571,0.013913571,0.010821667,0.012367619,0.008760397,0.010821667,0.007729762,0.013913571,0.008760397,0.015974841,0.012882936,0.013913571,0.013398254,0.011336984,0.013398254,0.019066746,0.014428889,0.022158651,0.012882936,0.009275714,0.007729762,0.014428889,0.010821667,0.012367619,0.012367619,0.012882936,0.00412254,0.006699127,0.006183809,0.010306349,0.005668492,0.011852301,0.008245079,0.019066746,0.004637857,0.010306349,0.006699127,0.009791032,0.006183809,0.169596029,0.131633502,1
0.00877029,0.011349787,0.013929285,0.00928619,0.010317989,0.008254391,0.014445184,0.010833888,0.012381586,0.015992882,0.013413385,0.013929285,0.009802089,0.005674894,0.00877029,0.008254391,0.008254391,0.010833888,0.012897486,0.006190793,0.007222592,0.00877029,0.010833888,0.009802089,0.008254391,0.013929285,0.013929285,0.010833888,0.012381586,0.00877029,0.010833888,0.007738491,0.013929285,0.00877029,0.015992882,0.012897486,0.013929285,0.013413385,0.011349787,0.013413385,0.019088279,0.014445184,0.022183675,0.012897486,0.00928619,0.007738491,0.014445184,0.010833888,0.011865687,0.012897486,0.012897486,0.004127195,0.006706693,0.006190793,0.010317989,0.005674894,0.011865687,0.008254391,0.019088279,0.004643095,0.010317989,0.006706693,0.009802089,0.005674894,0.169809452,0.13166272,1
0.008731282,0.011812911,0.013867331,0.009244887,0.010272097,0.008731282,0.014380936,0.010785702,0.012326516,0.01592175,0.013353726,0.013867331,0.009758492,0.005649653,0.008731282,0.008217678,0.008217678,0.010785702,0.012840121,0.006163258,0.007704073,0.008731282,0.010785702,0.009758492,0.008731282,0.013867331,0.013867331,0.010785702,0.012326516,0.008731282,0.010785702,0.007704073,0.013867331,0.009244887,0.01592175,0.012840121,0.013867331,0.013353726,0.011812911,0.013353726,0.019003379,0.014380936,0.022085008,0.012840121,0.009244887,0.007704073,0.014380936,0.010785702,0.012326516,0.012326516,0.012840121,0.004108839,0.006676863,0.006163258,0.010272097,0.005649653,0.011812911,0.008217678,0.019003379,0.004622444,0.010272097,0.006676863,0.009758492,0.005649653,0.169634748,0.131862662,1
0.007764723,0.011905909,0.013458854,0.009835316,0.009317668,0.009317668,0.015011798,0.009835316,0.009835316,0.013976502,0.01449415,0.015529446,0.009317668,0.005176482,0.008282371,0.008282371,0.008282371,0.010870612,0.011905909,0.005176482,0.007764723,0.009317668,0.009835316,0.009835316,0.009835316,0.013976502,0.012423557,0.011388261,0.012423557,0.009317668,0.010352964,0.007764723,0.015011798,0.008282371,0.015011798,0.011905909,0.012941205,0.012941205,0.011905909,0.013458854,0.019670632,0.015529446,0.024329466,0.012423557,0.010352964,0.007247075,0.015529446,0.011388261,0.011905909,0.012941205,0.013458854,0.004141186,0.006211779,0.005176482,0.010870612,0.006729427,0.010870612,0.007764723,0.020705929,0.005176482,0.010352964,0.007247075,0.009835316,0.005176482,0.169865767,0.131826792,1
0.007760112,0.011381498,0.013450862,0.009312135,0.009312135,0.009312135,0.015002884,0.010346817,0.010864157,0.014485543,0.014485543,0.015002884,0.009829476,0.005173408,0.007760112,0.008277453,0.007760112,0.010864157,0.011898839,0.00620809,0.006725431,0.009312135,0.010864157,0.010346817,0.009312135,0.013968202,0.013968202,0.011381498,0.011898839,0.009829476,0.010346817,0.007242772,0.014485543,0.008277453,0.016037566,0.011381498,0.013450862,0.012933521,0.011381498,0.012933521,0.019141611,0.015002884,0.023797678,0.012933521,0.010346817,0.007760112,0.015002884,0.011898839,0.011898839,0.013450862,0.013450862,0.004138727,0.006725431,0.005690749,0.011381498,0.005690749,0.010864157,0.007760112,0.01862427,0.005690749,0.010864157,0.006725431,0.009829476,0.005173408,0.170504356,0.13108552,1
0.008489063,0.011984559,0.013981985,0.009487776,0.010486489,0.008988419,0.012983272,0.008489063,0.010985846,0.017976838,0.014481342,0.010486489,0.006491636,0.006491636,0.010486489,0.006990993,0.011485202,0.008988419,0.015480055,0.006491636,0.008489063,0.009987132,0.010985846,0.010985846,0.009487776,0.014980699,0.015480055,0.009987132,0.007490349,0.007490349,0.012483915,0.008988419,0.012483915,0.010486489,0.013981985,0.012983272,0.016478768,0.014980699,0.014481342,0.012483915,0.015480055,0.015979412,0.025467188,0.016478768,0.009487776,0.008988419,0.016478768,0.007989706,0.010985846,0.009487776,0.010486489,0.00149807,0.006990993,0.006491636,0.011485202,0.00449421,0.013981985,0.009487776,0.017976838,0.005992279,0.008988419,0.006491636,0.008489063,0.005992279,0.166691444,0.130713794,1
0.008399997,0.012352937,0.014823524,0.009388232,0.010376467,0.008894115,0.012847054,0.008399997,0.011858819,0.017788229,0.014329407,0.011364702,0.006423527,0.006423527,0.00988235,0.006917645,0.010870585,0.008894115,0.016305877,0.006423527,0.008399997,0.009388232,0.010870585,0.011364702,0.010376467,0.014823524,0.014823524,0.009388232,0.007411762,0.007411762,0.013835289,0.008399997,0.015317642,0.010376467,0.013835289,0.012352937,0.016305877,0.014823524,0.014329407,0.012847054,0.015317642,0.016305877,0.025199991,0.016305877,0.009388232,0.009388232,0.016305877,0.008399997,0.010376467,0.008894115,0.010376467,0.001482352,0.007411762,0.006423527,0.011364702,0.004447057,0.014329407,0.009388232,0.018776464,0.006423527,0.008399997,0.006423527,0.008894115,0.00395294,0.16546649,0.130910221,1
0.008102856,0.012660712,0.013673569,0.009622141,0.010634998,0.008609284,0.013167141,0.008102856,0.012660712,0.017218569,0.012660712,0.011647855,0.00658357,0.00658357,0.01012857,0.007089999,0.011141427,0.008609284,0.016205712,0.006077142,0.008102856,0.01012857,0.011141427,0.011647855,0.008609284,0.015699283,0.014686426,0.009622141,0.007089999,0.007596427,0.013167141,0.009115713,0.014686426,0.009622141,0.013673569,0.013167141,0.016205712,0.015699283,0.013673569,0.012660712,0.015699283,0.015699283,0.023802139,0.015192855,0.008609284,0.008609284,0.01671214,0.009115713,0.01012857,0.009622141,0.010634998,0.001519285,0.007596427,0.00658357,0.010634998,0.004557856,0.014179998,0.009622141,0.019244283,0.00658357,0.009622141,0.00658357,0.009622141,0.006077142,0.166184717,0.130386114,1
0.008611657,0.012664201,0.013677337,0.009624793,0.010131361,0.008105089,0.013677337,0.008611657,0.011144497,0.017729881,0.013677337,0.010131361,0.006585384,0.005572248,0.010637929,0.00759852,0.010637929,0.008105089,0.015703609,0.006585384,0.008611657,0.009118225,0.011144497,0.010131361,0.008611657,0.015197041,0.015703609,0.010131361,0.008105089,0.008611657,0.012157633,0.009624793,0.013677337,0.010637929,0.013677337,0.012157633,0.014690473,0.015197041,0.013677337,0.014183905,0.016210177,0.014183905,0.022795561,0.016716745,0.009118225,0.008611657,0.017223313,0.008105089,0.011651065,0.009118225,0.010131361,0.002026272,0.00759852,0.006585384,0.011144497,0.005572248,0.014183905,0.010637929,0.017729881,0.006078816,0.009118225,0.008105089,0.008611657,0.008105089,0.166699896,0.129677107,1
0.009315425,0.011644281,0.013973137,0.010479853,0.009315425,0.007568783,0.012226495,0.009315425,0.012808709,0.019213064,0.012808709,0.011062067,0.006986569,0.006404355,0.009897639,0.008150997,0.011062067,0.006986569,0.01571978,0.005239927,0.008150997,0.008733211,0.009315425,0.012226495,0.008733211,0.014555351,0.013390923,0.009897639,0.008150997,0.008150997,0.013390923,0.009315425,0.013973137,0.010479853,0.014555351,0.014555351,0.015137565,0.01571978,0.013390923,0.012226495,0.016301994,0.013973137,0.025035204,0.01571978,0.009315425,0.008733211,0.017466422,0.008150997,0.011062067,0.009315425,0.011644281,0.001746642,0.006404355,0.006404355,0.011644281,0.005239927,0.01571978,0.008733211,0.019213064,0.006986569,0.009315425,0.006404355,0.009897639,0.004657712,0.165235915,0.131449504,1
0.009137369,0.010850625,0.013706053,0.010850625,0.01027954,0.007995198,0.011992797,0.009137369,0.012563882,0.019416909,0.012563882,0.01027954,0.007424112,0.006853027,0.009708454,0.007995198,0.010850625,0.007995198,0.015990395,0.005710856,0.007995198,0.009708454,0.01027954,0.012563882,0.008566283,0.014277139,0.014848224,0.009708454,0.008566283,0.007995198,0.013706053,0.009137369,0.014277139,0.01027954,0.013706053,0.013706053,0.01541931,0.016561481,0.013134968,0.012563882,0.01541931,0.014277139,0.024556679,0.01541931,0.009137369,0.008566283,0.015990395,0.008566283,0.01027954,0.01027954,0.011421711,0.001713257,0.006853027,0.006853027,0.011992797,0.00513977,0.01541931,0.009137369,0.017703652,0.006853027,0.008566283,0.007424112,0.009708454,0.003426513,0.165882682,0.131111004,1
0.008330452,0.010933719,0.014057638,0.009892412,0.009892412,0.009371759,0.011454372,0.008330452,0.011454372,0.019264171,0.013536985,0.010413065,0.006768493,0.006768493,0.009892412,0.007289146,0.010933719,0.008330452,0.016140251,0.006247839,0.008851106,0.009371759,0.010933719,0.011975025,0.009371759,0.015098945,0.015098945,0.009892412,0.007289146,0.007289146,0.013016332,0.009371759,0.013536985,0.010413065,0.014057638,0.013016332,0.016140251,0.015619598,0.015619598,0.011975025,0.015098945,0.015098945,0.02551201,0.016140251,0.008851106,0.008330452,0.017181558,0.008851106,0.010413065,0.009371759,0.010413065,0.00156196,0.007289146,0.006768493,0.011454372,0.004685879,0.015098945,0.009371759,0.017702211,0.006768493,0.008851106,0.007809799,0.008851106,0.004165226,0.16599451,0.131123571,1
0.009130893,0.010842936,0.01369634,0.010842936,0.010272255,0.007989532,0.011984297,0.009130893,0.012554978,0.019403148,0.012554978,0.010272255,0.007418851,0.00684817,0.009701574,0.007989532,0.010842936,0.007989532,0.015979063,0.005706808,0.007989532,0.010272255,0.010842936,0.012554978,0.008560212,0.014267021,0.014837701,0.009701574,0.008560212,0.007989532,0.01369634,0.009130893,0.014267021,0.010272255,0.01369634,0.01369634,0.015408382,0.015979063,0.013125659,0.012554978,0.015408382,0.014267021,0.024539275,0.015408382,0.009130893,0.008560212,0.015979063,0.008560212,0.010272255,0.010272255,0.011413616,0.001712042,0.00684817,0.00684817,0.011984297,0.005136127,0.015408382,0.009130893,0.017691106,0.00684817,0.008560212,0.007418851,0.009701574,0.003424085,0.165785302,0.131135922,1
0.008125096,0.012426618,0.015772246,0.008125096,0.010514831,0.009558937,0.013382512,0.008125096,0.011470724,0.016250193,0.015294299,0.011470724,0.004301522,0.008125096,0.010036884,0.006213309,0.012426618,0.010036884,0.013860459,0.006213309,0.006691256,0.010992778,0.013382512,0.011470724,0.011470724,0.013382512,0.015772246,0.011470724,0.007169203,0.008603043,0.012904565,0.00764715,0.015294299,0.010514831,0.013860459,0.012426618,0.014338406,0.015294299,0.014816352,0.012426618,0.017206087,0.017684034,0.024853236,0.015772246,0.011470724,0.009558937,0.014816352,0.008603043,0.008603043,0.008603043,0.010992778,0.001911787,0.010992778,0.006691256,0.010514831,0.004301522,0.011948671,0.009558937,0.019595821,0.005735362,0.007169203,0.006213309,0.008603043,0.003345628,0.164309136,0.129285416,1
0.007959114,0.012436116,0.014425895,0.009451448,0.009948893,0.008954004,0.012933561,0.008456559,0.010943782,0.017410562,0.01392845,0.010446337,0.00646678,0.007959114,0.010446337,0.00646678,0.011441227,0.008954004,0.015420784,0.00746167,0.009451448,0.009948893,0.009948893,0.010943782,0.009451448,0.014425895,0.014923339,0.009451448,0.008456559,0.00746167,0.012933561,0.007959114,0.012933561,0.009948893,0.012436116,0.012933561,0.015918229,0.014923339,0.013431005,0.012933561,0.014425895,0.015420784,0.026862011,0.017908007,0.009451448,0.008456559,0.017410562,0.008954004,0.011441227,0.008954004,0.010943782,0.001492334,0.007959114,0.00646678,0.011938671,0.004477002,0.013431005,0.009948893,0.018902896,0.00646678,0.008456559,0.006964225,0.007959114,0.003979557,0.166818595,0.131784461,1
0.014330798,0.012283541,0.016378054,0.011771727,0.009212656,0.008700841,0.010748098,0.010748098,0.014330798,0.014842612,0.013818983,0.014842612,0.006653585,0.008700841,0.012795355,0.008700841,0.009212656,0.008700841,0.011771727,0.006653585,0.007165399,0.007677213,0.009212656,0.008700841,0.00972447,0.010748098,0.011259912,0.009212656,0.013307169,0.007165399,0.011259912,0.006653585,0.017913497,0.009212656,0.016378054,0.012795355,0.011259912,0.010748098,0.013307169,0.012283541,0.018425311,0.011259912,0.016889869,0.012795355,0.010236284,0.009212656,0.01586624,0.010748098,0.013307169,0.009212656,0.013818983,0.005629956,0.008700841,0.005629956,0.007677213,0.006653585,0.013818983,0.010748098,0.017401683,0.009212656,0.011259912,0.003582699,0.011259912,0.003582699,0.168609311,0.133276122,1
0.013637641,0.013183053,0.015455993,0.010910113,0.010000937,0.009546349,0.011819289,0.009546349,0.012728465,0.013183053,0.013183053,0.015455993,0.005455056,0.009091761,0.013183053,0.008182584,0.009546349,0.009091761,0.010910113,0.007273408,0.007273408,0.007727996,0.008182584,0.010455525,0.008182584,0.010000937,0.013637641,0.008637173,0.011364701,0.00681882,0.013183053,0.00681882,0.017728933,0.009546349,0.015001405,0.013183053,0.010910113,0.010910113,0.011819289,0.011819289,0.018638109,0.012273877,0.019547285,0.014546817,0.010910113,0.009091761,0.015455993,0.011819289,0.012273877,0.009091761,0.013183053,0.00454588,0.008637173,0.005455056,0.008637173,0.006364232,0.015910581,0.010000937,0.018638109,0.008637173,0.011364701,0.004091292,0.011364701,0.005000468,0.16641259,0.133521848,1
0.01413977,0.013683649,0.015964257,0.010034676,0.010034676,0.009578554,0.012315284,0.009578554,0.012771405,0.012771405,0.013683649,0.015508135,0.005473459,0.009122432,0.012315284,0.008666311,0.009578554,0.009122432,0.01140304,0.007297946,0.007297946,0.007754068,0.008210189,0.010946919,0.008666311,0.009578554,0.01413977,0.008666311,0.010490797,0.006385703,0.013683649,0.006841824,0.018244865,0.009578554,0.015052013,0.013683649,0.01140304,0.010946919,0.012315284,0.010946919,0.018700986,0.013227527,0.019157108,0.01413977,0.010490797,0.009122432,0.015508135,0.011859162,0.01140304,0.009122432,0.012315284,0.004561216,0.008666311,0.005929581,0.008210189,0.005929581,0.016420378,0.010034676,0.018244865,0.008666311,0.010946919,0.004105095,0.011859162,0.005017338,0.165456166,0.133028784,1
0.01503933,0.014569351,0.014569351,0.01033954,0.009399582,0.009869561,0.012689435,0.01033954,0.012689435,0.011749477,0.013629393,0.01550931,0.005639749,0.008459623,0.012689435,0.009399582,0.009869561,0.007989644,0.011749477,0.007519665,0.007519665,0.007049686,0.008929602,0.008929602,0.008929602,0.009869561,0.014099372,0.009399582,0.01033954,0.005639749,0.012689435,0.007049686,0.017859205,0.009869561,0.01503933,0.014099372,0.011749477,0.01033954,0.012689435,0.009869561,0.018329184,0.012689435,0.018329184,0.014099372,0.011279498,0.008929602,0.015979289,0.011749477,0.011749477,0.009869561,0.011749477,0.004229812,0.008459623,0.00516977,0.007989644,0.006579707,0.016919247,0.01033954,0.017389226,0.008929602,0.010809519,0.00516977,0.012219456,0.004699791,0.166952729,0.133718404,1
0.013609777,0.013609777,0.01407908,0.011263264,0.010324658,0.009386053,0.013140474,0.009855356,0.012671172,0.011263264,0.013140474,0.015486987,0.006100934,0.008447448,0.013609777,0.008447448,0.009855356,0.009386053,0.010793961,0.007978145,0.007508842,0.007508842,0.008447448,0.00891675,0.007978145,0.010324658,0.01407908,0.00891675,0.011263264,0.006570237,0.012201869,0.006570237,0.016894895,0.009855356,0.015017685,0.012671172,0.011263264,0.010793961,0.011263264,0.011263264,0.017833501,0.012671172,0.019710711,0.015017685,0.010793961,0.009386053,0.015486987,0.012201869,0.012201869,0.009855356,0.012671172,0.004693027,0.00891675,0.004693027,0.008447448,0.006570237,0.01595629,0.010324658,0.018302803,0.008447448,0.011263264,0.004223724,0.011732566,0.004693027,0.16833525,0.133811708,1
0.016003644,0.012238081,0.016003644,0.010825995,0.008943213,0.008472518,0.01129669,0.009884604,0.012708776,0.012708776,0.014120863,0.016945035,0.00611904,0.008943213,0.012708776,0.008472518,0.008943213,0.008943213,0.010825995,0.007531127,0.00611904,0.007060431,0.008943213,0.009413908,0.008472518,0.010355299,0.013650167,0.009884604,0.010825995,0.007531127,0.012238081,0.007531127,0.017415731,0.008472518,0.01647434,0.013650167,0.012238081,0.010355299,0.012238081,0.012238081,0.019769208,0.012238081,0.017415731,0.012238081,0.010355299,0.009884604,0.015532949,0.011767386,0.012708776,0.008943213,0.012708776,0.004236259,0.008943213,0.005648345,0.009884604,0.006589736,0.015062254,0.011767386,0.01647434,0.008472518,0.011767386,0.004706954,0.01129669,0.00517765,0.16659104,0.13207278,1
0.01413977,0.013683649,0.015964257,0.010034676,0.010034676,0.009578554,0.012315284,0.009578554,0.012771405,0.012771405,0.013683649,0.015508135,0.005473459,0.009122432,0.012315284,0.008666311,0.009578554,0.009122432,0.01140304,0.007297946,0.007297946,0.007754068,0.008210189,0.010946919,0.008666311,0.009578554,0.01413977,0.008666311,0.010490797,0.006385703,0.013683649,0.006841824,0.018244865,0.009578554,0.015052013,0.013683649,0.01140304,0.010946919,0.012315284,0.010946919,0.018700986,0.013227527,0.019157108,0.01413977,0.010490797,0.009122432,0.015508135,0.011859162,0.01140304,0.009122432,0.012315284,0.004561216,0.008666311,0.005929581,0.008210189,0.005929581,0.016420378,0.010034676,0.018244865,0.008666311,0.010946919,0.004105095,0.011859162,0.005017338,0.165456166,0.133028784,1
0.015061211,0.011660292,0.016032902,0.011174447,0.00971691,0.009231065,0.011660292,0.009231065,0.013603674,0.01408952,0.012631983,0.015547056,0.006315992,0.007773528,0.013603674,0.009231065,0.009231065,0.009231065,0.010688601,0.007287683,0.007287683,0.006801837,0.008259374,0.009231065,0.009231065,0.00971691,0.012146138,0.00971691,0.010688601,0.005830146,0.012146138,0.007287683,0.017490438,0.009231065,0.016032902,0.013117829,0.011174447,0.011174447,0.013117829,0.010688601,0.017490438,0.010688601,0.017490438,0.014575365,0.011660292,0.009231065,0.015547056,0.012146138,0.012146138,0.00971691,0.013117829,0.005344301,0.008259374,0.00437261,0.007773528,0.006801837,0.015547056,0.011660292,0.017490438,0.009231065,0.011660292,0.00437261,0.012631983,0.004858455,0.169272689,0.133539005,1
0.014504962,0.013101256,0.015908668,0.010761746,0.010293844,0.008890138,0.012165452,0.00935804,0.012633354,0.013101256,0.013101256,0.015440766,0.006082726,0.007954334,0.01403706,0.00935804,0.00935804,0.00935804,0.011229648,0.007954334,0.00701853,0.00701853,0.008422236,0.008890138,0.009825942,0.009825942,0.013101256,0.008890138,0.010761746,0.006082726,0.01169755,0.00701853,0.018248178,0.008890138,0.014972864,0.013569158,0.01169755,0.011229648,0.013101256,0.010761746,0.017312374,0.012165452,0.017780276,0.01403706,0.010761746,0.00935804,0.015440766,0.01169755,0.012165452,0.00935804,0.012165452,0.005146922,0.008890138,0.004211118,0.007954334,0.006550628,0.015908668,0.01169755,0.017780276,0.008422236,0.011229648,0.004211118,0.012633354,0.005146922,0.168786313,0.133571816,1
0.013637641,0.013183053,0.015455993,0.010910113,0.010000937,0.009546349,0.011819289,0.009546349,0.012728465,0.013183053,0.013183053,0.015455993,0.005455056,0.009091761,0.013183053,0.008182584,0.009546349,0.009091761,0.010910113,0.007273408,0.007273408,0.007727996,0.008182584,0.010455525,0.008182584,0.010000937,0.013637641,0.008637173,0.011364701,0.00681882,0.013183053,0.00681882,0.017728933,0.009546349,0.015001405,0.013183053,0.010910113,0.010910113,0.011819289,0.011819289,0.018638109,0.012273877,0.019547285,0.014546817,0.010910113,0.009091761,0.015455993,0.011819289,0.012273877,0.009091761,0.013183053,0.00454588,0.008637173,0.005455056,0.008637173,0.006364232,0.015910581,0.010000937,0.018638109,0.008637173,0.011364701,0.004091292,0.011364701,0.005000468,0.16641259,0.133521848,1
0.008609071,0.011837473,0.015065874,0.010223272,0.009685205,0.008071004,0.013451674,0.009685205,0.011299406,0.017218142,0.012913607,0.011299406,0.005918736,0.008071004,0.01237554,0.007532937,0.011299406,0.011299406,0.014527807,0.006456803,0.010223272,0.009685205,0.011299406,0.010223272,0.010223272,0.01237554,0.015065874,0.011837473,0.00699487,0.011299406,0.010761339,0.00699487,0.014527807,0.009147138,0.015603941,0.015065874,0.016142008,0.016680075,0.01237554,0.010223272,0.01937041,0.015603941,0.024751079,0.013989741,0.009685205,0.00699487,0.016142008,0.008609071,0.011299406,0.008609071,0.007532937,0.002152268,0.007532937,0.007532937,0.01237554,0.005918736,0.013451674,0.010223272,0.020446544,0.004304536,0.00699487,0.00699487,0.009147138,0.003228402,0.165113424,0.128404681,1
0.008597304,0.011125922,0.015171712,0.009608751,0.009608751,0.009608751,0.01213737,0.010114475,0.011125922,0.017700331,0.015171712,0.010620199,0.005562961,0.006574409,0.012643094,0.007080132,0.01213737,0.01213737,0.015171712,0.006574409,0.011125922,0.010114475,0.010620199,0.009608751,0.010114475,0.013654541,0.012643094,0.011125922,0.00809158,0.008597304,0.01213737,0.007585856,0.013148817,0.010114475,0.014665989,0.013654541,0.018206055,0.015171712,0.014160265,0.01213737,0.017700331,0.016688884,0.021240397,0.014160265,0.009103027,0.007585856,0.01618316,0.008597304,0.010620199,0.00809158,0.009103027,0.002022895,0.007080132,0.006574409,0.010620199,0.004551514,0.013148817,0.011631646,0.020734674,0.005562961,0.007080132,0.006068685,0.010114475,0.003540066,0.16712435,0.129919642,1
0.008615478,0.011846283,0.015615555,0.010230881,0.009692413,0.008615478,0.013461685,0.009692413,0.011307815,0.016692489,0.012923218,0.011307815,0.005923141,0.008077011,0.01238475,0.007538544,0.011307815,0.011846283,0.014000152,0.006461609,0.010769348,0.009692413,0.011307815,0.010230881,0.010230881,0.01238475,0.015077087,0.011846283,0.007000076,0.011307815,0.010769348,0.007000076,0.015077087,0.009153946,0.015077087,0.015077087,0.015615555,0.016692489,0.01238475,0.010230881,0.019923294,0.015615555,0.025307968,0.013461685,0.009692413,0.007000076,0.015615555,0.008615478,0.011307815,0.008615478,0.007538544,0.00215387,0.007538544,0.007538544,0.01238475,0.005923141,0.012923218,0.010230881,0.020461761,0.004307739,0.007000076,0.007000076,0.009153946,0.003230804,0.164826729,0.128165576,1
0.008880345,0.011492211,0.01619357,0.009402718,0.008357971,0.009402718,0.012014584,0.008880345,0.010447464,0.016715943,0.014104077,0.012014584,0.005746105,0.008880345,0.012536957,0.006790852,0.012014584,0.010447464,0.015148823,0.006268479,0.011492211,0.011492211,0.010447464,0.010447464,0.010969838,0.014104077,0.012014584,0.010969838,0.005746105,0.009402718,0.012014584,0.008357971,0.014104077,0.008357971,0.015148823,0.015671196,0.015671196,0.016715943,0.014104077,0.010969838,0.018805436,0.015148823,0.024029168,0.014104077,0.008880345,0.006790852,0.017238316,0.008880345,0.010969838,0.008357971,0.006790852,0.002089493,0.008357971,0.006790852,0.011492211,0.005223732,0.01305933,0.011492211,0.021939675,0.004701359,0.007835598,0.006790852,0.009402718,0.004178986,0.164345602,0.128361064,1
0.008874849,0.011833132,0.017256652,0.008874849,0.009367897,0.008874849,0.01232618,0.009367897,0.010847038,0.018242746,0.014791416,0.011340085,0.005423519,0.006902661,0.01232618,0.006409613,0.011833132,0.010847038,0.014791416,0.006409613,0.010353991,0.008381802,0.01232618,0.009367897,0.010847038,0.014791416,0.013312274,0.011833132,0.006902661,0.009860944,0.01232618,0.006409613,0.014298368,0.009860944,0.014791416,0.013805321,0.017256652,0.016763604,0.014298368,0.011340085,0.018735793,0.01577751,0.021201029,0.015284463,0.010353991,0.007888755,0.016270557,0.008381802,0.011340085,0.007395708,0.008381802,0.001972189,0.006902661,0.006902661,0.011833132,0.005423519,0.01232618,0.010847038,0.021694076,0.004437425,0.006409613,0.006409613,0.008381802,0.003944377,0.166055861,0.129379711,1
0.00843752,0.01160159,0.015293006,0.00949221,0.008964865,0.010019555,0.013183625,0.010019555,0.011074245,0.015820351,0.014238316,0.0105469,0.005800795,0.007910175,0.01160159,0.00738283,0.0105469,0.012128935,0.01371097,0.00632814,0.0105469,0.010019555,0.01265628,0.00949221,0.0105469,0.013183625,0.014765661,0.012128935,0.006855485,0.0105469,0.011074245,0.00738283,0.014765661,0.00949221,0.015293006,0.014765661,0.015293006,0.015293006,0.013183625,0.011074245,0.020039111,0.015820351,0.022675836,0.014238316,0.010019555,0.006855485,0.016347696,0.008964865,0.011074245,0.008964865,0.00738283,0.00210938,0.007910175,0.00738283,0.01160159,0.00527345,0.01265628,0.010019555,0.021093801,0.00527345,0.00738283,0.006855485,0.00949221,0.003691415,0.165634995,0.12877737,1
0.008017567,0.012026351,0.015534037,0.009520861,0.009520861,0.009520861,0.013028547,0.009520861,0.010523057,0.017037331,0.014531841,0.011024155,0.005512078,0.007516469,0.012026351,0.007015372,0.011024155,0.011525253,0.014531841,0.006514274,0.010523057,0.010021959,0.012026351,0.009520861,0.011525253,0.013529645,0.014531841,0.011525253,0.007015372,0.010523057,0.011525253,0.007015372,0.015032939,0.009520861,0.015534037,0.014030743,0.015534037,0.015534037,0.014531841,0.011525253,0.019041723,0.016536233,0.023050506,0.014531841,0.009520861,0.007516469,0.015534037,0.008518665,0.011024155,0.008518665,0.007516469,0.002004392,0.008017567,0.007015372,0.011525253,0.005512078,0.013028547,0.010021959,0.021046115,0.004008784,0.007015372,0.006514274,0.009019763,0.003507686,0.165061685,0.129392378,1
0.007851845,0.012268508,0.01570369,0.009324066,0.009814806,0.009324066,0.012759248,0.009324066,0.011287027,0.01668517,0.014722209,0.011287027,0.005398143,0.007851845,0.011777767,0.007361105,0.011287027,0.011287027,0.014722209,0.006379624,0.010305546,0.009814806,0.011777767,0.009814806,0.011287027,0.013249988,0.014231469,0.011777767,0.006870364,0.010796287,0.011777767,0.006870364,0.014722209,0.009324066,0.01570369,0.014722209,0.01521295,0.01521295,0.014231469,0.011777767,0.018648132,0.01668517,0.022574054,0.014231469,0.009814806,0.007851845,0.01521295,0.008342585,0.011287027,0.008342585,0.007361105,0.001962961,0.008342585,0.007361105,0.011777767,0.005398143,0.013249988,0.009814806,0.021101833,0.003925922,0.006870364,0.006379624,0.009324066,0.004416663,0.164496123,0.129328573,1
0.008078115,0.012354764,0.015205863,0.009028481,0.009503665,0.009978848,0.011879581,0.009503665,0.011404397,0.017581779,0.015205863,0.011404397,0.005227016,0.007127748,0.011879581,0.006652565,0.011404397,0.011404397,0.015205863,0.006177382,0.010454031,0.008553298,0.010454031,0.010929214,0.010454031,0.01330513,0.012829947,0.011404397,0.007602932,0.009978848,0.01330513,0.008078115,0.014255497,0.009503665,0.015681047,0.013780314,0.016631413,0.01473068,0.015205863,0.01330513,0.017581779,0.017581779,0.020432879,0.013780314,0.009978848,0.007602932,0.01473068,0.008553298,0.010929214,0.007602932,0.009503665,0.001900733,0.007602932,0.007127748,0.010454031,0.005227016,0.013780314,0.011404397,0.020908062,0.004276649,0.006652565,0.005702199,0.010454031,0.004276649,0.165333665,0.129969608,1
0.009571043,0.011963804,0.01770643,0.008135387,0.009571043,0.009571043,0.011485252,0.009571043,0.011485252,0.018184982,0.014835117,0.0110067,0.005264074,0.007178282,0.011485252,0.005742626,0.012442356,0.011963804,0.014835117,0.005742626,0.010049595,0.008613939,0.010049595,0.012442356,0.010049595,0.013399461,0.012442356,0.011963804,0.00669973,0.009571043,0.012920908,0.007178282,0.013878013,0.008613939,0.014356565,0.013878013,0.01770643,0.016749326,0.015313669,0.009571043,0.016749326,0.016749326,0.023449056,0.015313669,0.010049595,0.007656835,0.016270773,0.009571043,0.011485252,0.007656835,0.008135387,0.001914209,0.007656835,0.006221178,0.0110067,0.004785522,0.012442356,0.0110067,0.021534847,0.005264074,0.007178282,0.005264074,0.009571043,0.006221178,0.165245403,0.128411607,1
0.009144054,0.013716081,0.011684069,0.010668063,0.010668063,0.008636051,0.016256096,0.009144054,0.010668063,0.013208078,0.011684069,0.014224084,0.005588033,0.007112042,0.010668063,0.007112042,0.009144054,0.010668063,0.012700075,0.006096036,0.007620045,0.009652057,0.011176066,0.009652057,0.009652057,0.011176066,0.022860135,0.011176066,0.006604039,0.006604039,0.013208078,0.008128048,0.015748093,0.010668063,0.014732087,0.012192072,0.012192072,0.012192072,0.012700075,0.010668063,0.017272102,0.01524009,0.022352132,0.017780105,0.011176066,0.01016006,0.01524009,0.012192072,0.010668063,0.009652057,0.010668063,0.001524009,0.008128048,0.007620045,0.014732087,0.00508003,0.015748093,0.008128048,0.015748093,0.005588033,0.009144054,0.011684069,0.006604039,0.004064024,0.165204438,0.131211392,1
0.008772509,0.012900748,0.015480898,0.009804569,0.009288539,0.009288539,0.013932808,0.008256479,0.012900748,0.015996928,0.012384718,0.013416778,0.005676329,0.006708389,0.009804569,0.007224419,0.010836629,0.009804569,0.014448838,0.005676329,0.011868689,0.009804569,0.008772509,0.011352659,0.008772509,0.011352659,0.020641197,0.010836629,0.006708389,0.008772509,0.012900748,0.007224419,0.015996928,0.008256479,0.016512958,0.012384718,0.012900748,0.014448838,0.013932808,0.010320599,0.018061048,0.016512958,0.022705317,0.015480898,0.010836629,0.008256479,0.014964868,0.012384718,0.011868689,0.009804569,0.008256479,0.00154809,0.006708389,0.008256479,0.014964868,0.005676329,0.013416778,0.007740449,0.017028988,0.006708389,0.008256479,0.011352659,0.007224419,0.00361221,0.163309292,0.128697637,1
0.009326459,0.013715381,0.013715381,0.010972305,0.009326459,0.007131998,0.014812612,0.008777844,0.013166766,0.014812612,0.012618151,0.014263996,0.006034768,0.007680613,0.010972305,0.007680613,0.01042369,0.008777844,0.015361227,0.006034768,0.009326459,0.008229229,0.007131998,0.01152092,0.008777844,0.01152092,0.019750149,0.01042369,0.007680613,0.009326459,0.014263996,0.006583383,0.017007073,0.008229229,0.017007073,0.013715381,0.014812612,0.012618151,0.013715381,0.01152092,0.018104303,0.018104303,0.019750149,0.013715381,0.008777844,0.008229229,0.015361227,0.012069535,0.010972305,0.009326459,0.008777844,0.001645846,0.007131998,0.008229229,0.014812612,0.006034768,0.015361227,0.008229229,0.017555688,0.006583383,0.008229229,0.010972305,0.007131998,0.003291691,0.16372836,0.129106587,1
0.007631548,0.0111538,0.013501969,0.009392674,0.010566758,0.007044506,0.012914927,0.009979716,0.012327885,0.01643718,0.011740843,0.014676053,0.007044506,0.007631548,0.0111538,0.00821859,0.008805632,0.009392674,0.014089011,0.007631548,0.007631548,0.0111538,0.009979716,0.011740843,0.009979716,0.008805632,0.01937239,0.010566758,0.008805632,0.008805632,0.013501969,0.007044506,0.015263095,0.009392674,0.017611264,0.014089011,0.013501969,0.014089011,0.011740843,0.009392674,0.018198306,0.014676053,0.01937239,0.014676053,0.008805632,0.010566758,0.017024222,0.010566758,0.009979716,0.010566758,0.009979716,0.002935211,0.00821859,0.008805632,0.014089011,0.007044506,0.015850138,0.008805632,0.015850138,0.007044506,0.008805632,0.0111538,0.005870421,0.002935211,0.164696126,0.129679233,1
0.007717015,0.01398709,0.013504777,0.010128583,0.011093209,0.008681642,0.013022463,0.009163956,0.011093209,0.014951717,0.013022463,0.013504777,0.005787761,0.007234702,0.009646269,0.007234702,0.009646269,0.010128583,0.013022463,0.005787761,0.007234702,0.010128583,0.010128583,0.01254015,0.009163956,0.011093209,0.020257165,0.011093209,0.007234702,0.009163956,0.013022463,0.008681642,0.016880971,0.008681642,0.015916344,0.012057836,0.011575523,0.013504777,0.014469404,0.011093209,0.017845598,0.016398657,0.022668732,0.015434031,0.010128583,0.009163956,0.014469404,0.012057836,0.011093209,0.009163956,0.010128583,0.001929254,0.008681642,0.007717015,0.01398709,0.005305448,0.015434031,0.008199329,0.016398657,0.005787761,0.009163956,0.010128583,0.008681642,0.005787761,0.163035979,0.128927869,1
0.010032584,0.012672738,0.01425683,0.010560615,0.012144707,0.007920461,0.013200769,0.008448492,0.012144707,0.015840922,0.013200769,0.013200769,0.005280307,0.005808338,0.012672738,0.00739243,0.010560615,0.010560615,0.014784861,0.006336369,0.010032584,0.010032584,0.008976523,0.011616676,0.008976523,0.011088646,0.019009107,0.011616676,0.00739243,0.008976523,0.011616676,0.006336369,0.016368953,0.008448492,0.016896984,0.012144707,0.012144707,0.01425683,0.01425683,0.010032584,0.017953045,0.015840922,0.020065168,0.015840922,0.011088646,0.010560615,0.015312892,0.011088646,0.010560615,0.010032584,0.008448492,0.002112123,0.007920461,0.008448492,0.01425683,0.004224246,0.014784861,0.00739243,0.017425015,0.00739243,0.00739243,0.009504553,0.007920461,0.004224246,0.1653512,0.127615628,1
0.008542291,0.014069657,0.014069657,0.010552242,0.01105473,0.010552242,0.013064681,0.009547267,0.011557218,0.013064681,0.013064681,0.013567169,0.005527365,0.005527365,0.01105473,0.007537316,0.010049755,0.012059706,0.012059706,0.006029853,0.008542291,0.010552242,0.012059706,0.010049755,0.009547267,0.010049755,0.021104485,0.01105473,0.005527365,0.007537316,0.013064681,0.008039804,0.017587071,0.009044779,0.01557712,0.011557218,0.012059706,0.012562193,0.012562193,0.009547267,0.017084583,0.016582095,0.024119411,0.017084583,0.011557218,0.010552242,0.014069657,0.012059706,0.011557218,0.009044779,0.009547267,0.001507463,0.008542291,0.007537316,0.014069657,0.005024877,0.015074632,0.007034828,0.016582095,0.006532341,0.009044779,0.011557218,0.007034828,0.005024877,0.162913528,0.129081257,1
0.008500947,0.013501504,0.01400156,0.01050117,0.011501281,0.008500947,0.013501504,0.009001003,0.011001226,0.015001671,0.011501281,0.01400156,0.005500613,0.006500724,0.01050117,0.007500836,0.009501059,0.010001114,0.013501504,0.006500724,0.008000891,0.01050117,0.01050117,0.011001226,0.010001114,0.011501281,0.02100234,0.011001226,0.006500724,0.009501059,0.013001449,0.00700078,0.017001894,0.009501059,0.015501727,0.011501281,0.012501393,0.013501504,0.014501616,0.01050117,0.017001894,0.016501839,0.023002563,0.015501727,0.010001114,0.010001114,0.015001671,0.011501281,0.011501281,0.009501059,0.008500947,0.001500167,0.008000891,0.007500836,0.015001671,0.005500613,0.015501727,0.008000891,0.016501839,0.006000669,0.009001003,0.010001114,0.007500836,0.005000557,0.163974823,0.128946397,1
0.007777057,0.011406351,0.013480233,0.01088788,0.011406351,0.008295528,0.012961762,0.008295528,0.01088788,0.015554115,0.012961762,0.013998703,0.006221646,0.006740116,0.01088788,0.007777057,0.009332469,0.01036941,0.013480233,0.006740116,0.007777057,0.01088788,0.01036941,0.01088788,0.008813998,0.011924821,0.02073882,0.01088788,0.007777057,0.008295528,0.011406351,0.007777057,0.016072585,0.008813998,0.016072585,0.011924821,0.012961762,0.013480233,0.014517174,0.01036941,0.018146467,0.015554115,0.022294231,0.015554115,0.009332469,0.009850939,0.015035644,0.012443292,0.01036941,0.01036941,0.01036941,0.002073882,0.007777057,0.007258587,0.014517174,0.005703175,0.015035644,0.008295528,0.015554115,0.006221646,0.009850939,0.01036941,0.007777057,0.004666234,0.165558255,0.128803401,1
0.008405403,0.013844193,0.012360886,0.010383144,0.01087758,0.008405403,0.015821934,0.008899838,0.01087758,0.013349757,0.011866451,0.014833064,0.00543879,0.007416532,0.010383144,0.006922096,0.009888709,0.010383144,0.012855322,0.005933225,0.007416532,0.009394274,0.01087758,0.009888709,0.009394274,0.01087758,0.022249595,0.011372015,0.006427661,0.006922096,0.013349757,0.007910967,0.015821934,0.010383144,0.014833064,0.012360886,0.012360886,0.012360886,0.012360886,0.01087758,0.01631637,0.015821934,0.02175516,0.017799676,0.011866451,0.010383144,0.014833064,0.012360886,0.01087758,0.009394274,0.01087758,0.001483306,0.008405403,0.007910967,0.014833064,0.004944355,0.01631637,0.007910967,0.015821934,0.00543879,0.008899838,0.011372015,0.006922096,0.004449919,0.16492747,0.131490884,1
0.007919118,0.011645762,0.014906575,0.013509084,0.010714101,0.00978244,0.012577423,0.011179931,0.014440745,0.013509084,0.017235728,0.013509084,0.006521627,0.006987457,0.012111592,0.005124135,0.00931661,0.00931661,0.012111592,0.006055796,0.007919118,0.007919118,0.00978244,0.00978244,0.008850779,0.010714101,0.012577423,0.011645762,0.010248271,0.005124135,0.011645762,0.00931661,0.017235728,0.012577423,0.017701558,0.008384949,0.011645762,0.010714101,0.014906575,0.010248271,0.018167389,0.013974914,0.01956488,0.014906575,0.014440745,0.00978244,0.017235728,0.008850779,0.013509084,0.010714101,0.013509084,0.002794983,0.006521627,0.007453288,0.006521627,0.005124135,0.014440745,0.00931661,0.017235728,0.010248271,0.00931661,0.003726644,0.010248271,0.004658305,0.170474851,0.12984777,1
0.008257929,0.011658252,0.014572816,0.012629773,0.011658252,0.00922945,0.012629773,0.012144013,0.011172492,0.015544337,0.016030097,0.012144013,0.007286408,0.006800647,0.010686731,0.006314887,0.00971521,0.010200971,0.011172492,0.006314887,0.008257929,0.007286408,0.008743689,0.011658252,0.008257929,0.010200971,0.013115534,0.011172492,0.008743689,0.005343366,0.014087055,0.010200971,0.017487379,0.011658252,0.015544337,0.008743689,0.010686731,0.011658252,0.014087055,0.010686731,0.019430421,0.012144013,0.022830744,0.014572816,0.014572816,0.00971521,0.017487379,0.007772168,0.011658252,0.012144013,0.013601294,0.003400324,0.006800647,0.007772168,0.007286408,0.004371845,0.014572816,0.00922945,0.017001618,0.011172492,0.010200971,0.004371845,0.00971521,0.003886084,0.171119683,0.129385173,1
0.007405251,0.012033533,0.015273331,0.013422018,0.01295919,0.008330908,0.012033533,0.011107877,0.012033533,0.015736159,0.016198987,0.012033533,0.006479595,0.006016767,0.012496362,0.006942423,0.010182221,0.010182221,0.011570705,0.006942423,0.007405251,0.00786808,0.008330908,0.011107877,0.00786808,0.009719392,0.012496362,0.011107877,0.010182221,0.006016767,0.013422018,0.009256564,0.017124644,0.011570705,0.015273331,0.008793736,0.011107877,0.011570705,0.013884846,0.012033533,0.018513128,0.013422018,0.022678582,0.014810503,0.014347674,0.009256564,0.016661815,0.007405251,0.013422018,0.010645049,0.013884846,0.002776969,0.007405251,0.006942423,0.006942423,0.004165454,0.014347674,0.009719392,0.018513128,0.009719392,0.009719392,0.004165454,0.009719392,0.003702626,0.171055885,0.130536352,1
0.007768679,0.010681934,0.014080731,0.012624104,0.011653019,0.008254222,0.012624104,0.011167476,0.011653019,0.015537358,0.014080731,0.013109646,0.007768679,0.007768679,0.013595189,0.006797594,0.009710849,0.008739764,0.010681934,0.009225307,0.008254222,0.006312052,0.008254222,0.010196391,0.008739764,0.009710849,0.014080731,0.011167476,0.010681934,0.005340967,0.012624104,0.008254222,0.016993986,0.011653019,0.015051816,0.009710849,0.011167476,0.011167476,0.015051816,0.010196391,0.018936156,0.012138561,0.022334953,0.014080731,0.013595189,0.009710849,0.016508443,0.008254222,0.010681934,0.012624104,0.014566273,0.004369882,0.007283137,0.006797594,0.007768679,0.005340967,0.014080731,0.010196391,0.016993986,0.009710849,0.010196391,0.004369882,0.008739764,0.004369882,0.173666778,0.130550893,1
0.007354391,0.011950885,0.015168432,0.012870184,0.012870184,0.00827369,0.012410535,0.010112288,0.011950885,0.01608773,0.01608773,0.012410535,0.006894742,0.006894742,0.011950885,0.006435092,0.010112288,0.010112288,0.011491236,0.006894742,0.007354391,0.007814041,0.00827369,0.011491236,0.007814041,0.009652638,0.012410535,0.011491236,0.010112288,0.005975443,0.013329834,0.008733339,0.017007029,0.011491236,0.015628081,0.009192989,0.011031587,0.011491236,0.013789483,0.012410535,0.017926328,0.013329834,0.022522823,0.015168432,0.013789483,0.009192989,0.017007029,0.00827369,0.012870184,0.010112288,0.014249133,0.003217546,0.007354391,0.007354391,0.006894742,0.004136845,0.015168432,0.009652638,0.017926328,0.009652638,0.009652638,0.003677196,0.010112288,0.004596494,0.170821577,0.130511273,1
0.008156833,0.010705844,0.01478426,0.013764656,0.01223525,0.008156833,0.012745052,0.010705844,0.012745052,0.015803864,0.016313667,0.011725448,0.007647031,0.007647031,0.011725448,0.006117625,0.00968624,0.010196042,0.011215646,0.007137229,0.007647031,0.008156833,0.009176437,0.011215646,0.008156833,0.010196042,0.011215646,0.01223525,0.010196042,0.006117625,0.012745052,0.008666635,0.017333271,0.01223525,0.015803864,0.008666635,0.011215646,0.01223525,0.013254854,0.010705844,0.017843073,0.011725448,0.021411687,0.014274458,0.013764656,0.008666635,0.017843073,0.008666635,0.01223525,0.010705844,0.01478426,0.003568615,0.007137229,0.007647031,0.006627427,0.005098021,0.015294062,0.00968624,0.016823469,0.010705844,0.00968624,0.004078417,0.010196042,0.003568615,0.172044188,0.129526962,1
0.008365849,0.012025908,0.015685967,0.012025908,0.012548774,0.006797253,0.012548774,0.010980177,0.01307164,0.016731699,0.017254564,0.012025908,0.007320118,0.006797253,0.011503043,0.006797253,0.010457312,0.008365849,0.012548774,0.007320118,0.006797253,0.006797253,0.007842984,0.010980177,0.008888715,0.010457312,0.010980177,0.010980177,0.010457312,0.006274387,0.013594505,0.008365849,0.016208833,0.012548774,0.016731699,0.00941158,0.012548774,0.011503043,0.014640236,0.012025908,0.018300295,0.013594505,0.021437489,0.014117371,0.01307164,0.008365849,0.017254564,0.007842984,0.01307164,0.009934446,0.014117371,0.003660059,0.006274387,0.007320118,0.006274387,0.00470579,0.014640236,0.009934446,0.01777743,0.009934446,0.009934446,0.003137193,0.009934446,0.005228656,0.171030559,0.129898156,1
0.007429265,0.011608227,0.015322859,0.013001214,0.013001214,0.007893594,0.012536885,0.010215239,0.012536885,0.016251517,0.015787188,0.012536885,0.006964936,0.006964936,0.012072556,0.006500607,0.010215239,0.010215239,0.011608227,0.006964936,0.007429265,0.007429265,0.008822252,0.010679569,0.007893594,0.00975091,0.012072556,0.012072556,0.00975091,0.006036278,0.012536885,0.008822252,0.016715846,0.011608227,0.015787188,0.009286581,0.011143898,0.011608227,0.013465543,0.012072556,0.017644505,0.013001214,0.021823466,0.01485853,0.014394201,0.009286581,0.017180175,0.008357923,0.013001214,0.010215239,0.013929872,0.003250303,0.007429265,0.007429265,0.006964936,0.004178962,0.015322859,0.009286581,0.017644505,0.00975091,0.00975091,0.003714633,0.010215239,0.004643291,0.171584367,0.130529047,1
0.007383026,0.011997418,0.015227492,0.013381735,0.012920296,0.008305905,0.011997418,0.01107454,0.012458857,0.015688931,0.01615037,0.012458857,0.006460148,0.006460148,0.012458857,0.006921587,0.010151661,0.010151661,0.011997418,0.006921587,0.007383026,0.007844466,0.008305905,0.011535979,0.007844466,0.009690222,0.011997418,0.01107454,0.010151661,0.005998709,0.012920296,0.009228783,0.017073249,0.011535979,0.015688931,0.009228783,0.01107454,0.011535979,0.013381735,0.011535979,0.018457566,0.012920296,0.022610519,0.014766053,0.014304614,0.009228783,0.01661181,0.007844466,0.013381735,0.010613101,0.013843175,0.002768635,0.007383026,0.007383026,0.006921587,0.004152952,0.014766053,0.009690222,0.017996127,0.009690222,0.009690222,0.004152952,0.010151661,0.004152952,0.170493616,0.130426067,1
0.007438063,0.012086852,0.015341004,0.013481488,0.013016609,0.00836782,0.012086852,0.011157094,0.012086852,0.015805883,0.016270762,0.012086852,0.006508305,0.006043426,0.01255173,0.006973184,0.010227336,0.010227336,0.011621973,0.006973184,0.007438063,0.007902941,0.00836782,0.011157094,0.007902941,0.009762457,0.01255173,0.011157094,0.010227336,0.005578547,0.01255173,0.009297578,0.01720052,0.011621973,0.015341004,0.008832699,0.011157094,0.011621973,0.013946367,0.011621973,0.018595156,0.013016609,0.022779066,0.014876125,0.014411246,0.009297578,0.016735641,0.007438063,0.013481488,0.010692215,0.013946367,0.002789273,0.007438063,0.006973184,0.006973184,0.00418391,0.014411246,0.009762457,0.017665398,0.009762457,0.009762457,0.00418391,0.009762457,0.003719031,0.171215412,0.13053647,1
0.009643922,0.013019295,0.01735906,0.009643922,0.010126119,0.009643922,0.013983688,0.00867953,0.010608315,0.016876864,0.012537099,0.011572707,0.006750746,0.00626855,0.010126119,0.00626855,0.011572707,0.010608315,0.012054903,0.00626855,0.008197334,0.010608315,0.012054903,0.011572707,0.007715138,0.013019295,0.016394668,0.012537099,0.007715138,0.008197334,0.011572707,0.010126119,0.016876864,0.008197334,0.013501491,0.011090511,0.013019295,0.015912472,0.013019295,0.012537099,0.015430276,0.015912472,0.025074198,0.01494808,0.010608315,0.009161726,0.01494808,0.009161726,0.011572707,0.010608315,0.00867953,0.002410981,0.009161726,0.00626855,0.010126119,0.004821961,0.015912472,0.00867953,0.01735906,0.004821961,0.008197334,0.006750746,0.010126119,0.007232942,0.165529813,0.129017259,1
0.011246315,0.011838227,0.017165429,0.010062493,0.007694847,0.00887867,0.013022049,0.009470581,0.011838227,0.016573517,0.014797783,0.010062493,0.008286759,0.005919113,0.011246315,0.008286759,0.012430138,0.007694847,0.011246315,0.006511025,0.008286759,0.011246315,0.010062493,0.010654404,0.008286759,0.013022049,0.014205872,0.010654404,0.007102936,0.008286759,0.012430138,0.010654404,0.014797783,0.00887867,0.016573517,0.014205872,0.013613961,0.014205872,0.013022049,0.013022049,0.015981606,0.015981606,0.025452187,0.015389695,0.00887867,0.00887867,0.015389695,0.007694847,0.011838227,0.010654404,0.007694847,0.002959557,0.008286759,0.005919113,0.010062493,0.005919113,0.018349251,0.008286759,0.018349251,0.004735291,0.00887867,0.007102936,0.010654404,0.007102936,0.163461424,0.128612624,1
0.009198965,0.012588058,0.01597715,0.010167277,0.009198965,0.009683121,0.01355637,0.008714809,0.011135589,0.017429618,0.014040526,0.012588058,0.006778185,0.005809873,0.010651433,0.006778185,0.012103901,0.009683121,0.014040526,0.006294029,0.008230653,0.010167277,0.011135589,0.009198965,0.008230653,0.013072214,0.014524682,0.013072214,0.007746497,0.008230653,0.012103901,0.009198965,0.015008838,0.008230653,0.016945462,0.011619745,0.015008838,0.01355637,0.01355637,0.01355637,0.015492994,0.016945462,0.022755335,0.014040526,0.010651433,0.010167277,0.014524682,0.008714809,0.012103901,0.010651433,0.007746497,0.001936624,0.009683121,0.005325717,0.010651433,0.005809873,0.016945462,0.008230653,0.017913774,0.004357405,0.007262341,0.007262341,0.010167277,0.006778185,0.165762149,0.129306629,1
0.009313689,0.012254854,0.016666602,0.009313689,0.010294077,0.007843107,0.014215631,0.008823495,0.010784272,0.018627378,0.014215631,0.012254854,0.006372524,0.005392136,0.010294077,0.006372524,0.012745048,0.010294077,0.013725437,0.00588233,0.008333301,0.009313689,0.012254854,0.009313689,0.009313689,0.014215631,0.015686213,0.012254854,0.00588233,0.009313689,0.01176466,0.008823495,0.014215631,0.008823495,0.01764699,0.01176466,0.015196019,0.016666602,0.014215631,0.01176466,0.01764699,0.015686213,0.019607767,0.014705825,0.009803883,0.010294077,0.015686213,0.009313689,0.011274466,0.009803883,0.007843107,0.001470582,0.008823495,0.005392136,0.010784272,0.00588233,0.014705825,0.009313689,0.01764699,0.00588233,0.008823495,0.00588233,0.009803883,0.006372524,0.166462414,0.128638375,1
0.009313689,0.012254854,0.016666602,0.009313689,0.010294077,0.007843107,0.014215631,0.008823495,0.010784272,0.018627378,0.014215631,0.012254854,0.006372524,0.005392136,0.010294077,0.006372524,0.012745048,0.010294077,0.013725437,0.00588233,0.008333301,0.009313689,0.012254854,0.009313689,0.009313689,0.014215631,0.015686213,0.012254854,0.00588233,0.009313689,0.01176466,0.008823495,0.014215631,0.008823495,0.01764699,0.01176466,0.015196019,0.016666602,0.014215631,0.01176466,0.01764699,0.015686213,0.019607767,0.014705825,0.009803883,0.010294077,0.015686213,0.009313689,0.011274466,0.009803883,0.007843107,0.001470582,0.008823495,0.005392136,0.010784272,0.00588233,0.014705825,0.009313689,0.01764699,0.00588233,0.008823495,0.00588233,0.009803883,0.006372524,0.166462414,0.128638375,1
0.010001451,0.013001886,0.016502394,0.009501379,0.010001451,0.009001306,0.015002177,0.008501233,0.011001596,0.017502539,0.012501814,0.011501669,0.007001016,0.006000871,0.010501524,0.006500943,0.012001741,0.010501524,0.013501959,0.006500943,0.008501233,0.010001451,0.011501669,0.009501379,0.008501233,0.013501959,0.016502394,0.012001741,0.007501088,0.007501088,0.011501669,0.009501379,0.015502249,0.008501233,0.014002032,0.012001741,0.015002177,0.015002177,0.014002032,0.013001886,0.015002177,0.017002467,0.024003483,0.014502104,0.009501379,0.009501379,0.015502249,0.008501233,0.011501669,0.010501524,0.008001161,0.00200029,0.009001306,0.005500798,0.010001451,0.005000726,0.015502249,0.009001306,0.017502539,0.005000726,0.008001161,0.006500943,0.010001451,0.007501088,0.166829196,0.129568718,1
0.010492855,0.012591427,0.016263926,0.009968213,0.00944357,0.00944357,0.014689998,0.008394284,0.011542141,0.016263926,0.012591427,0.012066784,0.007344999,0.006295713,0.010492855,0.006820356,0.012066784,0.009968213,0.012591427,0.006295713,0.008394284,0.010492855,0.011542141,0.009968213,0.007869642,0.013640712,0.015739283,0.012591427,0.007869642,0.007869642,0.011017498,0.00944357,0.015739283,0.008394284,0.014689998,0.012591427,0.014689998,0.014689998,0.013116069,0.012591427,0.015739283,0.016263926,0.023084282,0.013640712,0.00944357,0.00944357,0.015739283,0.008918927,0.011017498,0.011017498,0.008394284,0.002098571,0.008918927,0.00577107,0.010492855,0.005246428,0.016263926,0.008918927,0.017313211,0.005246428,0.007869642,0.006820356,0.010492855,0.007869642,0.166328132,0.129076624,1
0.009506146,0.012007763,0.016010351,0.009506146,0.010506793,0.008005176,0.014009057,0.009005823,0.010506793,0.018511969,0.014009057,0.012007763,0.007004529,0.005003235,0.010506793,0.007004529,0.012508087,0.010506793,0.014009057,0.006504205,0.008505499,0.009506146,0.01150744,0.009506146,0.009506146,0.014009057,0.015510028,0.01150744,0.006003882,0.009005823,0.012007763,0.009005823,0.014009057,0.009005823,0.017010998,0.012007763,0.015510028,0.016010351,0.015009704,0.01150744,0.017010998,0.016010351,0.020513262,0.014509381,0.008505499,0.010506793,0.016010351,0.009005823,0.011007116,0.010006469,0.007504852,0.00150097,0.009005823,0.005503558,0.010006469,0.006003882,0.015009704,0.009506146,0.018011645,0.006003882,0.008505499,0.006003882,0.010506793,0.006504205,0.166536442,0.128507784,1
0.010323006,0.012387607,0.016516809,0.009806855,0.009290705,0.009290705,0.014968358,0.008258404,0.011355306,0.017032959,0.011871456,0.012387607,0.007226104,0.006193803,0.010839156,0.006709954,0.011871456,0.010323006,0.013419907,0.006709954,0.008774555,0.010323006,0.011871456,0.009290705,0.007742254,0.013936057,0.016000659,0.012387607,0.007742254,0.007742254,0.010839156,0.009290705,0.015484508,0.008258404,0.014452208,0.012387607,0.014968358,0.014968358,0.012903757,0.012903757,0.015484508,0.015484508,0.023226762,0.013936057,0.009806855,0.009290705,0.015484508,0.009290705,0.011355306,0.010839156,0.008258404,0.002064601,0.008774555,0.005677653,0.010323006,0.005161503,0.016000659,0.009290705,0.017032959,0.005161503,0.007742254,0.006709954,0.010323006,0.007742254,0.167002039,0.129485134,1
0.010235935,0.012673062,0.017059892,0.009261084,0.01072336,0.007798808,0.014135339,0.008773659,0.011210786,0.017547317,0.014622764,0.012185637,0.006336531,0.005849106,0.010235935,0.006336531,0.012673062,0.01072336,0.013160488,0.005849106,0.007798808,0.008773659,0.012185637,0.009748509,0.009261084,0.014135339,0.015597615,0.012185637,0.005849106,0.008286233,0.012673062,0.008773659,0.01511019,0.008773659,0.017059892,0.012185637,0.01511019,0.016572466,0.014135339,0.011698211,0.017547317,0.015597615,0.019009593,0.014622764,0.010235935,0.010235935,0.015597615,0.008773659,0.011210786,0.009748509,0.008286233,0.001462276,0.008773659,0.00536168,0.01072336,0.00536168,0.01511019,0.009748509,0.017547317,0.005849106,0.008286233,0.005849106,0.009748509,0.007311382,0.166501588,0.128193752,1
0.010905098,0.010905098,0.015267137,0.010905098,0.010359843,0.008724078,0.013086117,0.009269333,0.012540862,0.015812392,0.011450353,0.012540862,0.007088313,0.007088313,0.011995607,0.007633568,0.011450353,0.010359843,0.011995607,0.007633568,0.009814588,0.011995607,0.010359843,0.010359843,0.007088313,0.011450353,0.013086117,0.012540862,0.008724078,0.009814588,0.010905098,0.008178823,0.014176627,0.008178823,0.015812392,0.013086117,0.013086117,0.015267137,0.010905098,0.011450353,0.015267137,0.015267137,0.02344596,0.013631372,0.010905098,0.008724078,0.015812392,0.009269333,0.011450353,0.011995607,0.009269333,0.002726274,0.008178823,0.006543059,0.009814588,0.006543059,0.016357646,0.008178823,0.019629176,0.005452549,0.008724078,0.005452549,0.010905098,0.006543059,0.167124254,0.129496948,1
0.010408468,0.012886675,0.016851806,0.009417186,0.01090411,0.009417186,0.013382316,0.008921544,0.01090411,0.016356164,0.013877958,0.013382316,0.00743462,0.004956413,0.011399751,0.006938979,0.012391034,0.010408468,0.012886675,0.00743462,0.008921544,0.009417186,0.01090411,0.009912827,0.00743462,0.012391034,0.012886675,0.012886675,0.008425903,0.008921544,0.011399751,0.007930261,0.014373599,0.008425903,0.014373599,0.011399751,0.01486924,0.01486924,0.011895392,0.011895392,0.014373599,0.015860523,0.023790784,0.01486924,0.011895392,0.009912827,0.015860523,0.008425903,0.012391034,0.01090411,0.009912827,0.002478207,0.008425903,0.005452055,0.009417186,0.005947696,0.015860523,0.008921544,0.018834371,0.004956413,0.007930261,0.005452055,0.009912827,0.005452055,0.168695572,0.129971927,1
0.010415092,0.012607743,0.015896719,0.010963254,0.009318766,0.007674278,0.013704068,0.009318766,0.01205958,0.016993044,0.01205958,0.013155905,0.008222441,0.005481627,0.011511417,0.007674278,0.012607743,0.008222441,0.013155905,0.006577953,0.008222441,0.011511417,0.009866929,0.010963254,0.007674278,0.01205958,0.013155905,0.012607743,0.008222441,0.009318766,0.011511417,0.008222441,0.014800393,0.008222441,0.015348556,0.012607743,0.014800393,0.015348556,0.01205958,0.011511417,0.015348556,0.015896719,0.022474671,0.013155905,0.011511417,0.009318766,0.015348556,0.008222441,0.01205958,0.011511417,0.009866929,0.002740814,0.008222441,0.00602979,0.009866929,0.005481627,0.015896719,0.008770603,0.019185695,0.005481627,0.008222441,0.005481627,0.010415092,0.00602979,0.167924755,0.129878803,1
0.010376556,0.011933039,0.015564834,0.010376556,0.009857728,0.009857728,0.013489522,0.008820072,0.011414211,0.016083661,0.012451867,0.012970695,0.007782417,0.005188278,0.011933039,0.007263589,0.011933039,0.010376556,0.012970695,0.007263589,0.0093389,0.009857728,0.010895384,0.010376556,0.006744761,0.012970695,0.013489522,0.012451867,0.008820072,0.0093389,0.011414211,0.007782417,0.01400835,0.008301245,0.015046006,0.011933039,0.015046006,0.015046006,0.011933039,0.011933039,0.015046006,0.016083661,0.022828423,0.01400835,0.011414211,0.008820072,0.015564834,0.008820072,0.011933039,0.011414211,0.009857728,0.002594139,0.008301245,0.005707106,0.008820072,0.006225933,0.016083661,0.008820072,0.019196628,0.005188278,0.007782417,0.005707106,0.010376556,0.005707106,0.168939814,0.130123846,1
0.010593793,0.012107192,0.016647389,0.00958486,0.010089327,0.00958486,0.013620591,0.009080394,0.011098259,0.016142922,0.012611658,0.013620591,0.007566995,0.005044663,0.011602726,0.007062529,0.012107192,0.010593793,0.013116124,0.007566995,0.009080394,0.00958486,0.010593793,0.010089327,0.007566995,0.012611658,0.013116124,0.012611658,0.008575928,0.009080394,0.011602726,0.007566995,0.014629523,0.008575928,0.014629523,0.011602726,0.01513399,0.014629523,0.012107192,0.011602726,0.014629523,0.015638456,0.024214384,0.014629523,0.011098259,0.010089327,0.016142922,0.008575928,0.012107192,0.011098259,0.009080394,0.002522332,0.008575928,0.00554913,0.00958486,0.006053596,0.016142922,0.009080394,0.01916972,0.005044663,0.007566995,0.00554913,0.010089327,0.00554913,0.168402093,0.12938078,1
0.010202971,0.013118105,0.016519096,0.009231259,0.010688827,0.009231259,0.013603961,0.008745404,0.011174682,0.016519096,0.013603961,0.013118105,0.007287836,0.005344413,0.011174682,0.006801981,0.012146394,0.010202971,0.013603961,0.007287836,0.008745404,0.009231259,0.010688827,0.009717115,0.007773692,0.01263225,0.013118105,0.01263225,0.008259548,0.009231259,0.011660538,0.008259548,0.014575673,0.008259548,0.014575673,0.011660538,0.015061528,0.014575673,0.01263225,0.01263225,0.014089817,0.017004951,0.023321076,0.014575673,0.011660538,0.009717115,0.015547384,0.008259548,0.012146394,0.010688827,0.009717115,0.002429279,0.008745404,0.005344413,0.009231259,0.006316125,0.015547384,0.008745404,0.01943423,0.004858558,0.007773692,0.005344413,0.010202971,0.005344413,0.168427771,0.129996521,1
0.010694954,0.012222805,0.016297073,0.009676387,0.009676387,0.009676387,0.013750655,0.009167103,0.011204237,0.016297073,0.012732088,0.013241372,0.007639253,0.005092835,0.011713521,0.007129969,0.012222805,0.01018567,0.013241372,0.007639253,0.009167103,0.009676387,0.010694954,0.01018567,0.007639253,0.012732088,0.013241372,0.012222805,0.00865782,0.009167103,0.011713521,0.007639253,0.014259939,0.00865782,0.014769222,0.011713521,0.015278506,0.014769222,0.012222805,0.011713521,0.014769222,0.015787789,0.024445609,0.014259939,0.010694954,0.009676387,0.015787789,0.00865782,0.011713521,0.011204237,0.009167103,0.002546418,0.00865782,0.005602119,0.009167103,0.006111402,0.015787789,0.009167103,0.019352774,0.005092835,0.007639253,0.005602119,0.01018567,0.005602119,0.168015784,0.129682239,1
0.010872808,0.011908313,0.016050335,0.009837302,0.009837302,0.009837302,0.013461572,0.008801797,0.011390561,0.016050335,0.012943819,0.012943819,0.007766291,0.005177528,0.011390561,0.007248539,0.011908313,0.010355055,0.012943819,0.007248539,0.00931955,0.009837302,0.010872808,0.010355055,0.006730786,0.012943819,0.013461572,0.012426066,0.008801797,0.00931955,0.011390561,0.007766291,0.013979324,0.008284044,0.01501483,0.011908313,0.01501483,0.01501483,0.011908313,0.011908313,0.01501483,0.016050335,0.023816627,0.014497077,0.010872808,0.00931955,0.016050335,0.008801797,0.011908313,0.011390561,0.00931955,0.002588764,0.008801797,0.00569528,0.008801797,0.006213033,0.016050335,0.008801797,0.019156852,0.005177528,0.007766291,0.00569528,0.010355055,0.00569528,0.168155799,0.129771462,1
0.010060959,0.011649531,0.0153562,0.010590483,0.010060959,0.00900191,0.013767628,0.00900191,0.011649531,0.015885724,0.012179055,0.013238104,0.007942862,0.005295241,0.012179055,0.007413338,0.011649531,0.010060959,0.012708579,0.007413338,0.00900191,0.011120007,0.010590483,0.010590483,0.006883814,0.012708579,0.013238104,0.012708579,0.00900191,0.00900191,0.011120007,0.007942862,0.014297152,0.007942862,0.0153562,0.012179055,0.014297152,0.0153562,0.012179055,0.011649531,0.0153562,0.015885724,0.022240014,0.013767628,0.011120007,0.00900191,0.015885724,0.00900191,0.011649531,0.011649531,0.009531435,0.002647621,0.008472386,0.005824766,0.00900191,0.005824766,0.015885724,0.00900191,0.019592393,0.005295241,0.007942862,0.005824766,0.010590483,0.005824766,0.169022827,0.129887206,1
0.010408468,0.012886675,0.016851806,0.009417186,0.01090411,0.009417186,0.013382316,0.008921544,0.01090411,0.016356164,0.013877958,0.013382316,0.00743462,0.004956413,0.011399751,0.006938979,0.012391034,0.010408468,0.012886675,0.00743462,0.008921544,0.009417186,0.01090411,0.009912827,0.00743462,0.012391034,0.012886675,0.012886675,0.008425903,0.008921544,0.011399751,0.007930261,0.014373599,0.008425903,0.014373599,0.011399751,0.01486924,0.01486924,0.011895392,0.011895392,0.014373599,0.015860523,0.023790784,0.01486924,0.011895392,0.009912827,0.015860523,0.008425903,0.012391034,0.01090411,0.009912827,0.002478207,0.008425903,0.005452055,0.009417186,0.005947696,0.015860523,0.008921544,0.018834371,0.004956413,0.007930261,0.005452055,0.009912827,0.005452055,0.168695572,0.129971927,1
0.010198502,0.012882319,0.011272029,0.011272029,0.011272029,0.010198502,0.011272029,0.009124976,0.010198502,0.013419082,0.012345556,0.015029372,0.006441159,0.007514686,0.010735266,0.008051449,0.010198502,0.010198502,0.012882319,0.005904396,0.009661739,0.011808792,0.009661739,0.011272029,0.006977923,0.012345556,0.018249952,0.011808792,0.006977923,0.006977923,0.011808792,0.008588213,0.013419082,0.009124976,0.015029372,0.013419082,0.012345556,0.013419082,0.012882319,0.009661739,0.017713188,0.014492609,0.021470531,0.015566135,0.009661739,0.010198502,0.018249952,0.010735266,0.011808792,0.009661739,0.011272029,0.002147053,0.005904396,0.006977923,0.015566135,0.00483087,0.016102898,0.008051449,0.017176425,0.006441159,0.011808792,0.008588213,0.006977923,0.00483087,0.166415514,0.131498111,1
0.009954619,0.013098183,0.011526401,0.011002474,0.012050328,0.010478547,0.011002474,0.008906765,0.009954619,0.01362211,0.013098183,0.014669965,0.006287128,0.007334983,0.011002474,0.00785891,0.010478547,0.010478547,0.01362211,0.006287128,0.009954619,0.011526401,0.009430692,0.011526401,0.007334983,0.012050328,0.017813529,0.011526401,0.007334983,0.006811055,0.011526401,0.008906765,0.013098183,0.009430692,0.015193892,0.013098183,0.013098183,0.01362211,0.013098183,0.009430692,0.017289602,0.015193892,0.020957093,0.015193892,0.009430692,0.009954619,0.017813529,0.010478547,0.012050328,0.009430692,0.011002474,0.002095709,0.005763201,0.006811055,0.015193892,0.004715346,0.016241747,0.008382837,0.016765674,0.006287128,0.011526401,0.008382837,0.007334983,0.005239273,0.166535381,0.131402003,1
0.009372806,0.013319251,0.011839334,0.010359417,0.011839334,0.010852723,0.011346029,0.008879501,0.009372806,0.014305862,0.013319251,0.014305862,0.005919667,0.007399584,0.010359417,0.007399584,0.010359417,0.010852723,0.013319251,0.005919667,0.009372806,0.010852723,0.009372806,0.01233264,0.006906278,0.011839334,0.018745612,0.011839334,0.006906278,0.007399584,0.012825945,0.008386195,0.013319251,0.009372806,0.014799168,0.012825945,0.012825945,0.013319251,0.013812557,0.010359417,0.017759001,0.015785779,0.021705446,0.015785779,0.010359417,0.009866112,0.017759001,0.009866112,0.011839334,0.008879501,0.011346029,0.001973222,0.006412973,0.006906278,0.014799168,0.00443975,0.016279084,0.008386195,0.017265696,0.005919667,0.010852723,0.007892889,0.006906278,0.005426361,0.166160049,0.13137279,1
0.009820188,0.012404448,0.010853892,0.010853892,0.010853892,0.01033704,0.010853892,0.009303336,0.009820188,0.014471856,0.011887596,0.014988708,0.006202224,0.007235928,0.010853892,0.008269632,0.009820188,0.009820188,0.013438152,0.007235928,0.009820188,0.010853892,0.009303336,0.011370744,0.007235928,0.012404448,0.01808982,0.011370744,0.007235928,0.008269632,0.012404448,0.008786484,0.0129213,0.009303336,0.01550556,0.0129213,0.013438152,0.0129213,0.013438152,0.009820188,0.017572968,0.013955004,0.02067408,0.014988708,0.009820188,0.01033704,0.017572968,0.01033704,0.011370744,0.009820188,0.011370744,0.002067408,0.006202224,0.006719076,0.01550556,0.006202224,0.016022412,0.008786484,0.016539264,0.006719076,0.011370744,0.008786484,0.007235928,0.00516852,0.166748609,0.131366375,1
0.010526664,0.012742804,0.011080699,0.011634734,0.011080699,0.009418594,0.011634734,0.008864559,0.010526664,0.013850874,0.012188769,0.014404909,0.006648419,0.007756489,0.010526664,0.008310524,0.010526664,0.009972629,0.013296839,0.005540349,0.009418594,0.011634734,0.008864559,0.011634734,0.006648419,0.012188769,0.018837188,0.011634734,0.006648419,0.007202454,0.012188769,0.008864559,0.013296839,0.009418594,0.014958944,0.013850874,0.012742804,0.013296839,0.012742804,0.009418594,0.017729118,0.014404909,0.021053328,0.015512979,0.009972629,0.010526664,0.018283153,0.009972629,0.011634734,0.009418594,0.011634734,0.00221614,0.006094384,0.007202454,0.016067013,0.004986315,0.016621048,0.007756489,0.016621048,0.006648419,0.011634734,0.008864559,0.006648419,0.00443228,0.166277714,0.131760006,1
0.011084555,0.01225135,0.011667953,0.01225135,0.011667953,0.00991776,0.010501157,0.009334362,0.011084555,0.013418146,0.012834748,0.014584941,0.007000772,0.008167567,0.011084555,0.008750964,0.011084555,0.00991776,0.014001543,0.005833976,0.00991776,0.011084555,0.008750964,0.011667953,0.006417374,0.010501157,0.017501929,0.010501157,0.007000772,0.007584169,0.012834748,0.008750964,0.013418146,0.009334362,0.014584941,0.014584941,0.013418146,0.012834748,0.010501157,0.00991776,0.017501929,0.014584941,0.019835519,0.015168338,0.00991776,0.00991776,0.017501929,0.00991776,0.011667953,0.00991776,0.011667953,0.002333591,0.005833976,0.007584169,0.015751736,0.005250579,0.016918531,0.007584169,0.016918531,0.007000772,0.011667953,0.008750964,0.007000772,0.004667181,0.165508628,0.132080623,1
0.009699009,0.013272328,0.011230431,0.010719957,0.011740905,0.010209483,0.012251379,0.009188534,0.009699009,0.014293276,0.012761853,0.014293276,0.00612569,0.007146638,0.010719957,0.007657112,0.010209483,0.010719957,0.013782802,0.00612569,0.009699009,0.011230431,0.009188534,0.011230431,0.007657112,0.012251379,0.018887543,0.011230431,0.007146638,0.007146638,0.012251379,0.00867806,0.013272328,0.009699009,0.015314224,0.012761853,0.013272328,0.013272328,0.013782802,0.010209483,0.017356121,0.015824698,0.020418965,0.015314224,0.009188534,0.009699009,0.017866595,0.010209483,0.011740905,0.009188534,0.010719957,0.002041897,0.00612569,0.006636164,0.01480375,0.004594267,0.016335172,0.008167586,0.017356121,0.00612569,0.011230431,0.008167586,0.007146638,0.005615215,0.166600195,0.131497868,1
0.009765117,0.012334885,0.010793024,0.010793024,0.011820931,0.009765117,0.010793024,0.00873721,0.01027907,0.014904652,0.012848838,0.014390699,0.008223256,0.007195349,0.010793024,0.007709303,0.009765117,0.01027907,0.013362792,0.007709303,0.009765117,0.010793024,0.009251163,0.01027907,0.007709303,0.011820931,0.017988373,0.011306978,0.007195349,0.006681396,0.011306978,0.00873721,0.012848838,0.00873721,0.015418606,0.013362792,0.013362792,0.013362792,0.013876745,0.01027907,0.016960466,0.015418606,0.021586048,0.014904652,0.009251163,0.009765117,0.01747442,0.01027907,0.011306978,0.009765117,0.012848838,0.002055814,0.006167442,0.006167442,0.014904652,0.004625582,0.015932559,0.00873721,0.016446513,0.006167442,0.011306978,0.008223256,0.007709303,0.005653489,0.168208773,0.131786528,1
0.009372789,0.014305835,0.011839312,0.010359398,0.011839312,0.010359398,0.011839312,0.008879484,0.009866093,0.014305835,0.013319226,0.014305835,0.005919656,0.006906265,0.010359398,0.00739957,0.010359398,0.010359398,0.013812531,0.005919656,0.009372789,0.010852703,0.009372789,0.011346007,0.00739957,0.011839312,0.018745577,0.011839312,0.006906265,0.00739957,0.012332617,0.008386179,0.014305835,0.009372789,0.01479914,0.012332617,0.012825921,0.013319226,0.013812531,0.010852703,0.017265663,0.016279054,0.021705405,0.015785749,0.010359398,0.009866093,0.017758968,0.009866093,0.011839312,0.008879484,0.011346007,0.001973219,0.006412961,0.006412961,0.01479914,0.004439742,0.016279054,0.008386179,0.016772359,0.005919656,0.010852703,0.007892875,0.006906265,0.005426351,0.166275843,0.131258311,1
0.011183197,0.013978996,0.011183197,0.011183197,0.010064877,0.010624037,0.011183197,0.008946557,0.010624037,0.013978996,0.012860676,0.015097316,0.006150758,0.007828238,0.011183197,0.008387398,0.011183197,0.008946557,0.013978996,0.006150758,0.011183197,0.011742357,0.007269078,0.011183197,0.007828238,0.011742357,0.018452275,0.010624037,0.006709918,0.007269078,0.012301517,0.008387398,0.013419836,0.009505717,0.015656476,0.013978996,0.013978996,0.012301517,0.012860676,0.009505717,0.017893115,0.013978996,0.020688914,0.015656476,0.009505717,0.010064877,0.018452275,0.009505717,0.011742357,0.008387398,0.011742357,0.002236639,0.005032439,0.006709918,0.016774795,0.005032439,0.016774795,0.008946557,0.016215635,0.006150758,0.011742357,0.008387398,0.006150758,0.004473279,0.165128053,0.132008023,1
0.007684557,0.013447975,0.014888829,0.011046551,0.011526836,0.010085981,0.012487405,0.010566266,0.01200712,0.014888829,0.014888829,0.012487405,0.004802848,0.007684557,0.011046551,0.006243703,0.009605696,0.009605696,0.013447975,0.005763418,0.008164842,0.007684557,0.010085981,0.011046551,0.008645127,0.012487405,0.016809969,0.011526836,0.010085981,0.004802848,0.012487405,0.009605696,0.016809969,0.011526836,0.014888829,0.011046551,0.01296769,0.01296769,0.015849399,0.011046551,0.019691677,0.01392826,0.020652247,0.014888829,0.011526836,0.009605696,0.016809969,0.008164842,0.01296769,0.009605696,0.011526836,0.001921139,0.005763418,0.006243703,0.011046551,0.004322563,0.01392826,0.011526836,0.016809969,0.007204272,0.009605696,0.005283133,0.009125412,0.003842279,0.168675719,0.130588734,1
0.01413977,0.013683649,0.015964257,0.010034676,0.010034676,0.009578554,0.012315284,0.009578554,0.012771405,0.012771405,0.013683649,0.015508135,0.005473459,0.009122432,0.012315284,0.008666311,0.009578554,0.009122432,0.01140304,0.007297946,0.007297946,0.007754068,0.008210189,0.010946919,0.008666311,0.009578554,0.01413977,0.008666311,0.010490797,0.006385703,0.013683649,0.006841824,0.018244865,0.009578554,0.015052013,0.013683649,0.01140304,0.010946919,0.012315284,0.010946919,0.018700986,0.013227527,0.019157108,0.01413977,0.010490797,0.009122432,0.015508135,0.011859162,0.01140304,0.009122432,0.012315284,0.004561216,0.008666311,0.005929581,0.008210189,0.005929581,0.016420378,0.010034676,0.018244865,0.008666311,0.010946919,0.004105095,0.011859162,0.005017338,0.165456166,0.133028784,1
0.007983991,0.014089396,0.014089396,0.011271517,0.011271517,0.01080187,0.012680456,0.009392931,0.01080187,0.014559042,0.015498335,0.013150103,0.005166112,0.009392931,0.010332224,0.005635758,0.009392931,0.013150103,0.011271517,0.005166112,0.006575051,0.007983991,0.011271517,0.01080187,0.007514344,0.010332224,0.017376922,0.012680456,0.008923284,0.006575051,0.011271517,0.009862577,0.017376922,0.008923284,0.016437628,0.011741163,0.01221081,0.011741163,0.012680456,0.012680456,0.021134094,0.013619749,0.022073387,0.015967982,0.012680456,0.009392931,0.018316215,0.007983991,0.012680456,0.007983991,0.011741163,0.002348233,0.008923284,0.006575051,0.011271517,0.003757172,0.015028689,0.01080187,0.017846568,0.006575051,0.007983991,0.005166112,0.010332224,0.004226819,0.167308186,0.128222022,1
0.009053809,0.013077724,0.015592671,0.00804783,0.010562777,0.009053809,0.015089682,0.009053809,0.00855082,0.014586692,0.012574735,0.012071746,0.005029894,0.006538862,0.010562777,0.007544841,0.010059788,0.012071746,0.013580714,0.00855082,0.010059788,0.012071746,0.012574735,0.009556799,0.009053809,0.016095661,0.019616586,0.010059788,0.006035873,0.006035873,0.013580714,0.007041852,0.017101639,0.00855082,0.013580714,0.010562777,0.016095661,0.015089682,0.015592671,0.011568756,0.019616586,0.018107618,0.02464648,0.015089682,0.009053809,0.010059788,0.015592671,0.009053809,0.009053809,0.010059788,0.005029894,0.002514947,0.007544841,0.00804783,0.011568756,0.002514947,0.012574735,0.009556799,0.020622565,0.006538862,0.006538862,0.007041852,0.010059788,0.005029894,0.166555186,0.126744712,0
0.008173414,0.011238444,0.014303475,0.009195091,0.010727606,0.009195091,0.013792636,0.009195091,0.009705929,0.016346828,0.01277096,0.013281798,0.005619222,0.007151737,0.011238444,0.007151737,0.010216768,0.013281798,0.016346828,0.007662576,0.010727606,0.009705929,0.009195091,0.010216768,0.007151737,0.013792636,0.016857667,0.011238444,0.008684252,0.008684252,0.011238444,0.008684252,0.015325151,0.007151737,0.014814313,0.012260121,0.016346828,0.014303475,0.013281798,0.013792636,0.017879343,0.018390182,0.022987727,0.01277096,0.009195091,0.009195091,0.01583599,0.008684252,0.009195091,0.011238444,0.007151737,0.002043354,0.009705929,0.006640899,0.01277096,0.004086707,0.014814313,0.009195091,0.019411859,0.005619222,0.006130061,0.008173414,0.010216768,0.002554192,0.167530804,0.128533905,0
0.007813623,0.012697137,0.015138894,0.008790325,0.010743731,0.009767028,0.014162191,0.009278677,0.009767028,0.016115597,0.012697137,0.01367384,0.005371866,0.006348568,0.011232083,0.00683692,0.011232083,0.013185488,0.015627245,0.00683692,0.01025538,0.008790325,0.009278677,0.01025538,0.007325271,0.014650542,0.016115597,0.011232083,0.008301974,0.008301974,0.012208785,0.008301974,0.015627245,0.007325271,0.01367384,0.012208785,0.016115597,0.014162191,0.012697137,0.01367384,0.016603948,0.0170923,0.024417571,0.014650542,0.01025538,0.01025538,0.016115597,0.008301974,0.009278677,0.010743731,0.007813623,0.001953406,0.009767028,0.005860217,0.013185488,0.003906811,0.015138894,0.009278677,0.019534057,0.005371866,0.005860217,0.007813623,0.009767028,0.002441757,0.1675989,0.129175061,0
0.008322352,0.011963382,0.014564117,0.008842499,0.009362646,0.009362646,0.014564117,0.009362646,0.010402941,0.016644705,0.011443235,0.013523823,0.005721617,0.007282058,0.011443235,0.007282058,0.010923088,0.012483529,0.016644705,0.007282058,0.011443235,0.009362646,0.009362646,0.009362646,0.007282058,0.01404397,0.015604411,0.010923088,0.008322352,0.007802205,0.011443235,0.008842499,0.015084264,0.007282058,0.012483529,0.013523823,0.016644705,0.014564117,0.011963382,0.013523823,0.016124558,0.016644705,0.023926763,0.013523823,0.010402941,0.008322352,0.016124558,0.009362646,0.009362646,0.010923088,0.008322352,0.002080588,0.009882794,0.006241764,0.011963382,0.004161176,0.015084264,0.008842499,0.01924544,0.006241764,0.006241764,0.008842499,0.010402941,0.002600735,0.167911006,0.1309308,0
0.007989622,0.011984433,0.014980542,0.008988325,0.010486379,0.008988325,0.014980542,0.009487676,0.009987028,0.015979245,0.011984433,0.013482488,0.005492865,0.006491568,0.011485082,0.00699092,0.010985731,0.013482488,0.015979245,0.00699092,0.010486379,0.008988325,0.008488974,0.009987028,0.007490271,0.014980542,0.016478596,0.010486379,0.008488974,0.008488974,0.011984433,0.008488974,0.015479893,0.007490271,0.013981839,0.012483785,0.016478596,0.013981839,0.012983136,0.013981839,0.016478596,0.017477299,0.023968867,0.01448119,0.008988325,0.009987028,0.016478596,0.008488974,0.008988325,0.010985731,0.00699092,0.001997406,0.009987028,0.005992217,0.012983136,0.003994811,0.015479893,0.008988325,0.019974056,0.005492865,0.005992217,0.007989622,0.009987028,0.002496757,0.167627675,0.128786211,0
0.008448392,0.012424106,0.01639982,0.007951428,0.010933213,0.009442321,0.014411963,0.008448392,0.008448392,0.014908927,0.01292107,0.012424106,0.004969642,0.006460535,0.010436249,0.007454464,0.010933213,0.011927142,0.01292107,0.008448392,0.009442321,0.011927142,0.01292107,0.009442321,0.007951428,0.015902856,0.01987857,0.010933213,0.006460535,0.005963571,0.01292107,0.006957499,0.01639982,0.008945356,0.013418035,0.010436249,0.01639982,0.014411963,0.015405892,0.011927142,0.019381606,0.018387677,0.024351248,0.015405892,0.009939285,0.010436249,0.015405892,0.008945356,0.009442321,0.009939285,0.005963571,0.002484821,0.007454464,0.007951428,0.011927142,0.002484821,0.013418035,0.008448392,0.020375534,0.006460535,0.006460535,0.006957499,0.009939285,0.004969642,0.167073892,0.127236874,0
0.008897027,0.011121283,0.015013732,0.010009155,0.008897027,0.007784898,0.015013732,0.011121283,0.010565219,0.016125861,0.011121283,0.013901604,0.006116706,0.00667277,0.011121283,0.007784898,0.011121283,0.011677347,0.015013732,0.00667277,0.010009155,0.007784898,0.00667277,0.010565219,0.007228834,0.013901604,0.016681925,0.011677347,0.007784898,0.009453091,0.012789476,0.008897027,0.015569797,0.008340962,0.014457668,0.012789476,0.016125861,0.01334554,0.013901604,0.01334554,0.017237989,0.016681925,0.023354695,0.01334554,0.009453091,0.010009155,0.017237989,0.007784898,0.008897027,0.011677347,0.007228834,0.002224257,0.009453091,0.006116706,0.013901604,0.003892449,0.016125861,0.010009155,0.019462246,0.005560642,0.00667277,0.007228834,0.010009155,0.002780321,0.168085563,0.128493272,0
0.007985386,0.01197808,0.014473513,0.00898356,0.01048082,0.009482646,0.014473513,0.009482646,0.009981733,0.016469859,0.01197808,0.012976253,0.005489953,0.006987213,0.011478993,0.006987213,0.009981733,0.01347534,0.016469859,0.0074863,0.01048082,0.00898356,0.00898356,0.009981733,0.007985386,0.013974426,0.016968946,0.01048082,0.008484473,0.008484473,0.01197808,0.008484473,0.015970773,0.0074863,0.013974426,0.012477166,0.015970773,0.013974426,0.01347534,0.013974426,0.016968946,0.017967119,0.023956159,0.013974426,0.00898356,0.009482646,0.015970773,0.008484473,0.00898356,0.010979906,0.006987213,0.001996347,0.01048082,0.00598904,0.012477166,0.003992693,0.014972599,0.00898356,0.019963466,0.005489953,0.00598904,0.007985386,0.009981733,0.002495433,0.167167579,0.129619333,0
0.010767146,0.01399729,0.013458933,0.009690432,0.010767146,0.010228789,0.015074005,0.008613717,0.009152074,0.012382218,0.012382218,0.011305504,0.005383573,0.006998645,0.010228789,0.00807536,0.010767146,0.011305504,0.012382218,0.00807536,0.009152074,0.016150719,0.011843861,0.010767146,0.006998645,0.016150719,0.018304149,0.010767146,0.006460288,0.006460288,0.012920576,0.00807536,0.017227434,0.008613717,0.01399729,0.010767146,0.015074005,0.012920576,0.015612362,0.011305504,0.020457578,0.018304149,0.024226079,0.014535647,0.009152074,0.008613717,0.015612362,0.009152074,0.009152074,0.010767146,0.005383573,0.002153429,0.007537002,0.008613717,0.009690432,0.003230144,0.01399729,0.00807536,0.022611007,0.00592193,0.006460288,0.006998645,0.011843861,0.006460288,0.165070856,0.125374203,0
0.007982704,0.011974055,0.014967569,0.008980542,0.010477299,0.009479461,0.01446865,0.009479461,0.00997838,0.015965407,0.011974055,0.013470812,0.005488109,0.006485947,0.011475136,0.006984866,0.010976218,0.013470812,0.015965407,0.006984866,0.010477299,0.008980542,0.008980542,0.00997838,0.007483785,0.014967569,0.016464326,0.010477299,0.008481623,0.008481623,0.011974055,0.008481623,0.015466488,0.007483785,0.013969731,0.012472974,0.016464326,0.013969731,0.012971893,0.013969731,0.016464326,0.017462164,0.023948111,0.01446865,0.008980542,0.00997838,0.016464326,0.008481623,0.008980542,0.010976218,0.006984866,0.001995676,0.00997838,0.005987028,0.012971893,0.003991352,0.015466488,0.008980542,0.019956759,0.005488109,0.005987028,0.007982704,0.00997838,0.002494595,0.167443264,0.129080977,0
0.00941138,0.011764225,0.015528777,0.012234794,0.008940811,0.009881949,0.012705363,0.010823087,0.012705363,0.015999346,0.012234794,0.012234794,0.008470242,0.007058535,0.01411707,0.008940811,0.010352518,0.009881949,0.011293656,0.007999673,0.008470242,0.007529104,0.010352518,0.007999673,0.009881949,0.00941138,0.013175932,0.011764225,0.006587966,0.00470569,0.011764225,0.008940811,0.015999346,0.009881949,0.014587639,0.014587639,0.013646501,0.010823087,0.012234794,0.00941138,0.017411053,0.010823087,0.022116744,0.014587639,0.014587639,0.010823087,0.013646501,0.008470242,0.013175932,0.010823087,0.011764225,0.003293983,0.008940811,0.006117397,0.008940811,0.003764552,0.015058208,0.009881949,0.017411053,0.008940811,0.00941138,0.005176259,0.011764225,0.005176259,0.171407788,0.132150075,0
0.009550392,0.01146047,0.014325588,0.01146047,0.009072872,0.012893029,0.012415509,0.009072872,0.012415509,0.015280627,0.012893029,0.012415509,0.008595353,0.006685274,0.012415509,0.008595353,0.010027912,0.010027912,0.012415509,0.008117833,0.009550392,0.008595353,0.01146047,0.008595353,0.010027912,0.010027912,0.014803107,0.010505431,0.005730235,0.005252716,0.01193799,0.009072872,0.015758147,0.010027912,0.014325588,0.013370549,0.014325588,0.010982951,0.01193799,0.010027912,0.017668225,0.010982951,0.025308539,0.014803107,0.015280627,0.010982951,0.013370549,0.007640314,0.01146047,0.01146047,0.01193799,0.003342637,0.008117833,0.005730235,0.009550392,0.004297676,0.013370549,0.010982951,0.015758147,0.009550392,0.008595353,0.004775196,0.01193799,0.005730235,0.17061768,0.130293631,0
0.009507277,0.011884097,0.015687008,0.010933369,0.00855655,0.010458005,0.012834824,0.010933369,0.013310188,0.016162372,0.012359461,0.012834824,0.009507277,0.00617973,0.012359461,0.009507277,0.010458005,0.009982641,0.010458005,0.007605822,0.008081186,0.008081186,0.011408733,0.008081186,0.010933369,0.009507277,0.012834824,0.011408733,0.006655094,0.005229003,0.011408733,0.009031913,0.015211644,0.009507277,0.015687008,0.015211644,0.013785552,0.011408733,0.011884097,0.009507277,0.017113099,0.010933369,0.020440646,0.014260916,0.015211644,0.010458005,0.013785552,0.008081186,0.012359461,0.011408733,0.012834824,0.003802911,0.00855655,0.005704366,0.00855655,0.003802911,0.014260916,0.009982641,0.017113099,0.009031913,0.009031913,0.004753639,0.012834824,0.005704366,0.172035128,0.131556806,0
0.009156486,0.012361256,0.015566026,0.011903431,0.008698661,0.010529959,0.012361256,0.010529959,0.01281908,0.01602385,0.01281908,0.012361256,0.008240837,0.007325189,0.013734729,0.008698661,0.010529959,0.010072134,0.010987783,0.007783013,0.008240837,0.007325189,0.010529959,0.008698661,0.00961431,0.009156486,0.013276904,0.011903431,0.00640954,0.004578243,0.012361256,0.008698661,0.016481674,0.009156486,0.014650377,0.015108201,0.013276904,0.010987783,0.012361256,0.00961431,0.017855147,0.010987783,0.021975566,0.014650377,0.015108201,0.010529959,0.013276904,0.008698661,0.01281908,0.010529959,0.012361256,0.00320477,0.009156486,0.005951716,0.008698661,0.003662594,0.015108201,0.010072134,0.017397323,0.008698661,0.009156486,0.005036067,0.011903431,0.005493891,0.170755054,0.131978558,0
0.009156486,0.012361256,0.015566026,0.011903431,0.008698661,0.010529959,0.012361256,0.010529959,0.01281908,0.01602385,0.01281908,0.012361256,0.008240837,0.007325189,0.013734729,0.008698661,0.010529959,0.010072134,0.010987783,0.007783013,0.008240837,0.007325189,0.010529959,0.008698661,0.00961431,0.009156486,0.013276904,0.011903431,0.00640954,0.004578243,0.012361256,0.008698661,0.016481674,0.009156486,0.014650377,0.015108201,0.013276904,0.010987783,0.012361256,0.00961431,0.017855147,0.010987783,0.021975566,0.014650377,0.015108201,0.010529959,0.013276904,0.008698661,0.01281908,0.010529959,0.012361256,0.00320477,0.009156486,0.005951716,0.008698661,0.003662594,0.015108201,0.010072134,0.017397323,0.008698661,0.009156486,0.005036067,0.011903431,0.005493891,0.170755054,0.131978558,0
0.009850161,0.010835177,0.015760258,0.012805209,0.008372637,0.011327685,0.013790225,0.008372637,0.012805209,0.016252766,0.013297717,0.012312701,0.007880129,0.006402605,0.013790225,0.008865145,0.009850161,0.009850161,0.011820193,0.007880129,0.008865145,0.006402605,0.011820193,0.007880129,0.011327685,0.010342669,0.013790225,0.011327685,0.007387621,0.005910097,0.010835177,0.008372637,0.016745274,0.009357653,0.01526775,0.013297717,0.014282733,0.011327685,0.011820193,0.010342669,0.01773029,0.010835177,0.021670354,0.014775241,0.014282733,0.011327685,0.013790225,0.007387621,0.012805209,0.011327685,0.011820193,0.002955048,0.007880129,0.005910097,0.009357653,0.005910097,0.012805209,0.010342669,0.016252766,0.008865145,0.009357653,0.005417589,0.009850161,0.005417589,0.171130934,0.131970176,0
0.00997239,0.012188477,0.015512607,0.012188477,0.008310325,0.008310325,0.013850542,0.010526412,0.013296521,0.017174672,0.012742499,0.011080434,0.007756304,0.006094239,0.014404564,0.00997239,0.010526412,0.008310325,0.011080434,0.007202282,0.007202282,0.007202282,0.008864347,0.008864347,0.011080434,0.008864347,0.012188477,0.011080434,0.007202282,0.004432174,0.011634455,0.00997239,0.016066629,0.010526412,0.015512607,0.015512607,0.012742499,0.011634455,0.013296521,0.010526412,0.017728694,0.012742499,0.021052824,0.013850542,0.013296521,0.009418369,0.014404564,0.008310325,0.013296521,0.00997239,0.012188477,0.00332413,0.008864347,0.005540217,0.007202282,0.00332413,0.015512607,0.009418369,0.019390759,0.009418369,0.010526412,0.004986195,0.012742499,0.005540217,0.170291964,0.13274875,0
0.009156486,0.012361256,0.015566026,0.011903431,0.008698661,0.010529959,0.012361256,0.010529959,0.01281908,0.01602385,0.01281908,0.012361256,0.008240837,0.007325189,0.013734729,0.008698661,0.010529959,0.010072134,0.010987783,0.007783013,0.008240837,0.007325189,0.010529959,0.008698661,0.00961431,0.009156486,0.013276904,0.011903431,0.00640954,0.004578243,0.012361256,0.008698661,0.016481674,0.009156486,0.014650377,0.015108201,0.013276904,0.010987783,0.012361256,0.00961431,0.017855147,0.010987783,0.021975566,0.014650377,0.015108201,0.010529959,0.013276904,0.008698661,0.01281908,0.010529959,0.012361256,0.00320477,0.009156486,0.005951716,0.008698661,0.003662594,0.015108201,0.010072134,0.017397323,0.008698661,0.009156486,0.005036067,0.011903431,0.005493891,0.170755054,0.131978558,0
0.009156486,0.012361256,0.015566026,0.011903431,0.008698661,0.010529959,0.012361256,0.010529959,0.01281908,0.01602385,0.01281908,0.012361256,0.008240837,0.007325189,0.013734729,0.008698661,0.010529959,0.010072134,0.010987783,0.007783013,0.008240837,0.007325189,0.010529959,0.008698661,0.00961431,0.009156486,0.013276904,0.011903431,0.00640954,0.004578243,0.012361256,0.008698661,0.016481674,0.009156486,0.014650377,0.015108201,0.013276904,0.010987783,0.012361256,0.00961431,0.017855147,0.010987783,0.021975566,0.014650377,0.015108201,0.010529959,0.013276904,0.008698661,0.01281908,0.010529959,0.012361256,0.00320477,0.009156486,0.005951716,0.008698661,0.003662594,0.015108201,0.010072134,0.017397323,0.008698661,0.009156486,0.005036067,0.011903431,0.005493891,0.170755054,0.131978558,0
0.009831153,0.011235604,0.016385256,0.012171904,0.008894853,0.010767454,0.013576355,0.008426703,0.012171904,0.015917105,0.013576355,0.012171904,0.007490403,0.006085952,0.014512655,0.008426703,0.010299304,0.009831153,0.010767454,0.008426703,0.008426703,0.006554102,0.011703754,0.007490403,0.010767454,0.010299304,0.013576355,0.011703754,0.006554102,0.005617802,0.011235604,0.008894853,0.016853406,0.009831153,0.014512655,0.012640054,0.014044505,0.011235604,0.011703754,0.010767454,0.017321556,0.011235604,0.022003057,0.014980805,0.015448955,0.011235604,0.013576355,0.007490403,0.012640054,0.011235604,0.012171904,0.003277051,0.007958553,0.005617802,0.009363003,0.005617802,0.013576355,0.010299304,0.016385256,0.008894853,0.009831153,0.005617802,0.009831153,0.005617802,0.171875995,0.131516568,0
0.009287137,0.013930705,0.016510465,0.010834993,0.011350945,0.008255233,0.012898801,0.010834993,0.017026417,0.013930705,0.014446657,0.013930705,0.006191424,0.004127616,0.011350945,0.00773928,0.009803089,0.008255233,0.013930705,0.00773928,0.006707376,0.007223328,0.008771185,0.009803089,0.010319041,0.009287137,0.013930705,0.009287137,0.010319041,0.006707376,0.012382849,0.009803089,0.018058321,0.012382849,0.015478561,0.009803089,0.014446657,0.011350945,0.013414753,0.012898801,0.017026417,0.014962609,0.018058321,0.011866897,0.010319041,0.009287137,0.018574273,0.009287137,0.013414753,0.009287137,0.013414753,0.001031904,0.007223328,0.005675472,0.00773928,0.005675472,0.011350945,0.013930705,0.015478561,0.012382849,0.010319041,0.005675472,0.010834993,0.004643568,0.168966488,0.128822794,0
0.010568521,0.013588099,0.019123991,0.010065258,0.01207831,0.00855547,0.013588099,0.011575047,0.01560115,0.013588099,0.013588099,0.017614202,0.006039155,0.004026103,0.009561995,0.006039155,0.010065258,0.010065258,0.012581573,0.006542418,0.007045681,0.008052207,0.009058732,0.009058732,0.009561995,0.009561995,0.014594625,0.010065258,0.009561995,0.006039155,0.01207831,0.010568521,0.018620728,0.01207831,0.016104413,0.00855547,0.013588099,0.010568521,0.012581573,0.012581573,0.019123991,0.013084836,0.021640305,0.011071784,0.010568521,0.010568521,0.017110939,0.011071784,0.014091362,0.010065258,0.012581573,0.001006526,0.006542418,0.006039155,0.00855547,0.005032629,0.011071784,0.013084836,0.015097887,0.010568521,0.011575047,0.005535892,0.010568521,0.004529366,0.166927493,0.128504426,0
0.010164711,0.013068914,0.017425218,0.009680677,0.01258488,0.008228575,0.012100846,0.012100846,0.015973117,0.013552948,0.014036982,0.015489083,0.005808406,0.003872271,0.012100846,0.006776474,0.010648745,0.010648745,0.012100846,0.008228575,0.007260508,0.006776474,0.009196643,0.009196643,0.010164711,0.009196643,0.013552948,0.009680677,0.009680677,0.006776474,0.011616812,0.010164711,0.016941185,0.012100846,0.016941185,0.009196643,0.014521015,0.012100846,0.013552948,0.011132778,0.017425218,0.015489083,0.017909252,0.011132778,0.009196643,0.009680677,0.019361354,0.010648745,0.01258488,0.009196643,0.01258488,0.000968068,0.007260508,0.005324372,0.007744542,0.005808406,0.011616812,0.013068914,0.016457151,0.01258488,0.010648745,0.005808406,0.011132778,0.005324372,0.168604054,0.128094767,0
0.010277453,0.012846816,0.017985543,0.010277453,0.012332944,0.009249708,0.011819071,0.011305198,0.016957797,0.013874562,0.012332944,0.016443925,0.005652599,0.004110981,0.011819071,0.005652599,0.00976358,0.00976358,0.011819071,0.007194217,0.006680344,0.00770809,0.00976358,0.00976358,0.008735835,0.00976358,0.014388434,0.010277453,0.010791326,0.006680344,0.011819071,0.010277453,0.01747167,0.012332944,0.015930052,0.008735835,0.012332944,0.011819071,0.013874562,0.012846816,0.017985543,0.013874562,0.019013288,0.010791326,0.010277453,0.00976358,0.019013288,0.010791326,0.013360689,0.00976358,0.013874562,0.001027745,0.007194217,0.005652599,0.00770809,0.005652599,0.010791326,0.013360689,0.015930052,0.012332944,0.011305198,0.005652599,0.00976358,0.004624854,0.168883938,0.128138275,0
0.010077677,0.013260101,0.015381717,0.009547273,0.013260101,0.010077677,0.011668889,0.012729697,0.016442525,0.012199293,0.012199293,0.016442525,0.006895253,0.004773636,0.012199293,0.005834445,0.011138485,0.012199293,0.012729697,0.007956061,0.007425657,0.007956061,0.009016869,0.008486465,0.007956061,0.009547273,0.014320909,0.010077677,0.007956061,0.007956061,0.012729697,0.008486465,0.016972929,0.011668889,0.016972929,0.009547273,0.014320909,0.009547273,0.011138485,0.010608081,0.017503334,0.013260101,0.016972929,0.012199293,0.010077677,0.010608081,0.018564142,0.012729697,0.010608081,0.010608081,0.012199293,0.00265202,0.009016869,0.00530404,0.010077677,0.00530404,0.013260101,0.010608081,0.015912121,0.013260101,0.011138485,0.006364849,0.009547273,0.00530404,0.169525303,0.127689337,0
0.009708997,0.015719328,0.017106327,0.009708997,0.012482996,0.01017133,0.012482996,0.011095996,0.015256995,0.012945329,0.013407662,0.015719328,0.004160999,0.005547998,0.011558329,0.006934998,0.01017133,0.01017133,0.012482996,0.007397331,0.006472664,0.006934998,0.009246663,0.010633663,0.008321997,0.009246663,0.013869995,0.009708997,0.009708997,0.006934998,0.012482996,0.010633663,0.018030994,0.011095996,0.015719328,0.01017133,0.012945329,0.01017133,0.011558329,0.012945329,0.018493327,0.014332328,0.020342659,0.012020662,0.011095996,0.01017133,0.016643994,0.010633663,0.013869995,0.009246663,0.012020662,0.000924666,0.008321997,0.006472664,0.007859664,0.005085665,0.012945329,0.011095996,0.01756866,0.011095996,0.011095996,0.005085665,0.012020662,0.005547998,0.165967873,0.128974044,0
0.009668492,0.01473294,0.017495366,0.009668492,0.012430918,0.010128896,0.011970514,0.011049705,0.016114153,0.012891322,0.013351727,0.015653749,0.005064448,0.004604044,0.012430918,0.00736647,0.010128896,0.010128896,0.012430918,0.008287279,0.006906066,0.00736647,0.009208087,0.010589301,0.008747683,0.008747683,0.013351727,0.008747683,0.010128896,0.006906066,0.011970514,0.010128896,0.017955771,0.011510109,0.015653749,0.010589301,0.013351727,0.010589301,0.011510109,0.011970514,0.018416175,0.014272536,0.020257792,0.011970514,0.010589301,0.009668492,0.017034962,0.010589301,0.013812131,0.009208087,0.012430918,0.000920809,0.008287279,0.005985257,0.006906066,0.005524852,0.012430918,0.011510109,0.017955771,0.011510109,0.010589301,0.005524852,0.011970514,0.005985257,0.166149993,0.12897091,0
0.009419087,0.013186722,0.017896266,0.009890042,0.012244814,0.009419087,0.012715768,0.011302905,0.016483403,0.013186722,0.013186722,0.016483403,0.005651452,0.004238589,0.011773859,0.006122407,0.009890042,0.009890042,0.011773859,0.008006224,0.006593361,0.007064316,0.009419087,0.009419087,0.008477179,0.009419087,0.014599586,0.009419087,0.010360996,0.006593361,0.011773859,0.010360996,0.017425312,0.012715768,0.015541494,0.008948133,0.012715768,0.011302905,0.011773859,0.013186722,0.017425312,0.014599586,0.018838175,0.011773859,0.010831951,0.009890042,0.017425312,0.011302905,0.013657677,0.009890042,0.013657677,0.000941909,0.008006224,0.005180498,0.008006224,0.005180498,0.012244814,0.011773859,0.016012449,0.011773859,0.011302905,0.005651452,0.010831951,0.006122407,0.168006724,0.129800304,0
0.009651098,0.013994092,0.017371976,0.009651098,0.012546427,0.009168543,0.012546427,0.011581317,0.016406866,0.013511537,0.012063872,0.015441756,0.005308104,0.003860439,0.012063872,0.006273213,0.009651098,0.010133653,0.011581317,0.007720878,0.006755768,0.007238323,0.009168543,0.009651098,0.009168543,0.009651098,0.014959201,0.009651098,0.011098762,0.006273213,0.012063872,0.010616207,0.017371976,0.012546427,0.015441756,0.009168543,0.013028982,0.011098762,0.013511537,0.012063872,0.017854531,0.013994092,0.019302195,0.011581317,0.010616207,0.010616207,0.01881964,0.009651098,0.013994092,0.009651098,0.013028982,0.00096511,0.006755768,0.005308104,0.007720878,0.006755768,0.011098762,0.012546427,0.016406866,0.013028982,0.010616207,0.005790659,0.010133653,0.005308104,0.169116932,0.128283157,0
0.015191414,0.016615609,0.017090341,0.007595707,0.012343024,0.012817756,0.009969365,0.012343024,0.016615609,0.012817756,0.012817756,0.017090341,0.00284839,0.004272585,0.011393561,0.007120975,0.009969365,0.011868292,0.012343024,0.007595707,0.010918829,0.021837658,0.006171512,0.011393561,0.009969365,0.000474732,0.013767219,0.009019902,0.009019902,0.007120975,0.012343024,0.010918829,0.018514536,0.012343024,0.017090341,0.009969365,0.009969365,0.010444097,0.009969365,0.010444097,0.018514536,0.014241951,0.020413463,0.011393561,0.010444097,0.009969365,0.018989268,0.009969365,0.012817756,0.006646244,0.012817756,0.000474732,0.00854517,0.00569678,0.007120975,0.005222049,0.012817756,0.013292487,0.017565073,0.011868292,0.010444097,0.005222049,0.012817756,0.007595707,0.157166502,0.125513915,0
0.008268677,0.011673427,0.014591784,0.013132605,0.010214249,0.009241463,0.01215982,0.00875507,0.015564569,0.017996533,0.01215982,0.011187034,0.008268677,0.005836713,0.012646213,0.006323106,0.009727856,0.009727856,0.013618998,0.006323106,0.007295892,0.007782285,0.00875507,0.010700641,0.008268677,0.009241463,0.016050962,0.011673427,0.007782285,0.007782285,0.01215982,0.010700641,0.017996533,0.009241463,0.016050962,0.010700641,0.013618998,0.011187034,0.014105391,0.013132605,0.01751014,0.014105391,0.022860461,0.013618998,0.01215982,0.009727856,0.015078176,0.00875507,0.011673427,0.009727856,0.012646213,0.002918357,0.008268677,0.006323106,0.009727856,0.005836713,0.013132605,0.010700641,0.017023748,0.009241463,0.00875507,0.006809499,0.010214249,0.003891142,0.168722087,0.128926725,0
0.008142747,0.011974627,0.013890568,0.013411583,0.010058687,0.009100717,0.012453612,0.009100717,0.014848538,0.017722448,0.011974627,0.011016657,0.009100717,0.005747821,0.012932597,0.007184776,0.009579702,0.009579702,0.013411583,0.006226806,0.007184776,0.007663761,0.008621732,0.010537672,0.008142747,0.008621732,0.015806508,0.011974627,0.008142747,0.007663761,0.011974627,0.009579702,0.017722448,0.009579702,0.015806508,0.011495642,0.013411583,0.011016657,0.013890568,0.012453612,0.016764478,0.013890568,0.023470269,0.013890568,0.011495642,0.009579702,0.015806508,0.009100717,0.011974627,0.009579702,0.012453612,0.003352896,0.008142747,0.006226806,0.009579702,0.005268836,0.014848538,0.010537672,0.016764478,0.009100717,0.008621732,0.006226806,0.011016657,0.004310866,0.169369796,0.129875015,0
0.009628326,0.012035408,0.01444249,0.012998241,0.010109743,0.00914691,0.012516824,0.00914691,0.014923906,0.017812404,0.012035408,0.011072575,0.008184077,0.005776996,0.012516824,0.006739828,0.009628326,0.009628326,0.013479657,0.006258412,0.007221245,0.007702661,0.008665494,0.010591159,0.008184077,0.008665494,0.015886739,0.012035408,0.007702661,0.007702661,0.012035408,0.010109743,0.01829382,0.009628326,0.015405322,0.010591159,0.013479657,0.011072575,0.013961073,0.012516824,0.017330988,0.013961073,0.0235894,0.013961073,0.012035408,0.009628326,0.015405322,0.00914691,0.011553992,0.009628326,0.012516824,0.002888498,0.008184077,0.006258412,0.009628326,0.00529558,0.013479657,0.010591159,0.017330988,0.00914691,0.008665494,0.006258412,0.011072575,0.005776996,0.168129261,0.129002912,0
0.008513774,0.013521876,0.013521876,0.012520256,0.008513774,0.010016204,0.011518635,0.011518635,0.016025927,0.015525117,0.013521876,0.010517015,0.007011343,0.006009723,0.012520256,0.007011343,0.009014584,0.008513774,0.014523496,0.006009723,0.008012964,0.008012964,0.009014584,0.011518635,0.008012964,0.009515394,0.017528358,0.012019445,0.006510533,0.008513774,0.011518635,0.011518635,0.019030788,0.009014584,0.017528358,0.011017825,0.014022686,0.012019445,0.015024307,0.009515394,0.019531599,0.015024307,0.025040511,0.013021066,0.011518635,0.010517015,0.015024307,0.007512153,0.011518635,0.010517015,0.009515394,0.003004861,0.007512153,0.006510533,0.011518635,0.005508912,0.013021066,0.010517015,0.016526737,0.009515394,0.009515394,0.006009723,0.010517015,0.003505672,0.166043457,0.127313319,0
0.008752809,0.012156679,0.014101747,0.011670411,0.009239076,0.010697877,0.011670411,0.01021161,0.015560549,0.015560549,0.014101747,0.011184144,0.00680774,0.006321473,0.011670411,0.007294007,0.007780274,0.01021161,0.015074281,0.006321473,0.007780274,0.007780274,0.009239076,0.012156679,0.008752809,0.008266541,0.017991884,0.010697877,0.00680774,0.007294007,0.011184144,0.011184144,0.018478152,0.009239076,0.017505617,0.010697877,0.015560549,0.012156679,0.01361548,0.009239076,0.019450686,0.015560549,0.024799624,0.01361548,0.010697877,0.009239076,0.017505617,0.008266541,0.011670411,0.01021161,0.009725343,0.00340387,0.00680774,0.006321473,0.011184144,0.004862671,0.012156679,0.011184144,0.016533083,0.01021161,0.010697877,0.006321473,0.009725343,0.003890137,0.166848659,0.127091447,0
0.008523578,0.013537447,0.013537447,0.012534673,0.008523578,0.009526351,0.011531899,0.011531899,0.016044381,0.016545768,0.013537447,0.010529125,0.007019417,0.006016643,0.012534673,0.00651803,0.009024965,0.008523578,0.014540221,0.006016643,0.007520804,0.008022191,0.009024965,0.011531899,0.008523578,0.008523578,0.017548542,0.012033286,0.00651803,0.008523578,0.011531899,0.011030512,0.019052703,0.009024965,0.018049929,0.010529125,0.014540221,0.012033286,0.014540221,0.009024965,0.019052703,0.015041608,0.025069346,0.01303606,0.011531899,0.010529125,0.015041608,0.008523578,0.011531899,0.010027738,0.010027738,0.003008322,0.007520804,0.00651803,0.011531899,0.005515256,0.01303606,0.010027738,0.016044381,0.010529125,0.009526351,0.006016643,0.010529125,0.004512482,0.165655577,0.127388866,0
0.007671849,0.011507773,0.013425735,0.011987264,0.010069301,0.010548792,0.011987264,0.008151339,0.013425735,0.016302678,0.012466754,0.011028282,0.006712868,0.006712868,0.012466754,0.007192358,0.008151339,0.010548792,0.012946245,0.008151339,0.00911032,0.008151339,0.00863083,0.011507773,0.009589811,0.00911032,0.019179622,0.010548792,0.007671849,0.006233377,0.010069301,0.010548792,0.01774115,0.010069301,0.014864207,0.011507773,0.013905226,0.011987264,0.016782169,0.010069301,0.019179622,0.016782169,0.025412999,0.013905226,0.010069301,0.00911032,0.018700131,0.008151339,0.011028282,0.00863083,0.011987264,0.001438472,0.006712868,0.006712868,0.011028282,0.004794905,0.012466754,0.010548792,0.01774115,0.010548792,0.00863083,0.007192358,0.010069301,0.004315415,0.16773563,0.128372256,0
0.007349402,0.013320791,0.012402115,0.012402115,0.011024103,0.009186752,0.01148344,0.010105427,0.015617479,0.016076816,0.012861453,0.00964609,0.007808739,0.006430726,0.014698803,0.007349402,0.00964609,0.00964609,0.015158141,0.006890064,0.007808739,0.006890064,0.008268077,0.01148344,0.007808739,0.007808739,0.015158141,0.011024103,0.006890064,0.007808739,0.012402115,0.00964609,0.016995491,0.009186752,0.016076816,0.013780128,0.012861453,0.01148344,0.012402115,0.011024103,0.017914167,0.013320791,0.023885555,0.015617479,0.011942778,0.00964609,0.014698803,0.00964609,0.01148344,0.00964609,0.010105427,0.003215363,0.00964609,0.006890064,0.00964609,0.004134038,0.014698803,0.010564765,0.018832842,0.00964609,0.008268077,0.006430726,0.011942778,0.005512051,0.167304371,0.129449757,0
0.008511992,0.013519046,0.014019751,0.012517635,0.009012697,0.009513403,0.011516224,0.011516224,0.016022573,0.016022573,0.013018341,0.010514814,0.007009876,0.006008465,0.013018341,0.007009876,0.009513403,0.008511992,0.014520457,0.00650917,0.008011287,0.008011287,0.009012697,0.011516224,0.008511992,0.008511992,0.017524689,0.011516224,0.00650917,0.008511992,0.011516224,0.011015519,0.019026806,0.009012697,0.018025395,0.011015519,0.014520457,0.01201693,0.014019751,0.009012697,0.019527511,0.014520457,0.024534565,0.013018341,0.011516224,0.010514814,0.015021162,0.008011287,0.011516224,0.010014108,0.009513403,0.003004232,0.007510581,0.007009876,0.011516224,0.005507759,0.013018341,0.010514814,0.016523278,0.010014108,0.009012697,0.00650917,0.010514814,0.004506349,0.165492875,0.127010382,0
0.008897823,0.013346735,0.015571191,0.012012061,0.009787606,0.010232497,0.012456953,0.008452932,0.0151263,0.0151263,0.014236517,0.011122279,0.006228476,0.007118259,0.012901844,0.007118259,0.009342714,0.009342714,0.012901844,0.007118259,0.008008041,0.008008041,0.009342714,0.011122279,0.008897823,0.008897823,0.014236517,0.012012061,0.00756315,0.007118259,0.012012061,0.009342714,0.019575211,0.008897823,0.015571191,0.011122279,0.012012061,0.01156717,0.012456953,0.01156717,0.016905864,0.012901844,0.024024123,0.0151263,0.012012061,0.010677388,0.016016082,0.009342714,0.012012061,0.009342714,0.01156717,0.003114238,0.008897823,0.006673367,0.009787606,0.004893803,0.014236517,0.010677388,0.016460973,0.009787606,0.010232497,0.005338694,0.010232497,0.007118259,0.166683396,0.128164111,0
0.009027107,0.012352884,0.016628882,0.009502218,0.009977329,0.009027107,0.014253328,0.008551997,0.010927551,0.018054215,0.012827995,0.012827995,0.005701331,0.005701331,0.01045244,0.006651553,0.011402662,0.010927551,0.014253328,0.006176442,0.009027107,0.008551997,0.01045244,0.010927551,0.007601775,0.012352884,0.014728439,0.012827995,0.007601775,0.009027107,0.012827995,0.009027107,0.01567866,0.009027107,0.014253328,0.010927551,0.014253328,0.01567866,0.012827995,0.013778217,0.01567866,0.017103993,0.022330213,0.014728439,0.01045244,0.009977329,0.016628882,0.008076886,0.011402662,0.009502218,0.009027107,0.001900444,0.009502218,0.005701331,0.009977329,0.005701331,0.01567866,0.009027107,0.019954659,0.004751109,0.008076886,0.006176442,0.009502218,0.006651553,0.165927729,0.129957888,0
0.009354028,0.012307931,0.015754152,0.009846345,0.009846345,0.00886171,0.014769517,0.00886171,0.010830979,0.017723421,0.012307931,0.012307931,0.005907807,0.00541549,0.010830979,0.006892441,0.011323297,0.010830979,0.014769517,0.006400124,0.009354028,0.009354028,0.010338662,0.009846345,0.008369393,0.013292566,0.014769517,0.011815614,0.007877076,0.00886171,0.012307931,0.00886171,0.015754152,0.009354028,0.0142772,0.010830979,0.014769517,0.015261835,0.013292566,0.013784883,0.015754152,0.017231104,0.023138911,0.0142772,0.009354028,0.009846345,0.016246469,0.008369393,0.011323297,0.009846345,0.008369393,0.001969269,0.009354028,0.00541549,0.009846345,0.00541549,0.015261835,0.00886171,0.020185007,0.00541549,0.008369393,0.005907807,0.009846345,0.006400124,0.166354304,0.130124353,0
0.009033819,0.012837532,0.016165782,0.009509283,0.009984747,0.009509283,0.014263925,0.008558355,0.010935676,0.017592174,0.012837532,0.012837532,0.00570557,0.00570557,0.010460212,0.006656498,0.01141114,0.010935676,0.014263925,0.006181034,0.009033819,0.009033819,0.010460212,0.010935676,0.008082891,0.012837532,0.014739389,0.012362068,0.007607427,0.009033819,0.012837532,0.009033819,0.015690317,0.009033819,0.014263925,0.010935676,0.014263925,0.015214853,0.013312997,0.013788461,0.016165782,0.01711671,0.023297744,0.014263925,0.010460212,0.009984747,0.015690317,0.008082891,0.01141114,0.009509283,0.009033819,0.001901857,0.009509283,0.00570557,0.009984747,0.00570557,0.014739389,0.009033819,0.019969495,0.004754642,0.008082891,0.006181034,0.009509283,0.006656498,0.165619901,0.12974221,0
0.009584276,0.011602018,0.016141938,0.010088711,0.00907984,0.009584276,0.014628632,0.008575405,0.010593147,0.017150809,0.012610889,0.013115325,0.006053227,0.005044356,0.011097583,0.007062098,0.011602018,0.010593147,0.014124196,0.006557662,0.010088711,0.010088711,0.010593147,0.009584276,0.007566534,0.01361976,0.014124196,0.012610889,0.008070969,0.008575405,0.012106454,0.00907984,0.015133067,0.00907984,0.014628632,0.010593147,0.015133067,0.015133067,0.012610889,0.01361976,0.016646374,0.015637503,0.022195165,0.01361976,0.009584276,0.011097583,0.016646374,0.008070969,0.011097583,0.010593147,0.008575405,0.002017742,0.008575405,0.006053227,0.010088711,0.006053227,0.014628632,0.010088711,0.019168552,0.005548791,0.008575405,0.006053227,0.009584276,0.006053227,0.16698511,0.129831704,0
0.010024397,0.013717596,0.015827995,0.010551997,0.008969197,0.007386398,0.014245196,0.008969197,0.012134796,0.017410795,0.011607196,0.011607196,0.006858798,0.006858798,0.012134796,0.007386398,0.012662396,0.009496797,0.013717596,0.006858798,0.009496797,0.011079597,0.009496797,0.008969197,0.007913998,0.011607196,0.014245196,0.012662396,0.007386398,0.009496797,0.012134796,0.008969197,0.014772796,0.007913998,0.015300395,0.013717596,0.014772796,0.015300395,0.012134796,0.013189996,0.015827995,0.017410795,0.023214393,0.012662396,0.009496797,0.008969197,0.015827995,0.007386398,0.012662396,0.008969197,0.007913998,0.002110399,0.009496797,0.005275998,0.010551997,0.006331198,0.015827995,0.008969197,0.020048794,0.004748399,0.007913998,0.006331198,0.009496797,0.008969197,0.165118484,0.12948053,0
0.009476491,0.012469067,0.015960406,0.009975254,0.009975254,0.008977728,0.014962881,0.008977728,0.010474016,0.017955457,0.012469067,0.012469067,0.005985152,0.004987627,0.010972779,0.006982678,0.011471542,0.010972779,0.014464118,0.006483915,0.009476491,0.009476491,0.010474016,0.009476491,0.008478966,0.013466593,0.014962881,0.011970304,0.007980203,0.008478966,0.011970304,0.008977728,0.015461643,0.009476491,0.013965355,0.010474016,0.014962881,0.015461643,0.013466593,0.013466593,0.015960406,0.016957931,0.023441846,0.014464118,0.009476491,0.009975254,0.016459169,0.007980203,0.011471542,0.009975254,0.008478966,0.001995051,0.008977728,0.004987627,0.009975254,0.00548639,0.014464118,0.008977728,0.019950507,0.004987627,0.008478966,0.005985152,0.009476491,0.005985152,0.16700619,0.130237185,0
0.009026427,0.011533768,0.017049917,0.009527895,0.010530831,0.008524959,0.01353964,0.009026427,0.011032299,0.017551385,0.013038172,0.013038172,0.006519086,0.005014682,0.011032299,0.006519086,0.012035236,0.010530831,0.01353964,0.006017618,0.00802349,0.010530831,0.012536704,0.009527895,0.008524959,0.015044045,0.015545513,0.011533768,0.00802349,0.009026427,0.011533768,0.007522022,0.015044045,0.009026427,0.015545513,0.012035236,0.014542577,0.016548449,0.01353964,0.011533768,0.016548449,0.015044045,0.021061663,0.015545513,0.009527895,0.010530831,0.016548449,0.009026427,0.011032299,0.010530831,0.008524959,0.001504404,0.009026427,0.005014682,0.011032299,0.00551615,0.015545513,0.009026427,0.018554322,0.00551615,0.007522022,0.006017618,0.009527895,0.006519086,0.166705106,0.129233603,0
0.011806326,0.01405515,0.016866179,0.008995296,0.00843309,0.007870884,0.013492944,0.010681914,0.01124412,0.016866179,0.01405515,0.013492944,0.007308678,0.005059854,0.01124412,0.007308678,0.012930738,0.00843309,0.013492944,0.006746472,0.00843309,0.008995296,0.009557502,0.009557502,0.007870884,0.01405515,0.01405515,0.010681914,0.007870884,0.008995296,0.012368532,0.009557502,0.014617356,0.009557502,0.016303974,0.012368532,0.016303974,0.01405515,0.012930738,0.012368532,0.017428385,0.015741768,0.020239415,0.013492944,0.008995296,0.010681914,0.016866179,0.007308678,0.012368532,0.00843309,0.008995296,0.00281103,0.00843309,0.00562206,0.010681914,0.006184266,0.016303974,0.00843309,0.018552797,0.006184266,0.008995296,0.006184266,0.008995296,0.006184266,0.165309733,0.129683964,0
0.008557475,0.013311627,0.016164119,0.00903289,0.009508305,0.00998372,0.013311627,0.00903289,0.00998372,0.016639534,0.014262458,0.013311627,0.005704983,0.006180398,0.010934551,0.006655814,0.011885381,0.010934551,0.013787042,0.006180398,0.008557475,0.00998372,0.010459136,0.010934551,0.008082059,0.012836212,0.013787042,0.012360797,0.008082059,0.009508305,0.013311627,0.008082059,0.014737873,0.008082059,0.014737873,0.011885381,0.014262458,0.014262458,0.013311627,0.013787042,0.016164119,0.017114949,0.022344517,0.014262458,0.010934551,0.00998372,0.015213288,0.008557475,0.011885381,0.009508305,0.00903289,0.002377076,0.010459136,0.005704983,0.00998372,0.005229568,0.015213288,0.00903289,0.019492025,0.004754153,0.008557475,0.005704983,0.00903289,0.006655814,0.166008041,0.130377386,0
0.010264411,0.013343735,0.015396617,0.00923797,0.009751191,0.00872475,0.014883397,0.00923797,0.011290853,0.016936279,0.012830514,0.012317294,0.006158647,0.006158647,0.011804073,0.006671867,0.011804073,0.010777632,0.013343735,0.006671867,0.00872475,0.010264411,0.010777632,0.010264411,0.007698309,0.013343735,0.014370176,0.012317294,0.007185088,0.010264411,0.012317294,0.00872475,0.014370176,0.00872475,0.016423058,0.012830514,0.014370176,0.014883397,0.011804073,0.013856955,0.016423058,0.016423058,0.019502382,0.013856955,0.009751191,0.009751191,0.015909838,0.008211529,0.011804073,0.009751191,0.008211529,0.002052882,0.009751191,0.006158647,0.010264411,0.005645426,0.016936279,0.008211529,0.019502382,0.005132206,0.00872475,0.005645426,0.00923797,0.006671867,0.166170011,0.129178145,0
0.008821964,0.013232946,0.015683491,0.0107824,0.011272509,0.0107824,0.013232946,0.011272509,0.011272509,0.0161736,0.012252727,0.010292291,0.0053912,0.007351636,0.011272509,0.005881309,0.0107824,0.011272509,0.013723055,0.006861527,0.010292291,0.008331855,0.010292291,0.011762618,0.0107824,0.010292291,0.016663709,0.009802182,0.007351636,0.0053912,0.012742837,0.009802182,0.019114255,0.0107824,0.013232946,0.0107824,0.015683491,0.013723055,0.012252727,0.009312073,0.020584582,0.014213164,0.024995564,0.016663709,0.0107824,0.009312073,0.0161736,0.008821964,0.009802182,0.011272509,0.007351636,0.001470327,0.004901091,0.007841746,0.011762618,0.002940655,0.011272509,0.010292291,0.022545019,0.008821964,0.006371418,0.0053912,0.012742837,0.004901091,0.165371504,0.127401068,0
0.007767897,0.013251119,0.0169066,0.010052573,0.010966443,0.010509508,0.012794184,0.010509508,0.011423379,0.015535795,0.013708054,0.011423379,0.005483222,0.008681768,0.010966443,0.005026287,0.010509508,0.010966443,0.013708054,0.005940157,0.009595638,0.006397092,0.009595638,0.013251119,0.010052573,0.010052573,0.01599273,0.010966443,0.007767897,0.006397092,0.013708054,0.009138703,0.019191276,0.009595638,0.013251119,0.011880314,0.014621925,0.013251119,0.012794184,0.010052573,0.020105146,0.01507886,0.021932887,0.0169066,0.012337249,0.010052573,0.016449665,0.008224833,0.010509508,0.010966443,0.008224833,0.002284676,0.005940157,0.008681768,0.011880314,0.003198546,0.012337249,0.010052573,0.022389822,0.007767897,0.005940157,0.004569351,0.011423379,0.004112416,0.166064002,0.128885068,0
0.009574043,0.013829174,0.01648863,0.010637826,0.010105935,0.011701609,0.013297282,0.011169717,0.011701609,0.01648863,0.013297282,0.010105935,0.005318913,0.007446478,0.011169717,0.006382696,0.011169717,0.010637826,0.014361065,0.005850804,0.011701609,0.007978369,0.009574043,0.012765391,0.010105935,0.011169717,0.014361065,0.010105935,0.007446478,0.005318913,0.013829174,0.009042152,0.019148087,0.010637826,0.0122335,0.011701609,0.014361065,0.014361065,0.0122335,0.008510261,0.020743761,0.0122335,0.022339434,0.01648863,0.0122335,0.009574043,0.013829174,0.010105935,0.010637826,0.011169717,0.008510261,0.002127565,0.005850804,0.007978369,0.010637826,0.003191348,0.011169717,0.009574043,0.021807543,0.009042152,0.007446478,0.005318913,0.0122335,0.003723239,0.165464311,0.129247829,0
0.009689514,0.013679314,0.017099142,0.011399428,0.009119542,0.010259485,0.013679314,0.011969399,0.011969399,0.016529171,0.013109342,0.010259485,0.005699714,0.0079796,0.011399428,0.006839657,0.011969399,0.008549571,0.014249285,0.005699714,0.010259485,0.0079796,0.009119542,0.011969399,0.010829457,0.010829457,0.014249285,0.011399428,0.008549571,0.005699714,0.014249285,0.007409628,0.019379028,0.010829457,0.011969399,0.012539371,0.015389228,0.012539371,0.013109342,0.009119542,0.019948999,0.013109342,0.02051897,0.016529171,0.011969399,0.010259485,0.014819256,0.008549571,0.010259485,0.011969399,0.008549571,0.002279886,0.005699714,0.009119542,0.011399428,0.002849857,0.011969399,0.009689514,0.022228885,0.007409628,0.006839657,0.005129743,0.010829457,0.003419828,0.166329116,0.129756207,0
0.009175174,0.012555501,0.015452924,0.011106789,0.010623885,0.010140981,0.013521308,0.010623885,0.012072597,0.017384539,0.012555501,0.010140981,0.00627775,0.007726462,0.011589693,0.005794846,0.010623885,0.009658077,0.016418732,0.006760654,0.010140981,0.007243558,0.009175174,0.012072597,0.010623885,0.009658077,0.014487116,0.011589693,0.008209366,0.007726462,0.014004212,0.007243558,0.018833251,0.010623885,0.012072597,0.011106789,0.015452924,0.013038405,0.012555501,0.010623885,0.019316155,0.014004212,0.022696482,0.015935828,0.012072597,0.010623885,0.014004212,0.00869227,0.009658077,0.012072597,0.008209366,0.002414519,0.007243558,0.008209366,0.011106789,0.003863231,0.011106789,0.010623885,0.021730674,0.007726462,0.005794846,0.004346135,0.011589693,0.003863231,0.166865753,0.129543302,0
0.008955268,0.014611227,0.016025217,0.009426598,0.010840588,0.009897928,0.013197238,0.012725908,0.011311918,0.016025217,0.013668568,0.010840588,0.005184629,0.006598619,0.011783248,0.004241969,0.010369258,0.011783248,0.013197238,0.005655959,0.009426598,0.007541279,0.009897928,0.011783248,0.010369258,0.010840588,0.015082557,0.010840588,0.008012609,0.006598619,0.014139897,0.009897928,0.019324527,0.009897928,0.013197238,0.010369258,0.015082557,0.014139897,0.012725908,0.009897928,0.018381867,0.014139897,0.022623836,0.017439207,0.012725908,0.009897928,0.016025217,0.008483938,0.010369258,0.010369258,0.008955268,0.00235665,0.005655959,0.007069949,0.011311918,0.004241969,0.012725908,0.010840588,0.021681176,0.008012609,0.006127289,0.005184629,0.011311918,0.003770639,0.166588622,0.128301823,0
0.008409456,0.01401576,0.01635172,0.009811032,0.011212608,0.010745416,0.013548568,0.010745416,0.0116798,0.015417336,0.013081376,0.0116798,0.005139112,0.007475072,0.0116798,0.005606304,0.010278224,0.010745416,0.01401576,0.006540688,0.009811032,0.008409456,0.00934384,0.012146992,0.010278224,0.010278224,0.015417336,0.010278224,0.007942264,0.005139112,0.013548568,0.008876648,0.019154871,0.010278224,0.013081376,0.011212608,0.014950144,0.013548568,0.012146992,0.00934384,0.019622063,0.01401576,0.021490831,0.017753295,0.012614184,0.009811032,0.01635172,0.008409456,0.010745416,0.011212608,0.007942264,0.00233596,0.005606304,0.00700788,0.0116798,0.003270344,0.012146992,0.010278224,0.022892407,0.007475072,0.006540688,0.005139112,0.011212608,0.005139112,0.166543425,0.129398252,0
0.00827032,0.012864943,0.016540641,0.010567631,0.010567631,0.010108169,0.013324405,0.010108169,0.011486556,0.015162254,0.01240548,0.011486556,0.005054085,0.007810858,0.011027094,0.005973009,0.010567631,0.011486556,0.012864943,0.005973009,0.009189245,0.007810858,0.010567631,0.011946018,0.011027094,0.010108169,0.016540641,0.011027094,0.006432471,0.006432471,0.014702792,0.008729783,0.019297414,0.010108169,0.013783867,0.011486556,0.015162254,0.014702792,0.013324405,0.009189245,0.019756876,0.016081178,0.022054187,0.016540641,0.011027094,0.009648707,0.017459565,0.008729783,0.010108169,0.009648707,0.007351396,0.001837849,0.005973009,0.006891934,0.011486556,0.005054085,0.01240548,0.011027094,0.023432574,0.007810858,0.006432471,0.005513547,0.011027094,0.00413516,0.165385627,0.127961453,0
0.011943536,0.012462821,0.016617094,0.010904968,0.0098664,0.010904968,0.010904968,0.010904968,0.011424252,0.01609781,0.012982105,0.009347115,0.004673558,0.007269979,0.011424252,0.007789263,0.010904968,0.010385684,0.014020673,0.005712126,0.010904968,0.0098664,0.011424252,0.012982105,0.009347115,0.010385684,0.015578526,0.010904968,0.007789263,0.005712126,0.012982105,0.008308547,0.019213515,0.0098664,0.010904968,0.011943536,0.014539957,0.015578526,0.011943536,0.008308547,0.019213515,0.014020673,0.023367789,0.017655663,0.012462821,0.009347115,0.014539957,0.009347115,0.010385684,0.0098664,0.008308547,0.002596421,0.005712126,0.008827831,0.011943536,0.002596421,0.011943536,0.0098664,0.021809936,0.007789263,0.00623141,0.006750695,0.012462821,0.005712126,0.163390414,0.128825232,0
0.009737744,0.013174595,0.017184254,0.012028978,0.009164935,0.010310552,0.012601786,0.011456169,0.012028978,0.016038637,0.013174595,0.009737744,0.005155276,0.008592127,0.013174595,0.00744651,0.012028978,0.008019319,0.013747403,0.006873702,0.010310552,0.00744651,0.009737744,0.012028978,0.011456169,0.010883361,0.014320212,0.010310552,0.008019319,0.005728085,0.013747403,0.00744651,0.020048296,0.010883361,0.011456169,0.013174595,0.015465829,0.013174595,0.013174595,0.008019319,0.020621105,0.012601786,0.021193913,0.016611446,0.011456169,0.010310552,0.014320212,0.008019319,0.010310552,0.011456169,0.008592127,0.002291234,0.005728085,0.009164935,0.011456169,0.003436851,0.011456169,0.010310552,0.02233953,0.00744651,0.00744651,0.005155276,0.010310552,0.004009659,0.165644708,0.129800876,0
0.009837983,0.011313681,0.014756975,0.01180558,0.009346084,0.010329883,0.014756975,0.010329883,0.014265076,0.015740773,0.012297479,0.011313681,0.007378488,0.00590279,0.014265076,0.00590279,0.010329883,0.008854185,0.012789378,0.007378488,0.007870387,0.008854185,0.008854185,0.009346084,0.009346084,0.009837983,0.014756975,0.012297479,0.008854185,0.006394689,0.010329883,0.010329883,0.016232673,0.011313681,0.014756975,0.010329883,0.014756975,0.010821782,0.012297479,0.012297479,0.018200269,0.012297479,0.020659765,0.013281278,0.013281278,0.008854185,0.016232673,0.008362286,0.011313681,0.013281278,0.011313681,0.003935193,0.007378488,0.004918992,0.010821782,0.003935193,0.010821782,0.012297479,0.016724572,0.009837983,0.010329883,0.005410891,0.008854185,0.008362286,0.173083477,0.127435908,0
0.011409998,0.012402171,0.015874779,0.012402171,0.009921737,0.008929563,0.013890432,0.011409998,0.014386519,0.014882606,0.012402171,0.011906085,0.006945216,0.005953042,0.013890432,0.006449129,0.010417824,0.008929563,0.011906085,0.007441303,0.007441303,0.00793739,0.00942565,0.009921737,0.008929563,0.00942565,0.015378693,0.011906085,0.008433477,0.006945216,0.010417824,0.010913911,0.016866953,0.011906085,0.015378693,0.010417824,0.013890432,0.011906085,0.011906085,0.010417824,0.019843474,0.012898258,0.021331735,0.012898258,0.013394345,0.00942565,0.015378693,0.00793739,0.013394345,0.011409998,0.010417824,0.002976521,0.006945216,0.005953042,0.010417824,0.004960869,0.011409998,0.010913911,0.017859127,0.00942565,0.00942565,0.005953042,0.009921737,0.006945216,0.169569807,0.127475115,0
0.011246286,0.011735255,0.014669069,0.012713193,0.00929041,0.00929041,0.013691131,0.011246286,0.0141801,0.014669069,0.011735255,0.011735255,0.005867627,0.005867627,0.0141801,0.006845565,0.010268348,0.008801441,0.012224224,0.007334534,0.007823503,0.007823503,0.00929041,0.00929041,0.008801441,0.009779379,0.015158038,0.011735255,0.008801441,0.006845565,0.010757317,0.009779379,0.016624944,0.011735255,0.014669069,0.010268348,0.013691131,0.011735255,0.012224224,0.011246286,0.01858082,0.013202162,0.022981541,0.0141801,0.013202162,0.008801441,0.016624944,0.008801441,0.012713193,0.011246286,0.010757317,0.002444845,0.007823503,0.005378659,0.010268348,0.004400721,0.011735255,0.010757317,0.019069789,0.009779379,0.00929041,0.006356596,0.009779379,0.007823503,0.169241098,0.129088452,0
0.011612665,0.012096527,0.014515832,0.013064249,0.009677221,0.00919336,0.014031971,0.011128804,0.014031971,0.015483554,0.011612665,0.012096527,0.005806333,0.005806333,0.014031971,0.007257916,0.010161082,0.008709499,0.012580388,0.007257916,0.007741777,0.007741777,0.00919336,0.009677221,0.008709499,0.00919336,0.014999693,0.012580388,0.008709499,0.006774055,0.010644943,0.010161082,0.016451276,0.011128804,0.014999693,0.010161082,0.01354811,0.011612665,0.011612665,0.011612665,0.019354442,0.012580388,0.022257609,0.013064249,0.01354811,0.009677221,0.015483554,0.008225638,0.013064249,0.012096527,0.011128804,0.002419305,0.007741777,0.005806333,0.010644943,0.00435475,0.010644943,0.011128804,0.017902859,0.00919336,0.010644943,0.006290194,0.008709499,0.007741777,0.169804304,0.12908102,0
0.0103073,0.013118382,0.015929464,0.012181354,0.009838786,0.009370273,0.013118382,0.011712841,0.014055409,0.014523923,0.012649868,0.012181354,0.005622164,0.006090677,0.014055409,0.006559191,0.011244327,0.008433245,0.012181354,0.007496218,0.007496218,0.007496218,0.008901759,0.009370273,0.007964732,0.009370273,0.014992436,0.011244327,0.008433245,0.007027705,0.011244327,0.010775814,0.015929464,0.011244327,0.014523923,0.0103073,0.014523923,0.011244327,0.011244327,0.012181354,0.018272032,0.014523923,0.021083114,0.014055409,0.014055409,0.008901759,0.01546095,0.008433245,0.014055409,0.011244327,0.0103073,0.002342568,0.007496218,0.005622164,0.0103073,0.004216623,0.011712841,0.010775814,0.019209059,0.009370273,0.009838786,0.005622164,0.0103073,0.007964732,0.169304713,0.129330376,0
0.008923755,0.012681125,0.015499153,0.011741782,0.010332768,0.009863097,0.012681125,0.009863097,0.015968824,0.015029481,0.011272111,0.011741782,0.005636056,0.005166384,0.015029481,0.007514741,0.010332768,0.008923755,0.013150796,0.008923755,0.007984412,0.007984412,0.008454083,0.010332768,0.007514741,0.01080244,0.015029481,0.009393426,0.007984412,0.006575398,0.012681125,0.009393426,0.015968824,0.011272111,0.015968824,0.01080244,0.015499153,0.011272111,0.012211454,0.012681125,0.017847509,0.014090139,0.021135208,0.01455981,0.011741782,0.007984412,0.016908167,0.008923755,0.013620468,0.009863097,0.008923755,0.001878685,0.007514741,0.005636056,0.009393426,0.00375737,0.012681125,0.011741782,0.020195866,0.010332768,0.008923755,0.006575398,0.010332768,0.007984412,0.168849843,0.128521902,0
0.011365547,0.011859701,0.01531878,0.012353855,0.010377238,0.00938893,0.014330472,0.010871393,0.014330472,0.015812935,0.012353855,0.011365547,0.006918159,0.005929851,0.014330472,0.005929851,0.010377238,0.008894776,0.012353855,0.007412313,0.007906467,0.007906467,0.00938893,0.00938893,0.008894776,0.00938893,0.01531878,0.012353855,0.008400622,0.006918159,0.010377238,0.010377238,0.016307089,0.011859701,0.01531878,0.009883084,0.013836318,0.011859701,0.011859701,0.011365547,0.019272014,0.012848009,0.021248631,0.013342164,0.013342164,0.008894776,0.01531878,0.008894776,0.012848009,0.011859701,0.010871393,0.003459079,0.006918159,0.005435696,0.010377238,0.004447388,0.010871393,0.010871393,0.017789552,0.00938893,0.010377238,0.005435696,0.008894776,0.007412313,0.170960879,0.127834298,0
0.011525879,0.012528129,0.01553488,0.012528129,0.010022503,0.008519128,0.013029254,0.011525879,0.01453263,0.01553488,0.012027004,0.012528129,0.006514627,0.006013502,0.014031505,0.006013502,0.011024754,0.008018003,0.012528129,0.007015752,0.007015752,0.008018003,0.009521378,0.010022503,0.009020253,0.009020253,0.015033755,0.012027004,0.009020253,0.007015752,0.010523628,0.010523628,0.01653713,0.012027004,0.01553488,0.010022503,0.01453263,0.012528129,0.012027004,0.011024754,0.019543881,0.013029254,0.022049507,0.012027004,0.013029254,0.009020253,0.016036005,0.008018003,0.013029254,0.011024754,0.011024754,0.003006751,0.007015752,0.005512377,0.010523628,0.004510126,0.011024754,0.012528129,0.017539381,0.009521378,0.009521378,0.005512377,0.009521378,0.007015752,0.169444635,0.127977884,0
0.011554648,0.012517535,0.015406197,0.012036092,0.010110317,0.008665986,0.013961866,0.012036092,0.013961866,0.014924754,0.012517535,0.012036092,0.006258768,0.005777324,0.013480423,0.006258768,0.010591761,0.00914743,0.012036092,0.007221655,0.007221655,0.007703099,0.00914743,0.00914743,0.008665986,0.009628873,0.015406197,0.011554648,0.008665986,0.007703099,0.010591761,0.010591761,0.016369085,0.011554648,0.014924754,0.009628873,0.013961866,0.011554648,0.012036092,0.012517535,0.018776303,0.01444331,0.020702078,0.012998979,0.012998979,0.008665986,0.015406197,0.008665986,0.012998979,0.011554648,0.011073204,0.002888662,0.007703099,0.00529588,0.010110317,0.004332993,0.011073204,0.011073204,0.018294859,0.00914743,0.010591761,0.00529588,0.010110317,0.007703099,0.169892633,0.129125384,0
0.011021744,0.012459362,0.0153346,0.012459362,0.010542537,0.009104919,0.013896981,0.01150095,0.013417775,0.014855394,0.012459362,0.01150095,0.005750475,0.005750475,0.014376187,0.006708887,0.010542537,0.009104919,0.011980156,0.0076673,0.008146506,0.0076673,0.008625712,0.009104919,0.008625712,0.009104919,0.0153346,0.01150095,0.008625712,0.006708887,0.011021744,0.010542537,0.016293012,0.011980156,0.014376187,0.009584125,0.013417775,0.01150095,0.011980156,0.011980156,0.018689043,0.013896981,0.022522693,0.013896981,0.013417775,0.008625712,0.015813806,0.008625712,0.013417775,0.01150095,0.010542537,0.002396031,0.007188094,0.005271269,0.010063331,0.004312856,0.01150095,0.011021744,0.018689043,0.009584125,0.010063331,0.005750475,0.010063331,0.0076673,0.169877473,0.129043793,0
0.010608707,0.012200013,0.015382626,0.010608707,0.011139143,0.009547837,0.012730449,0.009547837,0.015913061,0.012730449,0.014321755,0.011669578,0.005304354,0.005304354,0.011669578,0.010078272,0.010608707,0.009547837,0.012730449,0.00689566,0.00689566,0.010078272,0.012200013,0.010608707,0.00795653,0.012200013,0.013791319,0.011669578,0.011669578,0.007426095,0.012200013,0.00689566,0.016443496,0.010608707,0.01485219,0.012730449,0.01485219,0.011669578,0.011139143,0.011669578,0.018565238,0.014321755,0.020686979,0.013260884,0.010078272,0.010078272,0.013791319,0.010608707,0.011139143,0.010608707,0.011669578,0.002121741,0.00689566,0.008486966,0.009547837,0.006365224,0.012200013,0.010078272,0.018565238,0.00795653,0.008486966,0.008486966,0.010608707,0.004243483,0.165573096,0.129478307,0
0.010380064,0.011937074,0.01453209,0.009861061,0.01141807,0.010380064,0.012456077,0.008304051,0.015051093,0.011937074,0.016608102,0.010899067,0.005709035,0.005709035,0.01141807,0.009861061,0.010380064,0.009342058,0.013494083,0.007266045,0.007785048,0.009342058,0.011937074,0.010899067,0.008304051,0.013494083,0.01453209,0.010899067,0.010380064,0.007785048,0.01297508,0.006747042,0.015051093,0.010380064,0.015570096,0.013494083,0.015051093,0.01141807,0.012456077,0.011937074,0.019203118,0.015570096,0.021279131,0.013494083,0.009861061,0.009861061,0.01297508,0.010899067,0.010899067,0.010899067,0.010899067,0.00155701,0.006228038,0.008823054,0.010380064,0.006747042,0.011937074,0.009861061,0.017646109,0.008304051,0.008304051,0.008823054,0.010380064,0.004152026,0.165406819,0.128229823,0
0.010897064,0.01193488,0.014010511,0.009859248,0.011415972,0.010378156,0.01193488,0.008302525,0.015048326,0.012453787,0.016086142,0.010897064,0.005707986,0.005707986,0.011415972,0.009859248,0.009859248,0.00934034,0.014010511,0.007264709,0.007783617,0.00934034,0.01193488,0.010897064,0.008302525,0.013491603,0.014010511,0.010897064,0.010378156,0.007783617,0.012972695,0.007264709,0.015048326,0.010378156,0.015567234,0.013491603,0.015048326,0.011415972,0.012453787,0.012453787,0.019199589,0.015048326,0.020756312,0.013491603,0.009859248,0.009859248,0.012972695,0.010897064,0.010897064,0.010897064,0.010897064,0.002075631,0.006226894,0.008821433,0.010378156,0.006745801,0.01193488,0.009859248,0.017642865,0.008302525,0.008821433,0.008821433,0.010378156,0.003632355,0.165716478,0.128568908,0
0.010092178,0.012110613,0.015138267,0.010092178,0.011606005,0.010092178,0.012110613,0.008578351,0.014633658,0.012615222,0.016147485,0.011101396,0.005550698,0.005550698,0.011101396,0.009587569,0.010596787,0.00908296,0.01362444,0.007064525,0.007569133,0.009587569,0.011606005,0.010596787,0.008578351,0.013119831,0.014129049,0.011101396,0.010092178,0.007569133,0.013119831,0.007064525,0.015138267,0.010596787,0.015138267,0.013119831,0.014633658,0.011101396,0.012615222,0.012110613,0.018670529,0.015138267,0.021193574,0.014633658,0.010596787,0.010596787,0.013119831,0.010596787,0.011606005,0.010596787,0.011101396,0.001513827,0.006559916,0.008578351,0.010596787,0.006559916,0.012110613,0.009587569,0.017661311,0.008073742,0.008578351,0.008578351,0.010092178,0.004036871,0.165434985,0.12912178,0
0.009704393,0.012615711,0.016012248,0.010189613,0.011160052,0.009704393,0.01358615,0.009219173,0.015041809,0.012615711,0.016012248,0.012615711,0.006793075,0.004852196,0.011645272,0.009219173,0.010674832,0.009219173,0.012130491,0.006307855,0.007278295,0.007278295,0.009704393,0.010674832,0.007763514,0.011160052,0.012615711,0.011645272,0.011645272,0.007763514,0.012130491,0.008248734,0.015527029,0.010189613,0.014556589,0.011645272,0.01407137,0.010674832,0.011645272,0.01358615,0.016497468,0.016012248,0.018438347,0.01407137,0.011645272,0.009704393,0.01310093,0.010189613,0.012615711,0.011645272,0.01310093,0.004366977,0.005822636,0.007763514,0.008248734,0.006307855,0.012615711,0.010189613,0.017953127,0.006307855,0.011645272,0.005822636,0.010189613,0.005337416,0.169648572,0.131635137,0
0.010048346,0.01105318,0.015574936,0.010048346,0.01105318,0.009545928,0.013062849,0.009545928,0.014570101,0.013062849,0.016077353,0.012058015,0.007033842,0.005024173,0.012058015,0.009043511,0.010048346,0.009545928,0.012058015,0.006531425,0.007033842,0.007536259,0.010550763,0.010550763,0.008038677,0.01105318,0.013565267,0.011555598,0.012058015,0.007536259,0.011555598,0.008541094,0.014570101,0.010550763,0.014570101,0.012058015,0.014570101,0.01105318,0.011555598,0.013062849,0.017082188,0.015574936,0.019594274,0.014067684,0.01105318,0.009545928,0.013565267,0.010048346,0.012058015,0.012058015,0.013565267,0.004521756,0.00552659,0.007536259,0.008541094,0.006531425,0.012058015,0.010550763,0.017082188,0.006531425,0.012058015,0.006029007,0.009545928,0.005024173,0.170126478,0.131513491,0
0.010441353,0.01096342,0.014617894,0.010441353,0.01096342,0.010441353,0.012007556,0.00887515,0.015662029,0.012529623,0.014617894,0.012007556,0.005742744,0.005220676,0.013051691,0.009397218,0.009397218,0.009397218,0.013573759,0.007831015,0.008353082,0.009919285,0.010441353,0.011485488,0.008353082,0.011485488,0.012007556,0.011485488,0.01096342,0.007831015,0.013051691,0.007308947,0.015139962,0.01096342,0.015139962,0.013051691,0.014095826,0.012007556,0.011485488,0.012007556,0.0177503,0.015139962,0.020360638,0.014095826,0.010441353,0.009397218,0.014095826,0.010441353,0.011485488,0.01096342,0.011485488,0.002088271,0.006786879,0.008353082,0.009397218,0.006786879,0.012529623,0.010441353,0.020360638,0.006786879,0.00887515,0.00887515,0.009397218,0.004176541,0.16592923,0.129801524,0
0.010331756,0.011881519,0.01394787,0.009815168,0.011364932,0.010331756,0.012398107,0.008265405,0.014981046,0.012398107,0.016530809,0.010848344,0.005682466,0.005682466,0.011364932,0.009815168,0.009815168,0.00929858,0.01394787,0.007232229,0.007748817,0.00929858,0.011881519,0.010848344,0.008265405,0.013431283,0.014464458,0.010848344,0.010331756,0.007748817,0.012914695,0.007232229,0.014981046,0.010331756,0.015497634,0.013431283,0.014981046,0.011364932,0.012398107,0.012398107,0.019113748,0.014981046,0.020663512,0.01394787,0.010331756,0.009815168,0.012914695,0.010848344,0.010848344,0.010848344,0.011364932,0.002066351,0.006199054,0.008781993,0.010331756,0.006715641,0.011881519,0.009815168,0.017563985,0.008265405,0.008781993,0.008781993,0.010331756,0.003616115,0.166011732,0.128845927,0
0.010441353,0.01096342,0.014617894,0.010441353,0.01096342,0.010441353,0.012007556,0.00887515,0.015662029,0.012529623,0.014617894,0.012007556,0.005742744,0.005220676,0.013051691,0.009397218,0.009397218,0.009397218,0.013573759,0.007831015,0.008353082,0.009919285,0.010441353,0.011485488,0.008353082,0.011485488,0.012007556,0.011485488,0.01096342,0.007831015,0.013051691,0.007308947,0.015139962,0.01096342,0.015139962,0.013051691,0.014095826,0.012007556,0.011485488,0.012007556,0.0177503,0.015139962,0.020360638,0.014095826,0.010441353,0.009397218,0.014095826,0.010441353,0.011485488,0.01096342,0.011485488,0.002088271,0.006786879,0.008353082,0.009397218,0.006786879,0.012529623,0.010441353,0.020360638,0.006786879,0.00887515,0.00887515,0.009397218,0.004176541,0.16592923,0.129801524,0
0.010478605,0.012050395,0.015193977,0.010478605,0.011002535,0.009430744,0.012574325,0.009430744,0.015717907,0.012574325,0.015193977,0.011526465,0.005239302,0.005239302,0.011526465,0.009954674,0.010478605,0.009430744,0.013098256,0.006811093,0.006811093,0.009954674,0.012574325,0.010478605,0.008382884,0.012050395,0.014146116,0.011526465,0.011526465,0.007335023,0.012050395,0.006811093,0.016241837,0.010478605,0.015193977,0.012574325,0.015193977,0.011526465,0.011526465,0.011526465,0.018861488,0.015193977,0.020433279,0.013622186,0.009954674,0.009954674,0.013622186,0.011002535,0.011002535,0.010478605,0.011526465,0.002095721,0.006811093,0.008906814,0.009430744,0.006287163,0.012050395,0.009954674,0.018337558,0.007858953,0.008382884,0.008906814,0.010478605,0.005239302,0.164945803,0.129320183,0
0.008850305,0.010412124,0.019783036,0.009370912,0.008850305,0.007288487,0.013015155,0.009370912,0.01093273,0.017700611,0.014576974,0.013015155,0.005726668,0.007288487,0.01093273,0.007288487,0.011973943,0.011453336,0.011973943,0.007288487,0.008850305,0.009370912,0.013535761,0.007809093,0.009891518,0.017700611,0.014576974,0.011453336,0.005726668,0.009891518,0.011973943,0.006247274,0.017180005,0.008329699,0.016138792,0.012494549,0.016659398,0.016659398,0.01509758,0.011453336,0.019783036,0.014576974,0.019783036,0.014056367,0.009891518,0.009370912,0.016659398,0.008329699,0.010412124,0.008329699,0.008329699,0.002082425,0.007809093,0.006767881,0.011973943,0.005206062,0.013535761,0.009891518,0.019262429,0.005726668,0.007809093,0.005206062,0.008850305,0.003644243,0.167289288,0.127289311,0
0.008887536,0.010455925,0.01934346,0.009410332,0.008887536,0.006796351,0.013592702,0.009410332,0.010978721,0.017252276,0.014115498,0.013069906,0.005750759,0.007841943,0.010455925,0.007319147,0.011501517,0.011501517,0.012024313,0.006273555,0.008887536,0.009410332,0.013592702,0.007841943,0.009933128,0.017775072,0.014638294,0.012024313,0.005750759,0.009410332,0.012024313,0.006273555,0.017252276,0.007841943,0.015683887,0.012547109,0.016206683,0.016729479,0.015161091,0.010455925,0.019866257,0.014638294,0.019866257,0.014115498,0.010978721,0.009410332,0.016729479,0.00836474,0.010455925,0.008887536,0.007841943,0.003136777,0.007319147,0.006796351,0.012024313,0.005750759,0.013069906,0.008887536,0.019866257,0.006273555,0.007841943,0.005227962,0.008887536,0.003659574,0.168270648,0.127522833,0
0.00852886,0.011539046,0.019064511,0.008027162,0.010033953,0.00652207,0.013545837,0.009532255,0.011037348,0.019064511,0.013545837,0.012040744,0.005016977,0.00652207,0.011037348,0.00652207,0.012040744,0.011037348,0.014047534,0.007023767,0.008027162,0.009532255,0.013044139,0.008027162,0.010535651,0.01505093,0.014549232,0.011037348,0.006020372,0.009030558,0.013044139,0.007525465,0.016054325,0.00852886,0.014047534,0.012040744,0.017559418,0.016556023,0.014047534,0.012040744,0.01705772,0.01505093,0.021071302,0.01505093,0.010033953,0.010033953,0.016556023,0.009030558,0.010535651,0.00852886,0.00852886,0.002006791,0.00852886,0.006020372,0.010535651,0.006020372,0.012542441,0.010535651,0.019064511,0.007525465,0.00852886,0.005518674,0.009030558,0.004515279,0.16746619,0.128651999,0
0.009182761,0.01134341,0.018905683,0.009182761,0.009722923,0.006481949,0.01350406,0.009182761,0.010263085,0.018365521,0.012963897,0.012963897,0.006481949,0.007022111,0.01134341,0.007562273,0.01134341,0.010263085,0.012423735,0.007562273,0.008642598,0.01134341,0.01350406,0.008102436,0.009182761,0.015124547,0.015124547,0.01134341,0.005941786,0.009722923,0.011883572,0.006481949,0.016745034,0.008102436,0.014584384,0.012423735,0.015664709,0.017825359,0.012423735,0.010263085,0.018905683,0.01350406,0.022146658,0.015664709,0.01134341,0.009182761,0.016745034,0.008102436,0.01134341,0.009182761,0.008642598,0.003240974,0.007022111,0.006481949,0.01134341,0.006481949,0.01350406,0.009182761,0.019986008,0.005401624,0.008642598,0.005401624,0.008102436,0.003240974,0.167771164,0.128937414,0
0.008849738,0.01179965,0.019174431,0.008849738,0.009833042,0.007866433,0.012782954,0.008849738,0.010324694,0.018682779,0.014257911,0.012291302,0.004916521,0.006883129,0.011307998,0.007374781,0.012291302,0.010816346,0.012782954,0.006883129,0.00934139,0.011307998,0.014749563,0.007374781,0.010324694,0.014257911,0.015732867,0.011307998,0.005408173,0.00934139,0.01179965,0.007374781,0.016716171,0.008849738,0.014749563,0.012782954,0.016224519,0.016224519,0.012782954,0.012782954,0.019666083,0.016224519,0.023107648,0.014257911,0.010816346,0.010324694,0.015241215,0.007374781,0.010816346,0.007866433,0.008849738,0.001966608,0.007374781,0.007374781,0.011307998,0.004916521,0.012291302,0.00934139,0.020157736,0.005899825,0.008358085,0.004424869,0.00934139,0.00245826,0.16528992,0.128697684,0
0.008823743,0.010899918,0.017647486,0.009342787,0.009342787,0.007266612,0.012976093,0.009342787,0.009342787,0.016090355,0.01401418,0.012457049,0.005190437,0.007785656,0.010380874,0.0083047,0.010899918,0.010899918,0.011418962,0.008823743,0.009342787,0.010899918,0.01401418,0.007266612,0.010380874,0.015571312,0.01401418,0.011418962,0.006228525,0.009861831,0.012976093,0.006747568,0.016090355,0.0083047,0.015052268,0.011418962,0.015052268,0.016090355,0.013495137,0.011418962,0.01816653,0.013495137,0.020761749,0.016090355,0.010380874,0.009342787,0.01816653,0.008823743,0.010899918,0.009342787,0.007785656,0.002076175,0.0083047,0.006747568,0.010899918,0.007785656,0.012976093,0.010899918,0.019723661,0.006747568,0.0083047,0.006747568,0.008823743,0.00415235,0.167524409,0.128133265,0
0.009598373,0.011518048,0.018716828,0.008158617,0.010078292,0.00719878,0.013437722,0.009118454,0.010078292,0.017277072,0.01439756,0.012957804,0.006238943,0.00719878,0.01055821,0.006718861,0.011038129,0.01055821,0.012477885,0.008158617,0.008638536,0.01055821,0.013437722,0.007678698,0.010078292,0.015357397,0.013917641,0.011518048,0.006238943,0.009118454,0.012957804,0.006238943,0.016797153,0.008158617,0.01439756,0.011518048,0.015357397,0.015837316,0.013437722,0.011518048,0.01775699,0.014877478,0.022556177,0.016317234,0.011997966,0.009598373,0.015837316,0.008638536,0.011038129,0.009598373,0.009118454,0.002879512,0.008158617,0.006718861,0.01055821,0.006238943,0.012957804,0.008638536,0.020636502,0.005279105,0.008158617,0.005279105,0.008158617,0.004319268,0.167717368,0.128721882,0
0.008348942,0.010436177,0.018785119,0.00939256,0.008870751,0.007827133,0.012001604,0.008870751,0.010436177,0.018263311,0.01408884,0.012523413,0.005218089,0.006783515,0.012001604,0.007827133,0.012001604,0.010436177,0.012523413,0.007305324,0.008870751,0.011479795,0.015654266,0.007827133,0.010436177,0.015132457,0.015654266,0.011479795,0.005739898,0.00939256,0.011479795,0.006783515,0.016697884,0.008870751,0.015654266,0.013045222,0.016697884,0.016697884,0.013567031,0.012001604,0.020872355,0.015654266,0.021915973,0.013045222,0.009914369,0.009914369,0.016176075,0.007827133,0.009914369,0.008348942,0.008348942,0.002087235,0.007305324,0.007827133,0.011479795,0.00469628,0.012523413,0.009914369,0.019828737,0.006783515,0.007827133,0.005218089,0.00939256,0.002609044,0.165821866,0.12764892,0
0.007914466,0.011377045,0.018302203,0.008903775,0.009398429,0.007914466,0.012861008,0.008903775,0.010882391,0.017807549,0.01434497,0.012861008,0.004946541,0.006925158,0.011377045,0.007419812,0.011377045,0.010882391,0.013355662,0.006925158,0.008903775,0.010882391,0.014839624,0.007914466,0.010882391,0.014839624,0.015828932,0.010882391,0.005441196,0.009398429,0.012366354,0.006925158,0.017312895,0.008903775,0.015334278,0.012861008,0.016323587,0.015828932,0.013850316,0.012861008,0.019786166,0.016818241,0.022259436,0.013850316,0.009893083,0.009893083,0.015828932,0.007914466,0.009893083,0.007914466,0.00840912,0.001978617,0.007914466,0.007914466,0.010882391,0.004451887,0.012861008,0.009398429,0.02028082,0.006430504,0.007914466,0.004946541,0.009398429,0.002967925,0.165099992,0.128039242,0
0.008500335,0.010625419,0.019657025,0.009031606,0.009031606,0.006906522,0.013281774,0.010625419,0.010625419,0.018063212,0.012750503,0.012750503,0.00584398,0.007437793,0.01115669,0.007969064,0.010625419,0.011687961,0.012219232,0.006906522,0.009031606,0.008500335,0.013281774,0.007969064,0.009031606,0.016469399,0.014344315,0.011687961,0.006375251,0.010094148,0.012219232,0.006375251,0.01700067,0.008500335,0.014875586,0.012750503,0.014875586,0.016469399,0.013281774,0.01115669,0.019125754,0.013281774,0.020719567,0.015406857,0.01115669,0.009031606,0.017531941,0.007969064,0.011687961,0.008500335,0.007437793,0.003718897,0.008500335,0.006906522,0.011687961,0.005312709,0.014344315,0.008500335,0.020719567,0.00584398,0.007969064,0.00584398,0.008500335,0.003718897,0.168151574,0.128445697,0
0.011181654,0.011714114,0.013311493,0.013311493,0.009584275,0.012246573,0.012779033,0.009051815,0.012246573,0.013311493,0.013843953,0.012246573,0.006389517,0.009051815,0.012779033,0.006389517,0.011181654,0.010649194,0.011714114,0.005857057,0.009584275,0.008519355,0.012246573,0.010116735,0.009051815,0.013311493,0.013311493,0.012246573,0.009584275,0.006389517,0.009051815,0.010649194,0.014376412,0.010116735,0.016506251,0.013311493,0.012246573,0.010649194,0.012246573,0.011714114,0.020233469,0.011714114,0.025025607,0.012779033,0.013311493,0.012246573,0.014376412,0.006389517,0.012779033,0.011181654,0.010116735,0.002129839,0.007986896,0.009051815,0.010649194,0.004792137,0.012779033,0.008519355,0.017571171,0.009051815,0.006921976,0.004792137,0.011714114,0.003194758,0.167908319,0.128712397,0
0.010588628,0.012101289,0.01361395,0.01310973,0.009580187,0.011597069,0.01361395,0.009075967,0.011597069,0.01310973,0.01411817,0.01310973,0.006554865,0.009075967,0.012101289,0.006050644,0.011092848,0.010588628,0.011597069,0.006050644,0.009075967,0.008067526,0.011597069,0.009580187,0.010084407,0.012605509,0.015126611,0.011597069,0.009075967,0.006050644,0.009075967,0.010588628,0.015126611,0.010084407,0.017143493,0.012605509,0.01310973,0.010588628,0.012605509,0.011092848,0.020673035,0.01310973,0.024202578,0.01361395,0.01310973,0.012605509,0.015126611,0.006050644,0.012605509,0.011092848,0.009580187,0.002016881,0.007563306,0.008571746,0.011597069,0.005042204,0.012605509,0.008571746,0.018151933,0.008571746,0.006554865,0.005042204,0.011092848,0.003025322,0.16768777,0.12892481,0
0.011099218,0.011627752,0.013741889,0.013213355,0.009513616,0.012156287,0.012684821,0.008985081,0.012156287,0.013213355,0.014798958,0.012156287,0.00634241,0.008985081,0.012684821,0.00634241,0.011099218,0.010570684,0.011627752,0.005813876,0.009513616,0.008456547,0.012684821,0.01004215,0.008985081,0.013741889,0.013213355,0.012156287,0.009513616,0.00634241,0.008985081,0.010570684,0.014798958,0.01004215,0.016913094,0.013213355,0.012156287,0.011099218,0.012156287,0.011627752,0.021141368,0.012156287,0.024841107,0.012684821,0.013213355,0.012156287,0.014270423,0.00634241,0.012684821,0.011099218,0.01004215,0.002114137,0.007928013,0.008985081,0.010570684,0.004756808,0.012684821,0.008456547,0.017441629,0.008985081,0.006870945,0.004756808,0.011627752,0.003171205,0.167385623,0.128606824,0
0.009569749,0.014354623,0.013397648,0.011483699,0.010048236,0.012440673,0.013876136,0.010048236,0.010048236,0.012919161,0.014354623,0.013397648,0.006220337,0.007655799,0.012440673,0.006220337,0.011483699,0.011962186,0.011005211,0.006698824,0.008134286,0.008134286,0.011483699,0.009569749,0.010048236,0.011962186,0.014833111,0.010526724,0.010048236,0.004784874,0.010526724,0.010048236,0.015311598,0.008134286,0.015311598,0.012919161,0.015311598,0.009569749,0.011483699,0.011962186,0.019617985,0.012440673,0.024881347,0.014354623,0.012919161,0.011483699,0.015790086,0.006698824,0.012440673,0.011962186,0.011005211,0.001435462,0.007655799,0.007177312,0.010526724,0.0038279,0.011962186,0.010526724,0.017704035,0.008612774,0.007655799,0.005263362,0.010048236,0.004306387,0.16967819,0.130294683,0
0.010294393,0.013725857,0.013725857,0.011274811,0.009313974,0.01176502,0.014216066,0.010294393,0.009804183,0.012745439,0.014216066,0.013235648,0.006372719,0.008333556,0.012255229,0.006372719,0.01176502,0.012255229,0.010784602,0.006862928,0.008333556,0.007843347,0.011274811,0.008823765,0.010294393,0.013235648,0.014706275,0.010294393,0.009313974,0.00588251,0.009313974,0.009804183,0.015196484,0.008823765,0.015196484,0.012745439,0.015196484,0.009313974,0.01176502,0.011274811,0.019608367,0.012745439,0.024510459,0.015196484,0.012255229,0.01176502,0.016667112,0.007353138,0.01176502,0.010784602,0.010294393,0.002451046,0.008823765,0.007353138,0.011274811,0.003921673,0.012745439,0.008823765,0.018627949,0.008823765,0.007353138,0.005392301,0.010784602,0.003921673,0.169206804,0.129303868,0
0.010943231,0.011490392,0.013131877,0.012584715,0.009848908,0.012584715,0.013131877,0.009848908,0.011490392,0.0142262,0.012584715,0.012037554,0.004924454,0.007660261,0.013131877,0.007660261,0.011490392,0.011490392,0.010943231,0.006565938,0.009301746,0.008754585,0.012584715,0.010396069,0.009848908,0.013131877,0.0142262,0.010943231,0.009848908,0.006018777,0.009848908,0.009301746,0.0142262,0.010396069,0.015320523,0.012584715,0.0142262,0.011490392,0.013679038,0.010396069,0.019150654,0.011490392,0.02516943,0.013679038,0.012037554,0.010943231,0.014773361,0.007660261,0.011490392,0.012037554,0.010943231,0.001094323,0.0071131,0.008207423,0.009301746,0.004377292,0.012037554,0.010943231,0.017509169,0.008754585,0.008754585,0.004377292,0.011490392,0.004377292,0.169210051,0.128781703,0
0.009731306,0.012975075,0.01343847,0.011584888,0.010194702,0.012048284,0.013901866,0.009731306,0.010658097,0.012975075,0.012511679,0.012975075,0.005097351,0.007877724,0.012975075,0.007414328,0.010658097,0.011121493,0.010658097,0.007414328,0.008804515,0.007877724,0.011584888,0.009731306,0.010194702,0.012048284,0.015755448,0.011121493,0.008804515,0.005560746,0.011121493,0.009267911,0.015292053,0.009731306,0.014365261,0.01343847,0.013901866,0.010658097,0.01343847,0.011121493,0.019462612,0.01343847,0.025486754,0.014365261,0.01343847,0.011121493,0.014828657,0.006487537,0.012048284,0.012048284,0.010658097,0.000926791,0.007414328,0.007414328,0.010194702,0.00417056,0.012511679,0.010658097,0.018999217,0.007414328,0.00834112,0.004633955,0.010658097,0.00417056,0.16963165,0.129714308,0
0.010610036,0.012125755,0.013136235,0.013136235,0.009599556,0.011620515,0.013641474,0.009094316,0.011620515,0.013136235,0.014146714,0.013136235,0.006568117,0.009094316,0.012125755,0.006062878,0.010610036,0.010610036,0.012125755,0.006062878,0.009094316,0.008083837,0.011620515,0.009599556,0.010104796,0.012630995,0.015157194,0.011620515,0.009094316,0.006062878,0.009094316,0.010610036,0.015157194,0.010104796,0.017178153,0.012630995,0.012630995,0.010610036,0.012630995,0.011115275,0.020714832,0.013136235,0.02425151,0.013641474,0.013136235,0.012630995,0.015157194,0.006062878,0.012630995,0.011115275,0.009599556,0.002020959,0.007578597,0.008589076,0.011620515,0.005052398,0.012630995,0.008083837,0.018188633,0.008589076,0.006568117,0.005052398,0.011115275,0.003031439,0.167559159,0.129147049,0
0.010616538,0.012133187,0.013144286,0.012638736,0.009605439,0.012133187,0.013649835,0.010110989,0.011122088,0.013649835,0.012638736,0.013144286,0.005561044,0.007583242,0.012638736,0.007077692,0.010616538,0.011122088,0.011627637,0.006572143,0.00909989,0.008594341,0.012133187,0.009605439,0.010616538,0.012638736,0.015672033,0.011122088,0.009605439,0.005561044,0.009605439,0.00909989,0.014660934,0.010110989,0.015672033,0.012638736,0.014155384,0.011122088,0.013649835,0.010110989,0.019716428,0.012638736,0.025277472,0.014155384,0.013144286,0.011122088,0.015166483,0.007077692,0.012638736,0.012133187,0.010110989,0.001011099,0.007077692,0.007583242,0.010110989,0.004549945,0.011627637,0.010110989,0.01819978,0.008088791,0.007583242,0.005055494,0.010616538,0.003538846,0.169352803,0.129450117,0
0.010970766,0.012965451,0.014461464,0.011968108,0.009474752,0.011968108,0.01246678,0.008976081,0.010970766,0.012965451,0.014461464,0.01246678,0.006981397,0.006981397,0.012965451,0.005984054,0.011968108,0.009973424,0.010472095,0.006482725,0.007480068,0.007480068,0.01246678,0.009973424,0.009474752,0.013962793,0.015458807,0.011968108,0.008976081,0.005485383,0.008976081,0.009474752,0.013962793,0.00847741,0.014461464,0.01246678,0.015458807,0.010970766,0.014960135,0.009474752,0.018450834,0.013962793,0.026429573,0.015458807,0.013464122,0.011469437,0.014960135,0.007480068,0.013464122,0.011469437,0.011469437,0.001994685,0.006981397,0.006981397,0.010970766,0.004488041,0.010472095,0.009973424,0.017453491,0.007480068,0.008976081,0.005485383,0.00847741,0.004488041,0.170918818,0.129445514,0
0.009276175,0.015623032,0.014158373,0.010252615,0.012205494,0.010252615,0.012205494,0.010252615,0.009764395,0.015134813,0.015623032,0.015134813,0.005370417,0.007323296,0.009276175,0.006346857,0.010252615,0.009764395,0.012693714,0.005858637,0.006835077,0.008787956,0.011229055,0.010252615,0.008299736,0.011717274,0.016599472,0.010740835,0.011717274,0.005370417,0.010252615,0.009276175,0.017087692,0.008787956,0.015623032,0.009276175,0.012205494,0.011717274,0.015623032,0.012205494,0.019040571,0.013181934,0.02001701,0.014646593,0.012205494,0.009276175,0.015134813,0.011229055,0.012693714,0.010740835,0.013181934,0.002929319,0.007323296,0.006346857,0.008299736,0.003905758,0.013670153,0.011717274,0.014646593,0.007323296,0.010252615,0.003905758,0.012693714,0.003417538,0.16953227,0.132313468,0
0.00993217,0.013408429,0.015394863,0.012415212,0.009435561,0.010925387,0.012415212,0.009435561,0.010428778,0.016884689,0.013905038,0.012415212,0.005462693,0.007449127,0.012911821,0.005462693,0.00993217,0.008938953,0.010925387,0.005959302,0.008442344,0.006952519,0.012415212,0.010925387,0.010428778,0.010925387,0.017877906,0.012415212,0.00993217,0.005959302,0.00993217,0.008938953,0.018871123,0.008442344,0.017381297,0.00993217,0.011918604,0.012415212,0.015891472,0.00993217,0.021354165,0.012911821,0.019367731,0.013905038,0.011918604,0.00993217,0.014898255,0.010925387,0.012415212,0.011421995,0.00993217,0.002979651,0.005959302,0.008442344,0.010925387,0.004469476,0.012415212,0.009435561,0.01638808,0.008938953,0.009435561,0.00645591,0.009435561,0.003972868,0.168416258,0.129379324,0
0.010087754,0.014891447,0.013930708,0.010568123,0.011048493,0.010568123,0.0124896,0.011048493,0.009607385,0.014891447,0.016332554,0.013930708,0.005764431,0.007685908,0.009127016,0.005764431,0.010087754,0.010087754,0.011528862,0.005284062,0.0062448,0.009607385,0.01296997,0.009607385,0.008166277,0.011048493,0.017773662,0.011528862,0.010568123,0.005764431,0.011528862,0.008166277,0.016332554,0.009607385,0.016812924,0.009127016,0.0124896,0.012009231,0.014891447,0.012009231,0.019695139,0.013450339,0.01921477,0.015371816,0.011528862,0.008166277,0.016332554,0.012009231,0.01296997,0.010568123,0.0124896,0.002882215,0.007205539,0.0062448,0.008166277,0.003362585,0.014411077,0.012009231,0.014411077,0.007685908,0.011048493,0.003362585,0.011528862,0.003362585,0.169400009,0.132143109,0
0.009477224,0.014215836,0.014215836,0.012636299,0.009477224,0.011056762,0.012636299,0.011056762,0.011056762,0.015268861,0.015268861,0.011056762,0.004738612,0.008424199,0.011583274,0.005791637,0.010003737,0.010530249,0.012636299,0.005265125,0.007371174,0.006844662,0.012109786,0.010003737,0.008950712,0.013162811,0.016321886,0.011583274,0.009477224,0.005265125,0.011056762,0.010003737,0.018427936,0.008950712,0.015795374,0.009477224,0.014742349,0.010530249,0.015268861,0.011056762,0.018954448,0.013689324,0.017374911,0.014742349,0.011056762,0.010530249,0.016848399,0.010003737,0.012636299,0.010530249,0.009477224,0.003159075,0.006844662,0.007897687,0.010003737,0.003685587,0.013689324,0.009477224,0.015795374,0.011056762,0.010530249,0.004738612,0.010530249,0.003685587,0.1702242,0.130040746,0
0.010610361,0.012732433,0.014323988,0.012201915,0.009549325,0.010079843,0.013262952,0.010079843,0.007957771,0.014323988,0.01379347,0.01379347,0.005835699,0.009018807,0.011671397,0.006366217,0.009549325,0.009549325,0.010079843,0.005835699,0.006366217,0.006896735,0.01379347,0.010610361,0.011671397,0.011671397,0.017507096,0.012201915,0.009549325,0.006366217,0.011671397,0.007427253,0.018037614,0.009018807,0.01644606,0.011671397,0.012201915,0.012732433,0.015385024,0.008488289,0.02175124,0.01379347,0.019629168,0.01379347,0.011671397,0.010610361,0.01644606,0.010079843,0.011671397,0.011671397,0.009018807,0.003183108,0.006896735,0.007957771,0.010610361,0.005835699,0.013262952,0.009018807,0.018037614,0.009018807,0.008488289,0.005305181,0.009549325,0.003713626,0.168897351,0.129757774,0
0.009577566,0.014366349,0.014845227,0.010535323,0.011014201,0.010535323,0.012450836,0.011014201,0.009577566,0.014845227,0.015802984,0.014366349,0.00574654,0.007662053,0.009098688,0.00574654,0.010056444,0.010535323,0.011493079,0.005267661,0.006225418,0.008140931,0.012929714,0.009098688,0.008140931,0.011014201,0.017718497,0.011493079,0.010535323,0.00574654,0.011014201,0.008619809,0.016760741,0.009577566,0.016281862,0.009098688,0.012450836,0.011493079,0.014845227,0.012450836,0.019155132,0.013408592,0.019155132,0.015324106,0.011493079,0.008619809,0.016760741,0.011971958,0.012929714,0.010535323,0.012450836,0.00287327,0.007662053,0.006225418,0.008140931,0.003352148,0.014845227,0.011971958,0.014366349,0.007662053,0.011014201,0.003352148,0.011971958,0.004788783,0.169576962,0.132218476,0
0.009276175,0.015623032,0.014158373,0.010252615,0.012205494,0.010252615,0.012205494,0.010252615,0.009764395,0.015134813,0.015623032,0.015134813,0.005370417,0.007323296,0.009276175,0.006346857,0.010252615,0.009764395,0.012693714,0.005858637,0.006835077,0.008787956,0.011229055,0.010252615,0.008299736,0.011717274,0.016599472,0.010740835,0.011717274,0.005370417,0.010252615,0.009276175,0.017087692,0.008787956,0.015623032,0.009276175,0.012205494,0.011717274,0.015623032,0.012205494,0.019040571,0.013181934,0.02001701,0.014646593,0.012205494,0.009276175,0.015134813,0.011229055,0.012693714,0.010740835,0.013181934,0.002929319,0.007323296,0.006346857,0.008299736,0.003905758,0.013670153,0.011717274,0.014646593,0.007323296,0.010252615,0.003905758,0.012693714,0.003417538,0.16953227,0.132313468,0
0.009101344,0.015328579,0.014370543,0.010538398,0.011975453,0.010538398,0.012454471,0.010538398,0.009101344,0.014849561,0.015328579,0.014849561,0.005269199,0.007185272,0.009101344,0.006706254,0.01005938,0.01005938,0.012454471,0.005748217,0.007185272,0.008622326,0.011017416,0.01005938,0.008143308,0.011017416,0.016765634,0.010538398,0.011496435,0.005269199,0.010538398,0.009101344,0.017244652,0.009101344,0.015328579,0.008622326,0.011975453,0.011496435,0.014849561,0.011975453,0.018681706,0.012933489,0.021076797,0.015807598,0.011496435,0.009101344,0.016286616,0.011975453,0.012933489,0.011017416,0.012454471,0.002874109,0.007185272,0.006227235,0.008143308,0.003832145,0.014370543,0.011496435,0.015328579,0.00766429,0.011017416,0.003832145,0.012933489,0.003353127,0.169276954,0.132793662,0
0.009286162,0.015639851,0.014173615,0.010263652,0.012218634,0.010263652,0.012218634,0.010263652,0.009774907,0.015639851,0.015639851,0.015151106,0.005376199,0.00733118,0.009286162,0.00635369,0.010752398,0.009774907,0.012707379,0.005864944,0.00733118,0.008797416,0.011241143,0.010263652,0.008308671,0.011241143,0.016617342,0.010752398,0.011241143,0.005376199,0.010263652,0.009286162,0.017106087,0.008797416,0.016128597,0.009286162,0.012218634,0.012218634,0.015151106,0.011729889,0.019549814,0.012707379,0.02003856,0.014662361,0.012218634,0.009286162,0.015151106,0.011241143,0.012218634,0.010752398,0.013196125,0.002932472,0.00733118,0.00635369,0.008308671,0.003909963,0.01368487,0.011729889,0.014662361,0.00733118,0.010263652,0.003909963,0.012707379,0.003421217,0.169071247,0.132022893,0
0.009519813,0.01427972,0.015231701,0.011423776,0.009995804,0.010947785,0.012851748,0.009519813,0.008091841,0.015231701,0.01475571,0.013803729,0.004759907,0.00713986,0.011899766,0.005711888,0.009519813,0.009519813,0.010947785,0.005711888,0.00761585,0.00761585,0.012851748,0.010471794,0.011423776,0.010947785,0.017611654,0.012851748,0.009519813,0.005711888,0.010947785,0.008567832,0.018087645,0.008567832,0.017135664,0.009995804,0.012375757,0.012375757,0.015707692,0.009995804,0.020467598,0.01475571,0.019515617,0.01427972,0.011899766,0.011423776,0.016659673,0.009519813,0.013327738,0.010947785,0.009043822,0.002379953,0.005711888,0.00761585,0.011423776,0.004759907,0.013803729,0.009519813,0.017135664,0.008567832,0.009519813,0.005235897,0.009043822,0.003331935,0.168709932,0.130155835,0
0.009999139,0.012104221,0.015261844,0.01105168,0.009472869,0.007894057,0.013683032,0.009999139,0.01157795,0.015788114,0.014209303,0.012630491,0.006841516,0.008420328,0.01105168,0.007367787,0.009999139,0.009999139,0.012630491,0.008420328,0.007894057,0.007894057,0.012104221,0.008420328,0.007367787,0.014209303,0.013683032,0.012104221,0.006841516,0.009472869,0.01157795,0.007367787,0.015261844,0.008420328,0.017366926,0.01157795,0.014209303,0.012630491,0.013683032,0.01157795,0.018419467,0.014209303,0.017366926,0.013156762,0.01157795,0.006841516,0.016840655,0.012104221,0.013156762,0.010525409,0.008946598,0.002105082,0.009472869,0.007894057,0.007894057,0.005262705,0.015261844,0.008420328,0.017893196,0.009472869,0.009472869,0.005788975,0.01157795,0.005788975,0.170309508,0.12817195,0
0.008221136,0.01402429,0.016442271,0.009671924,0.009188328,0.009188328,0.013540694,0.009671924,0.010639117,0.01402429,0.014991483,0.012089905,0.005803155,0.007253943,0.010155521,0.007253943,0.010639117,0.009671924,0.010155521,0.006770347,0.007253943,0.008221136,0.012089905,0.010155521,0.008704732,0.01402429,0.014991483,0.012573502,0.008704732,0.009188328,0.012089905,0.007737539,0.015958675,0.008704732,0.014991483,0.011122713,0.013057098,0.013057098,0.01402429,0.013057098,0.017409464,0.016442271,0.019343849,0.014507886,0.011606309,0.007253943,0.015958675,0.012089905,0.013540694,0.009188328,0.009671924,0.002901577,0.007737539,0.007253943,0.010639117,0.004835962,0.01402429,0.008704732,0.018376656,0.007737539,0.009671924,0.006770347,0.010639117,0.006286751,0.168382619,0.129919272,0
0.008704322,0.014023631,0.016441498,0.009671469,0.009671469,0.009187896,0.013540057,0.009187896,0.010638616,0.014023631,0.014990777,0.012089337,0.005802882,0.006770029,0.010155043,0.007737175,0.010155043,0.009671469,0.010155043,0.007253602,0.007253602,0.008220749,0.012089337,0.010155043,0.009187896,0.013540057,0.014990777,0.012089337,0.008704322,0.009187896,0.012089337,0.007253602,0.016441498,0.008704322,0.014990777,0.010638616,0.01257291,0.013056484,0.014023631,0.013056484,0.016925071,0.016441498,0.019342939,0.014990777,0.011605763,0.007253602,0.015957924,0.01257291,0.013540057,0.009187896,0.009671469,0.002901441,0.007737175,0.007253602,0.010155043,0.004835735,0.014023631,0.008704322,0.018375792,0.008220749,0.009671469,0.006770029,0.01112219,0.006286455,0.168379476,0.129955424,0
0.008704322,0.014023631,0.016441498,0.009671469,0.009671469,0.009187896,0.013540057,0.009187896,0.010638616,0.014023631,0.014990777,0.012089337,0.005802882,0.006770029,0.010155043,0.007737175,0.010155043,0.009671469,0.010155043,0.007253602,0.007253602,0.008220749,0.012089337,0.010155043,0.009187896,0.013540057,0.014990777,0.012089337,0.008704322,0.009187896,0.012089337,0.007253602,0.016441498,0.008704322,0.014990777,0.010638616,0.01257291,0.013056484,0.014023631,0.013056484,0.016925071,0.016441498,0.019342939,0.014990777,0.011605763,0.007253602,0.015957924,0.01257291,0.013540057,0.009187896,0.009671469,0.002901441,0.007737175,0.007253602,0.010155043,0.004835735,0.014023631,0.008704322,0.018375792,0.008220749,0.009671469,0.006770029,0.01112219,0.006286455,0.168379476,0.129955424,0
0.008704322,0.014023631,0.016441498,0.009671469,0.009671469,0.009187896,0.013540057,0.009187896,0.010638616,0.014023631,0.014990777,0.012089337,0.005802882,0.006770029,0.010155043,0.007737175,0.010155043,0.009671469,0.010155043,0.007253602,0.007253602,0.008220749,0.012089337,0.010155043,0.009187896,0.013540057,0.014990777,0.012089337,0.008704322,0.009187896,0.012089337,0.007253602,0.016441498,0.008704322,0.014990777,0.010638616,0.01257291,0.013056484,0.014023631,0.013056484,0.016925071,0.016441498,0.019342939,0.014990777,0.011605763,0.007253602,0.015957924,0.01257291,0.013540057,0.009187896,0.009671469,0.002901441,0.007737175,0.007253602,0.010155043,0.004835735,0.014023631,0.008704322,0.018375792,0.008220749,0.009671469,0.006770029,0.01112219,0.006286455,0.168379476,0.129955424,0
0.008552671,0.012577457,0.017105341,0.010061965,0.009055769,0.009055769,0.013583653,0.009055769,0.009558867,0.015092948,0.01458985,0.012074358,0.006540277,0.006540277,0.010565064,0.007043376,0.011068162,0.008552671,0.011068162,0.007043376,0.007546474,0.010061965,0.012074358,0.009558867,0.008552671,0.01458985,0.015596046,0.01157126,0.009055769,0.009055769,0.01157126,0.007546474,0.015596046,0.009055769,0.014086751,0.010565064,0.013583653,0.013583653,0.01458985,0.013583653,0.018111538,0.017105341,0.019620832,0.013583653,0.010565064,0.007043376,0.015092948,0.013080555,0.013080555,0.010565064,0.009055769,0.00301859,0.007546474,0.007043376,0.010061965,0.005030983,0.013080555,0.008552671,0.018614636,0.008552671,0.009558867,0.007043376,0.011068162,0.004527884,0.168922656,0.130261457,0
0.008704322,0.014023631,0.016441498,0.009671469,0.009671469,0.009187896,0.013540057,0.009187896,0.010638616,0.014023631,0.014990777,0.012089337,0.005802882,0.006770029,0.010155043,0.007737175,0.010155043,0.009671469,0.010155043,0.007253602,0.007253602,0.008220749,0.012089337,0.010155043,0.009187896,0.013540057,0.014990777,0.012089337,0.008704322,0.009187896,0.012089337,0.007253602,0.016441498,0.008704322,0.014990777,0.010638616,0.01257291,0.013056484,0.014023631,0.013056484,0.016925071,0.016441498,0.019342939,0.014990777,0.011605763,0.007253602,0.015957924,0.01257291,0.013540057,0.009187896,0.009671469,0.002901441,0.007737175,0.007253602,0.010155043,0.004835735,0.014023631,0.008704322,0.018375792,0.008220749,0.009671469,0.006770029,0.01112219,0.006286455,0.168379476,0.129955424,0
0.009793906,0.011426224,0.015779071,0.010882118,0.0092498,0.008161589,0.013058542,0.009793906,0.010882118,0.015234965,0.014146754,0.011426224,0.006529271,0.007073377,0.010338012,0.008705695,0.009793906,0.0092498,0.010882118,0.007073377,0.007617483,0.008705695,0.012514436,0.009793906,0.007617483,0.013058542,0.015234965,0.012514436,0.008705695,0.0092498,0.011426224,0.007617483,0.015234965,0.008705695,0.015779071,0.011426224,0.01197033,0.014146754,0.013058542,0.012514436,0.017955495,0.015234965,0.018499601,0.014146754,0.011426224,0.007073377,0.016323177,0.012514436,0.013058542,0.010338012,0.009793906,0.003264635,0.008161589,0.007617483,0.009793906,0.004896953,0.01469086,0.008161589,0.017955495,0.0092498,0.009793906,0.007073377,0.01197033,0.005441059,0.169008434,0.130183156,0
0.009793906,0.011426224,0.015779071,0.010882118,0.0092498,0.008161589,0.013058542,0.009793906,0.010882118,0.015234965,0.014146754,0.011426224,0.006529271,0.007073377,0.010338012,0.008705695,0.009793906,0.0092498,0.010882118,0.007073377,0.007617483,0.008705695,0.012514436,0.009793906,0.007617483,0.013058542,0.015234965,0.012514436,0.008705695,0.0092498,0.011426224,0.007617483,0.015234965,0.008705695,0.015779071,0.011426224,0.01197033,0.014146754,0.013058542,0.012514436,0.017955495,0.015234965,0.018499601,0.014146754,0.011426224,0.007073377,0.016323177,0.012514436,0.013058542,0.010338012,0.009793906,0.003264635,0.008161589,0.007617483,0.009793906,0.004896953,0.01469086,0.008161589,0.017955495,0.0092498,0.009793906,0.007073377,0.01197033,0.005441059,0.169008434,0.130183156,0
0.014428744,0.010945944,0.015921373,0.010945944,0.007463144,0.010448401,0.010448401,0.008955772,0.009453315,0.016418916,0.01542383,0.010448401,0.006965601,0.007463144,0.008955772,0.008955772,0.009950858,0.008955772,0.012936116,0.005970515,0.012438573,0.014926287,0.013433659,0.010448401,0.008955772,0.013433659,0.014926287,0.010448401,0.007960687,0.005970515,0.013931201,0.007463144,0.016418916,0.008458229,0.014428744,0.012438573,0.01194103,0.015921373,0.014926287,0.01194103,0.020896802,0.015921373,0.026369774,0.012438573,0.008458229,0.006965601,0.013931201,0.010945944,0.011443487,0.008955772,0.008458229,0.002985257,0.005970515,0.009950858,0.008955772,0.003980343,0.012438573,0.008955772,0.018906631,0.007463144,0.008458229,0.008458229,0.010448401,0.006965601,0.160610686,0.128400495,0
0.009479854,0.012972431,0.012473492,0.012473492,0.010477733,0.011974552,0.013471371,0.006486216,0.010477733,0.013471371,0.013471371,0.013970311,0.009479854,0.004989397,0.010976673,0.010477733,0.011974552,0.008481974,0.012473492,0.006985155,0.010477733,0.010477733,0.008481974,0.012473492,0.006985155,0.011475612,0.016963949,0.010477733,0.008481974,0.006985155,0.010477733,0.007484095,0.013970311,0.007983035,0.013471371,0.013471371,0.012473492,0.012473492,0.010976673,0.009479854,0.017961828,0.013970311,0.021454406,0.016465009,0.010976673,0.009978793,0.013970311,0.011475612,0.011974552,0.012972431,0.012972431,0.002993638,0.006486216,0.006486216,0.012972431,0.004989397,0.013471371,0.006486216,0.018460768,0.005488336,0.011974552,0.008980914,0.008481974,0.003991517,0.168929194,0.133054216,0
0.008914137,0.012875975,0.012875975,0.012380745,0.010399826,0.012380745,0.013866435,0.006437987,0.010895056,0.012875975,0.013371205,0.014856894,0.009409366,0.004952298,0.010895056,0.009904596,0.011885515,0.008914137,0.012875975,0.006437987,0.010895056,0.010399826,0.007923677,0.012380745,0.006933217,0.011390286,0.016837813,0.010895056,0.008418907,0.006437987,0.010399826,0.007428447,0.014361664,0.008418907,0.013371205,0.013371205,0.012380745,0.011885515,0.010895056,0.009409366,0.017828273,0.013866435,0.021294882,0.016837813,0.011390286,0.010399826,0.014856894,0.011390286,0.011885515,0.012875975,0.012875975,0.002971379,0.006437987,0.006437987,0.013371205,0.004457068,0.013866435,0.006437987,0.018323503,0.005447528,0.011885515,0.008914137,0.007923677,0.003961838,0.16915615,0.133065053,0
0.008771963,0.013157944,0.013157944,0.011695951,0.010721288,0.011208619,0.013645276,0.006335307,0.013157944,0.012670613,0.012670613,0.015107269,0.009259294,0.006822638,0.010721288,0.009746625,0.012183282,0.008771963,0.012183282,0.006822638,0.010721288,0.010721288,0.008284632,0.011208619,0.006822638,0.011695951,0.016081932,0.011208619,0.0077973,0.0077973,0.010233957,0.006335307,0.014132607,0.008284632,0.014619938,0.014132607,0.011695951,0.012183282,0.010721288,0.009259294,0.017056595,0.013157944,0.021442576,0.017056595,0.012670613,0.009259294,0.014619938,0.011695951,0.011695951,0.011695951,0.013157944,0.00389865,0.006822638,0.006822638,0.013157944,0.005360644,0.014132607,0.006335307,0.018518588,0.004873313,0.011208619,0.008284632,0.008284632,0.005360644,0.168818858,0.131860764,0
0.008687678,0.013514166,0.013031517,0.012066219,0.010618273,0.011583571,0.013514166,0.006274434,0.011100922,0.013031517,0.013514166,0.014479463,0.009652975,0.006274434,0.010618273,0.010135624,0.012066219,0.008687678,0.012548868,0.006757083,0.010618273,0.010618273,0.00772238,0.012548868,0.006757083,0.011100922,0.016892707,0.010618273,0.008205029,0.005791785,0.011100922,0.007239732,0.014479463,0.008205029,0.013031517,0.014479463,0.012066219,0.012066219,0.011100922,0.009170327,0.018340653,0.013514166,0.021236546,0.016892707,0.011583571,0.009652975,0.014479463,0.011583571,0.012066219,0.011583571,0.013514166,0.003378541,0.006757083,0.007239732,0.013031517,0.004343839,0.013996814,0.006757083,0.018340653,0.005309137,0.011100922,0.009652975,0.008205029,0.004343839,0.168454145,0.132670429,0
0.008914137,0.012875975,0.012875975,0.012380745,0.010399826,0.012380745,0.013866435,0.006437987,0.010895056,0.012875975,0.013371205,0.014856894,0.009409366,0.004952298,0.010895056,0.009904596,0.011885515,0.008914137,0.012875975,0.006437987,0.010895056,0.010399826,0.007923677,0.012380745,0.006933217,0.011390286,0.016837813,0.010895056,0.008418907,0.006437987,0.010399826,0.007428447,0.014361664,0.008418907,0.013371205,0.013371205,0.012380745,0.011885515,0.010895056,0.009409366,0.017828273,0.013866435,0.021294882,0.016837813,0.011390286,0.010399826,0.014856894,0.011390286,0.011885515,0.012875975,0.012875975,0.002971379,0.006437987,0.006437987,0.013371205,0.004457068,0.013866435,0.006437987,0.018323503,0.005447528,0.011885515,0.008914137,0.007923677,0.003961838,0.16915615,0.133065053,0
0.008771963,0.013157944,0.013157944,0.011695951,0.010721288,0.011208619,0.013645276,0.006335307,0.013157944,0.012670613,0.012670613,0.015107269,0.009259294,0.006822638,0.010721288,0.009746625,0.012183282,0.008771963,0.012183282,0.006822638,0.010721288,0.010721288,0.008284632,0.011208619,0.006822638,0.011695951,0.016081932,0.011208619,0.0077973,0.0077973,0.010233957,0.006335307,0.014132607,0.008284632,0.014619938,0.014132607,0.011695951,0.012183282,0.010721288,0.009259294,0.017056595,0.013157944,0.021442576,0.017056595,0.012670613,0.009259294,0.014619938,0.011695951,0.011695951,0.011695951,0.013157944,0.00389865,0.006822638,0.006822638,0.013157944,0.005360644,0.014132607,0.006335307,0.018518588,0.004873313,0.011208619,0.008284632,0.008284632,0.005360644,0.168818858,0.131860764,0
0.009835817,0.013278354,0.013770144,0.012786563,0.010819399,0.012294772,0.013770144,0.006393281,0.010819399,0.012786563,0.013770144,0.014261935,0.009835817,0.004917909,0.010819399,0.009835817,0.012294772,0.008852236,0.012786563,0.006393281,0.010819399,0.010327608,0.007868654,0.012294772,0.007376863,0.01131119,0.016229099,0.010819399,0.008360445,0.00590149,0.010327608,0.007376863,0.014753726,0.008360445,0.012786563,0.013278354,0.012294772,0.011802981,0.010819399,0.008852236,0.017212681,0.013278354,0.020163426,0.017704471,0.01131119,0.010327608,0.014753726,0.011802981,0.012786563,0.012786563,0.012786563,0.002950745,0.006393281,0.006393281,0.013278354,0.004426118,0.013770144,0.006393281,0.018196262,0.0054097,0.011802981,0.009344027,0.007868654,0.003934327,0.169335586,0.133304954,0
0.008546124,0.013573255,0.014075968,0.011562403,0.010556976,0.011562403,0.014578682,0.008546124,0.013573255,0.014075968,0.012065116,0.014075968,0.007540697,0.006032558,0.010556976,0.009048837,0.012065116,0.009048837,0.012065116,0.007037984,0.00955155,0.00955155,0.008546124,0.011562403,0.006535271,0.01105969,0.017594961,0.010054263,0.010556976,0.006032558,0.010054263,0.008043411,0.015081395,0.009048837,0.014075968,0.012065116,0.012567829,0.012065116,0.01105969,0.009048837,0.018600387,0.013070542,0.019605813,0.016589534,0.01105969,0.010556976,0.015584108,0.01105969,0.011562403,0.013573255,0.013573255,0.002513566,0.007540697,0.006032558,0.01105969,0.005529845,0.011562403,0.006535271,0.018600387,0.007540697,0.012065116,0.007540697,0.008546124,0.004021705,0.169483337,0.132248083,0
0.009275243,0.013668778,0.013180608,0.011716096,0.010739755,0.011716096,0.013668778,0.006346219,0.013180608,0.012692437,0.012692437,0.01464512,0.009275243,0.006834389,0.011227925,0.009763413,0.012204266,0.008787072,0.012204266,0.00732256,0.010739755,0.010739755,0.007810731,0.010739755,0.006834389,0.011716096,0.016109632,0.011227925,0.007810731,0.007810731,0.009763413,0.006346219,0.014156949,0.008298901,0.01464512,0.014156949,0.011716096,0.011716096,0.011227925,0.009275243,0.016597802,0.013180608,0.021479509,0.017085973,0.012204266,0.009275243,0.014156949,0.011716096,0.012204266,0.011716096,0.012692437,0.003905365,0.00732256,0.006346219,0.013180608,0.005369877,0.01464512,0.006346219,0.018062314,0.004393536,0.011227925,0.008298901,0.008298901,0.005369877,0.168895782,0.132043834,0
0.008932282,0.012902186,0.012902186,0.012405948,0.010420996,0.012405948,0.013894662,0.006451093,0.010917234,0.012902186,0.013398424,0.014887137,0.00942852,0.004962379,0.010917234,0.009924758,0.01190971,0.008932282,0.012902186,0.006451093,0.010917234,0.010420996,0.007939807,0.01190971,0.006947331,0.011413472,0.016872089,0.010917234,0.008436045,0.006451093,0.009924758,0.007443569,0.014390899,0.008436045,0.013398424,0.013398424,0.012405948,0.01190971,0.010917234,0.00942852,0.017864565,0.013894662,0.02133823,0.016872089,0.011413472,0.010420996,0.014887137,0.011413472,0.01190971,0.012902186,0.012902186,0.002977427,0.006451093,0.006451093,0.013398424,0.004466141,0.013894662,0.006451093,0.017864565,0.005458617,0.01190971,0.008932282,0.007939807,0.003969903,0.169284863,0.133004631,0
0.007538982,0.012062371,0.01658576,0.00804158,0.010051976,0.009549377,0.016083161,0.008544179,0.011057173,0.017088358,0.013067568,0.012564969,0.003518191,0.005528587,0.010051976,0.006533784,0.010554574,0.011057173,0.013570167,0.006031185,0.009549377,0.010554574,0.012564969,0.009549377,0.00804158,0.016083161,0.017590957,0.012062371,0.007036383,0.005528587,0.012564969,0.00804158,0.01658576,0.012564969,0.013570167,0.010051976,0.014575365,0.017088358,0.015077963,0.010051976,0.017590957,0.015580562,0.024124741,0.016083161,0.011559772,0.009549377,0.017088358,0.009549377,0.009549377,0.008544179,0.009549377,0.001507796,0.007036383,0.005025988,0.010554574,0.005025988,0.016083161,0.00804158,0.018596155,0.007036383,0.007036383,0.007036383,0.010051976,0.005528587,0.166256513,0.128597402,0
0.007605751,0.011662151,0.016732652,0.007098701,0.009633951,0.009126901,0.016225602,0.008619851,0.010141001,0.017746752,0.012676252,0.013690352,0.0040564,0.005577551,0.009633951,0.006084601,0.010648051,0.011155101,0.013690352,0.006084601,0.010648051,0.011662151,0.011662151,0.009633951,0.007605751,0.015718552,0.018253802,0.012169201,0.007098701,0.006084601,0.012169201,0.008112801,0.015718552,0.012169201,0.013690352,0.009633951,0.014197402,0.017239702,0.015211502,0.010141001,0.017239702,0.015718552,0.022817253,0.016225602,0.012169201,0.009126901,0.017746752,0.010141001,0.009126901,0.008619851,0.009633951,0.00253525,0.007098701,0.005577551,0.010648051,0.005070501,0.016225602,0.007605751,0.018760852,0.007098701,0.006591651,0.007605751,0.010141001,0.00354935,0.167087562,0.129126954,0
0.006920862,0.012358682,0.015819113,0.008403904,0.011369987,0.009886946,0.015819113,0.008403904,0.010381293,0.01631346,0.012358682,0.012853029,0.003460431,0.005932167,0.01087564,0.006426515,0.01087564,0.011864335,0.013347376,0.006920862,0.008898251,0.009886946,0.012358682,0.009886946,0.009392598,0.015819113,0.017796502,0.01087564,0.007415209,0.00543782,0.012358682,0.008403904,0.01631346,0.012358682,0.013347376,0.009886946,0.015819113,0.015819113,0.014830418,0.010381293,0.016807807,0.01631346,0.023728669,0.015819113,0.011369987,0.008898251,0.016807807,0.009392598,0.009392598,0.008898251,0.009392598,0.001483042,0.006920862,0.00543782,0.010381293,0.004943473,0.015324766,0.008403904,0.018785197,0.007415209,0.006920862,0.007415209,0.009886946,0.00543782,0.167489435,0.12905439,0
0.007307005,0.011482437,0.015135939,0.008872792,0.00991665,0.008350863,0.015135939,0.008872792,0.010438579,0.017223655,0.012526294,0.013048223,0.003653503,0.005219289,0.011482437,0.007828934,0.00991665,0.010438579,0.015135939,0.006785076,0.008872792,0.00991665,0.012004365,0.00991665,0.008872792,0.016179797,0.016701726,0.010438579,0.007307005,0.006263147,0.011482437,0.008350863,0.016701726,0.012004365,0.014092081,0.010438579,0.016701726,0.016701726,0.014092081,0.009394721,0.017745584,0.015657868,0.022964873,0.015657868,0.010438579,0.007828934,0.017223655,0.010960508,0.008872792,0.008350863,0.008872792,0.002087716,0.006263147,0.005741218,0.010960508,0.005219289,0.016179797,0.008350863,0.019833299,0.007307005,0.006785076,0.008872792,0.011482437,0.007307005,0.165815166,0.128014987,0
0.007340253,0.011534683,0.016253417,0.00838886,0.011534683,0.009437468,0.015204809,0.00838886,0.011010379,0.017826328,0.012058987,0.01258329,0.003670126,0.005767341,0.011010379,0.006815949,0.009961772,0.013107594,0.013107594,0.006291645,0.00838886,0.009961772,0.013631898,0.008913164,0.008913164,0.016777721,0.016777721,0.010486075,0.007340253,0.005767341,0.011534683,0.008913164,0.016777721,0.012058987,0.014156202,0.010486075,0.016253417,0.016777721,0.014156202,0.011010379,0.017302024,0.015204809,0.023069366,0.015204809,0.010486075,0.007864557,0.016777721,0.010486075,0.009437468,0.007864557,0.009437468,0.002097215,0.006291645,0.005243038,0.009961772,0.005243038,0.016253417,0.00838886,0.018874936,0.007340253,0.007340253,0.007340253,0.011534683,0.005243038,0.167386045,0.127949688,0
0.007441798,0.011906876,0.017364195,0.007937918,0.010418517,0.010914637,0.015379715,0.007937918,0.009922397,0.016868075,0.014387476,0.012402996,0.003472839,0.006449558,0.009922397,0.006449558,0.009426277,0.011906876,0.013395236,0.005953438,0.008930157,0.009922397,0.011410756,0.011906876,0.008930157,0.014387476,0.017364195,0.010418517,0.008434037,0.005457318,0.012402996,0.008930157,0.017860314,0.011410756,0.012899116,0.010418517,0.013891356,0.015875835,0.014883595,0.011410756,0.018356434,0.016868075,0.023813753,0.015875835,0.011906876,0.007441798,0.016371955,0.009922397,0.009922397,0.009426277,0.009922397,0.001984479,0.007441798,0.005457318,0.009426277,0.004465079,0.015379715,0.007937918,0.018852554,0.006945678,0.007441798,0.007441798,0.010418517,0.004961198,0.165892481,0.129121217,0
0.007525249,0.011037032,0.017057231,0.008528616,0.011037032,0.010033665,0.016053865,0.008026932,0.009531982,0.017057231,0.013043765,0.013043765,0.004013466,0.005518516,0.010033665,0.006521883,0.010033665,0.013043765,0.014548815,0.006020199,0.009030299,0.010033665,0.012542082,0.009030299,0.009030299,0.016555548,0.017558915,0.011037032,0.007525249,0.005518516,0.011037032,0.009030299,0.016555548,0.011538715,0.013545448,0.009531982,0.015552181,0.016555548,0.015552181,0.011538715,0.016555548,0.017558915,0.023077431,0.015050498,0.010535349,0.008528616,0.017558915,0.009531982,0.010033665,0.009531982,0.007525249,0.002006733,0.007525249,0.004515149,0.010033665,0.004515149,0.016053865,0.008026932,0.018562281,0.007023566,0.007023566,0.007023566,0.011037032,0.004515149,0.168547636,0.128092414,0
0.006688409,0.011833339,0.016463776,0.008231888,0.010804353,0.009260874,0.017492762,0.008231888,0.011318846,0.016463776,0.013376818,0.011318846,0.004630437,0.004630437,0.011833339,0.006688409,0.01028986,0.011833339,0.012347832,0.007202902,0.009775367,0.009260874,0.013376818,0.009775367,0.009260874,0.013376818,0.01543479,0.012862325,0.008746381,0.00514493,0.011318846,0.008231888,0.01543479,0.012862325,0.013376818,0.01028986,0.016463776,0.017492762,0.013376818,0.01028986,0.016463776,0.017492762,0.021094213,0.013891311,0.01028986,0.008231888,0.016978269,0.01028986,0.010804353,0.008746381,0.01028986,0.002057972,0.004630437,0.006173916,0.006688409,0.00514493,0.014920297,0.01028986,0.019550734,0.007717395,0.008231888,0.004630437,0.012347832,0.006173916,0.170132511,0.129642504,0
0.006861572,0.013233031,0.016173705,0.007841796,0.011272582,0.009312133,0.015683593,0.008822021,0.01078247,0.01715393,0.013233031,0.013233031,0.003430786,0.005391235,0.010292358,0.006861572,0.01078247,0.012252807,0.014703368,0.005881347,0.008822021,0.010292358,0.012252807,0.010292358,0.009312133,0.016173705,0.016663817,0.010292358,0.007351684,0.005881347,0.012252807,0.006861572,0.01715393,0.011272582,0.013723144,0.010292358,0.016663817,0.016663817,0.014213256,0.009802245,0.016173705,0.016663817,0.022545165,0.016173705,0.011272582,0.007841796,0.016663817,0.01078247,0.009312133,0.008331909,0.009802245,0.001960449,0.006861572,0.005391235,0.010292358,0.003430786,0.016173705,0.007841796,0.019114379,0.006861572,0.006861572,0.006861572,0.01078247,0.006861572,0.166798133,0.128910529,0
0.005923663,0.012340965,0.018264627,0.007404579,0.012340965,0.009872772,0.012834603,0.00691094,0.01036641,0.015302796,0.014809157,0.011353687,0.003949109,0.005430024,0.012340965,0.007404579,0.012340965,0.01036641,0.013328242,0.00691094,0.008885494,0.008391856,0.012834603,0.010860049,0.011353687,0.014315519,0.01382188,0.011847326,0.005923663,0.007404579,0.01036641,0.007898217,0.016290073,0.011847326,0.013328242,0.012834603,0.012340965,0.015796435,0.015302796,0.011353687,0.016290073,0.016783712,0.024681929,0.017770989,0.009379133,0.008885494,0.01727735,0.012340965,0.009872772,0.007404579,0.00691094,0.001974554,0.009379133,0.00691094,0.01036641,0.002468193,0.015796435,0.008391856,0.022213736,0.00691094,0.00691094,0.007404579,0.013328242,0.003949109,0.164617456,0.128985736,0
0.008986284,0.011824058,0.016080718,0.01229702,0.010405171,0.008986284,0.011824058,0.01229702,0.011351095,0.015607756,0.015607756,0.011351095,0.005675548,0.009459246,0.011351095,0.005202585,0.010878133,0.010405171,0.012769982,0.007567397,0.009459246,0.008513322,0.010405171,0.011824058,0.009459246,0.008986284,0.017026643,0.009932208,0.008986284,0.007094435,0.012769982,0.009932208,0.017972568,0.01229702,0.016553681,0.009932208,0.012769982,0.013715907,0.013715907,0.010878133,0.022702191,0.014661832,0.020337379,0.015134794,0.010405171,0.009459246,0.017026643,0.007094435,0.011351095,0.008986284,0.008513322,0.001891849,0.008986284,0.008986284,0.009459246,0.003783698,0.012769982,0.011824058,0.019864417,0.007567397,0.00614851,0.005202585,0.010878133,0.002364812,0.16382231,0.128626079,0
0.009157268,0.011192216,0.01577085,0.013227164,0.009666005,0.009157268,0.012718427,0.011700953,0.01220969,0.016788324,0.014753375,0.010683479,0.006104845,0.00864853,0.011192216,0.006104845,0.010683479,0.009666005,0.013227164,0.007122319,0.009666005,0.009157268,0.011192216,0.011700953,0.009666005,0.009157268,0.017297061,0.010683479,0.009157268,0.007122319,0.011700953,0.009666005,0.018314535,0.012718427,0.016279587,0.009666005,0.013227164,0.014753375,0.013735901,0.010174742,0.023401906,0.013735901,0.019840746,0.014244638,0.010174742,0.009666005,0.016788324,0.006613582,0.011192216,0.009666005,0.009157268,0.002034948,0.008139793,0.00864853,0.009157268,0.004578634,0.011700953,0.011700953,0.019332009,0.007631056,0.006613582,0.005087371,0.010683479,0.002034948,0.164682008,0.128682183,0
0.00911712,0.011516363,0.01535515,0.012476059,0.010076817,0.008637272,0.011996211,0.012476059,0.011996211,0.015834998,0.01535515,0.011036514,0.005758181,0.009596969,0.011516363,0.005278333,0.010556666,0.010076817,0.012955908,0.007677575,0.009596969,0.008637272,0.010556666,0.011996211,0.009596969,0.009596969,0.017274544,0.009596969,0.00911712,0.007197727,0.012476059,0.010076817,0.017754392,0.012476059,0.016794695,0.010076817,0.012955908,0.014395453,0.013915605,0.011036514,0.023032725,0.014875302,0.019673786,0.014395453,0.009596969,0.00911712,0.016794695,0.007197727,0.011036514,0.00911712,0.008637272,0.001919394,0.008637272,0.00911712,0.009596969,0.003838788,0.012476059,0.011996211,0.019673786,0.007677575,0.00623803,0.005278333,0.011036514,0.002399242,0.163791477,0.128432076,0
0.009470056,0.011463751,0.015949567,0.012959023,0.010466904,0.008473208,0.011962175,0.011962175,0.011962175,0.016447991,0.015451143,0.010965328,0.005981088,0.008971632,0.011463751,0.005981088,0.010965328,0.00996848,0.013457447,0.00747636,0.009470056,0.008971632,0.010965328,0.010965328,0.009470056,0.009470056,0.016946415,0.00996848,0.008473208,0.00747636,0.012460599,0.00996848,0.018441687,0.011962175,0.016447991,0.00996848,0.013457447,0.013955871,0.013955871,0.010965328,0.023425927,0.014454295,0.019438535,0.013955871,0.00996848,0.009470056,0.016447991,0.006479512,0.010965328,0.009470056,0.008971632,0.001993696,0.008473208,0.008971632,0.008971632,0.003987392,0.011962175,0.012460599,0.019438535,0.00747636,0.006977936,0.004485816,0.010965328,0.001993696,0.164640877,0.128593922,0
0.008784863,0.012021392,0.015720282,0.012021392,0.010171947,0.009709586,0.011559031,0.012021392,0.011559031,0.015720282,0.015720282,0.011096669,0.005548335,0.009709586,0.011096669,0.005085973,0.010634308,0.010634308,0.012483753,0.00739778,0.009247224,0.008784863,0.010171947,0.013408475,0.009247224,0.008784863,0.016645004,0.009709586,0.009247224,0.00739778,0.012946114,0.010171947,0.018032088,0.012021392,0.016182643,0.010171947,0.012483753,0.013870837,0.013408475,0.010634308,0.023118061,0.014333198,0.020806255,0.01525792,0.010171947,0.009247224,0.017569726,0.006935418,0.011096669,0.008784863,0.009709586,0.001849445,0.009247224,0.009247224,0.009247224,0.00369889,0.012483753,0.011559031,0.020343894,0.007860141,0.006473057,0.005085973,0.010634308,0.002311806,0.16316894,0.128493668,0
0.009172976,0.012069706,0.015932012,0.012069706,0.010138553,0.009172976,0.013518071,0.011586918,0.011586918,0.015932012,0.014966435,0.010138553,0.005793459,0.008690188,0.011104129,0.006276247,0.010621341,0.010621341,0.012552494,0.007724612,0.009655765,0.008690188,0.010621341,0.010621341,0.009655765,0.009172976,0.018828741,0.010138553,0.008690188,0.006759035,0.012069706,0.010138553,0.018345953,0.012552494,0.015932012,0.009655765,0.013035282,0.013518071,0.014000859,0.011104129,0.022691047,0.014966435,0.020759894,0.014966435,0.009655765,0.009172976,0.017380377,0.006759035,0.011104129,0.009172976,0.008690188,0.001931153,0.008690188,0.0082074,0.009655765,0.004345094,0.012552494,0.011586918,0.018828741,0.007724612,0.006759035,0.006276247,0.010138553,0.001931153,0.164750956,0.128447066,0
0.008903767,0.010882382,0.015334266,0.012860997,0.010387729,0.009398421,0.011377036,0.01187169,0.011377036,0.016818227,0.015334266,0.010882382,0.005935845,0.009398421,0.011377036,0.005441191,0.010387729,0.010387729,0.013355651,0.007419806,0.009893075,0.009398421,0.010882382,0.01187169,0.009893075,0.008903767,0.017312881,0.010387729,0.008903767,0.006925152,0.01187169,0.010387729,0.017807535,0.01187169,0.016818227,0.009893075,0.013355651,0.014344959,0.014839612,0.010387729,0.02374338,0.014344959,0.020280804,0.013850305,0.009893075,0.009398421,0.016818227,0.006430499,0.010882382,0.009893075,0.008903767,0.001978615,0.008409114,0.008903767,0.009398421,0.00395723,0.011377036,0.012366344,0.019291496,0.007419806,0.006925152,0.004946537,0.010387729,0.001978615,0.164796627,0.128343168,0
0.01058192,0.01225275,0.016708295,0.011695807,0.010024977,0.007797204,0.01225275,0.011695807,0.01225275,0.017822182,0.017265238,0.008911091,0.006126375,0.008354148,0.011138863,0.006126375,0.011138863,0.007797204,0.013366636,0.007797204,0.008354148,0.008911091,0.010024977,0.011695807,0.010024977,0.009468034,0.016708295,0.009468034,0.008911091,0.006683318,0.012809693,0.01058192,0.017822182,0.01225275,0.017265238,0.010024977,0.013923579,0.013923579,0.015594409,0.011695807,0.02283467,0.015594409,0.020606897,0.014480523,0.010024977,0.008354148,0.016151352,0.006126375,0.011695807,0.009468034,0.008911091,0.002227773,0.007240261,0.008354148,0.007797204,0.003898602,0.01225275,0.01225275,0.018936068,0.007797204,0.007240261,0.004455545,0.011138863,0.002227773,0.164451425,0.128230745,0
0.009162912,0.011708166,0.015780571,0.012726267,0.009671963,0.009162912,0.013235318,0.011708166,0.012217216,0.016289622,0.01527152,0.010181014,0.006108608,0.008653861,0.010690064,0.006108608,0.010690064,0.009671963,0.012726267,0.007126709,0.009671963,0.009162912,0.011199115,0.011199115,0.009162912,0.009162912,0.018325824,0.010690064,0.009162912,0.007126709,0.011708166,0.010181014,0.017816774,0.012726267,0.016289622,0.009671963,0.012726267,0.014253419,0.013744368,0.010690064,0.023416331,0.014253419,0.021889179,0.014253419,0.010181014,0.009162912,0.016798672,0.006617659,0.011199115,0.009671963,0.009162912,0.002036203,0.008144811,0.008653861,0.009671963,0.004581456,0.011708166,0.011708166,0.018325824,0.00763576,0.006617659,0.006108608,0.010181014,0.002036203,0.16424013,0.128179431,0
0.008463572,0.011754961,0.016456946,0.011754961,0.011284763,0.009874167,0.011284763,0.011754961,0.01222516,0.015516549,0.01504635,0.01222516,0.006582778,0.00893377,0.011284763,0.005642381,0.011284763,0.009874167,0.012695358,0.007052977,0.009403969,0.007993374,0.009874167,0.010814564,0.007993374,0.00893377,0.016927144,0.010344366,0.009403969,0.006582778,0.013635755,0.009403969,0.017397342,0.01222516,0.01504635,0.011284763,0.011754961,0.012695358,0.013635755,0.011284763,0.023039724,0.013635755,0.02115893,0.01504635,0.011754961,0.009874167,0.016456946,0.00611258,0.011284763,0.010344366,0.010344366,0.002350992,0.008463572,0.007993374,0.009403969,0.005172183,0.012695358,0.011284763,0.019748335,0.006582778,0.006582778,0.005642381,0.00893377,0.003761588,0.165080946,0.129621387,0
0.01111232,0.012170636,0.016403901,0.011641478,0.008466529,0.010583162,0.013228952,0.008466529,0.012699794,0.015345584,0.01375811,0.013228952,0.006349897,0.006349897,0.013228952,0.006879055,0.010054004,0.009524846,0.010583162,0.007937371,0.006879055,0.008995687,0.010583162,0.010054004,0.009524846,0.010583162,0.013228952,0.011641478,0.005291581,0.006879055,0.01375811,0.007937371,0.017462217,0.008466529,0.018520533,0.012170636,0.012699794,0.011641478,0.012170636,0.010583162,0.017462217,0.012699794,0.025399588,0.014816426,0.013228952,0.011641478,0.017462217,0.008995687,0.012699794,0.010583162,0.009524846,0.001058316,0.010054004,0.005291581,0.008995687,0.004762423,0.016933059,0.008466529,0.017462217,0.011641478,0.008995687,0.004233265,0.010583162,0.004762423,0.167246921,0.127914509,0
0.010553446,0.012664135,0.016885514,0.011081118,0.008442757,0.011081118,0.013191808,0.008442757,0.013191808,0.015302497,0.01371948,0.013191808,0.006332068,0.00685974,0.013191808,0.006332068,0.010025774,0.009498101,0.010553446,0.007915085,0.007387412,0.009498101,0.010553446,0.010025774,0.009498101,0.010553446,0.013191808,0.011608791,0.005276723,0.00685974,0.01371948,0.007915085,0.017940858,0.008442757,0.018468531,0.012664135,0.012664135,0.011608791,0.012136463,0.010553446,0.017413186,0.012664135,0.02532827,0.014247152,0.013191808,0.011608791,0.017413186,0.008970429,0.012664135,0.010553446,0.009498101,0.001055345,0.010025774,0.005276723,0.008970429,0.004749051,0.017413186,0.008442757,0.017413186,0.011608791,0.008970429,0.003693706,0.010553446,0.004221378,0.167035169,0.127994638,0
0.011448267,0.014310333,0.0171724,0.01030344,0.007441373,0.01030344,0.014310333,0.009158613,0.014310333,0.014882747,0.014882747,0.012593093,0.005724133,0.00515172,0.012593093,0.007441373,0.010875853,0.008013787,0.010875853,0.00686896,0.00686896,0.0085862,0.009731027,0.010875853,0.01030344,0.010875853,0.01202068,0.010875853,0.00515172,0.008013787,0.014882747,0.008013787,0.017744813,0.009158613,0.01888964,0.012593093,0.012593093,0.01202068,0.01202068,0.011448267,0.0171724,0.01373792,0.0257586,0.014310333,0.013165507,0.01030344,0.016599987,0.009158613,0.013165507,0.009731027,0.009731027,0.001144827,0.009731027,0.00515172,0.008013787,0.004579307,0.0171724,0.0085862,0.017744813,0.011448267,0.009731027,0.004006893,0.010875853,0.004579307,0.165161833,0.127907697,0
0.012318117,0.013857881,0.01899043,0.010778352,0.007185568,0.011291607,0.012831372,0.008212078,0.011804862,0.015397646,0.015910901,0.012318117,0.006672313,0.005645803,0.013857881,0.007698823,0.010778352,0.008212078,0.011804862,0.006672313,0.007185568,0.009238588,0.010778352,0.009238588,0.010778352,0.011291607,0.012831372,0.010778352,0.006159058,0.006159058,0.012831372,0.007698823,0.01899043,0.007698823,0.01693741,0.014884391,0.013857881,0.010778352,0.013344626,0.010265097,0.02001694,0.011804862,0.026689253,0.014884391,0.011804862,0.011804862,0.015910901,0.008725333,0.013857881,0.009238588,0.007698823,0.001539765,0.009238588,0.005132549,0.008725333,0.005132549,0.015910901,0.009751842,0.018477175,0.010265097,0.007698823,0.004619294,0.011804862,0.003079529,0.164801999,0.127419546,0
0.012842529,0.01395927,0.019542979,0.010050675,0.007258821,0.010609046,0.01395927,0.008375562,0.012284158,0.016192754,0.016192754,0.011167416,0.006142079,0.004466967,0.01395927,0.008375562,0.011167416,0.007817191,0.011725787,0.006142079,0.00670045,0.008933933,0.009492304,0.010609046,0.012842529,0.009492304,0.012842529,0.010609046,0.005583708,0.00670045,0.014517641,0.007258821,0.018426237,0.009492304,0.017309495,0.015076012,0.01395927,0.011167416,0.014517641,0.010609046,0.020101349,0.0134009,0.025126687,0.01395927,0.011167416,0.010609046,0.015076012,0.008933933,0.01395927,0.008933933,0.007258821,0.001675112,0.008933933,0.005025337,0.007817191,0.004466967,0.015634383,0.011167416,0.018426237,0.010050675,0.008933933,0.004466967,0.011725787,0.003350225,0.1644984,0.126929034,0
0.012738852,0.013269638,0.018577493,0.011146496,0.007430997,0.01061571,0.012738852,0.007961783,0.011677281,0.015923565,0.01539278,0.011677281,0.006900212,0.005838641,0.014331209,0.007961783,0.010084925,0.008492568,0.011146496,0.006900212,0.006900212,0.009023354,0.01061571,0.009554139,0.011146496,0.011146496,0.012738852,0.011146496,0.005838641,0.006369426,0.013269638,0.007430997,0.019108278,0.007961783,0.017515922,0.01539278,0.012738852,0.011146496,0.013800423,0.01061571,0.020700635,0.011146496,0.023885348,0.014861994,0.011677281,0.011677281,0.016454351,0.009023354,0.013800423,0.009023354,0.007430997,0.001592357,0.009554139,0.005307855,0.009023354,0.00477707,0.016454351,0.010084925,0.018577493,0.01061571,0.007961783,0.00477707,0.011677281,0.002653928,0.165706456,0.127287256,0
0.012846895,0.012846895,0.017129193,0.011241033,0.008564597,0.010705746,0.013382182,0.009099884,0.012311608,0.015523332,0.014452757,0.012846895,0.005352873,0.00588816,0.013382182,0.007494022,0.010705746,0.010170459,0.010705746,0.007494022,0.006958735,0.009635171,0.011241033,0.010170459,0.009635171,0.010170459,0.013382182,0.011776321,0.005352873,0.006423448,0.01391747,0.007494022,0.017664481,0.008564597,0.018199768,0.012311608,0.012846895,0.011241033,0.012311608,0.010170459,0.017664481,0.012311608,0.024623216,0.014452757,0.01391747,0.012846895,0.015523332,0.008564597,0.012846895,0.010170459,0.009099884,0.001070575,0.010705746,0.006423448,0.008029309,0.003747011,0.017129193,0.008564597,0.017129193,0.011241033,0.008564597,0.003747011,0.011241033,0.005352873,0.166122018,0.127298752,0
0.00995046,0.012569002,0.017806086,0.011521585,0.008379335,0.011521585,0.013092711,0.008903043,0.012045294,0.014663836,0.014140127,0.013092711,0.005760793,0.006284501,0.013092711,0.007331918,0.010997877,0.010474168,0.010474168,0.007331918,0.007331918,0.00995046,0.010997877,0.010474168,0.009426752,0.010474168,0.013616419,0.011521585,0.005237084,0.006284501,0.014140127,0.007331918,0.017806086,0.008379335,0.017806086,0.012569002,0.012569002,0.011521585,0.012045294,0.00995046,0.017806086,0.012569002,0.02670913,0.015187544,0.013616419,0.012569002,0.016234961,0.008379335,0.013092711,0.010474168,0.007855626,0.001047417,0.010997877,0.005760793,0.008379335,0.003665959,0.017282378,0.008379335,0.017806086,0.010997877,0.008379335,0.003665959,0.010997877,0.005237084,0.165976848,0.128064199,0
0.012393135,0.014458657,0.018589702,0.010843993,0.006712948,0.009811232,0.013942277,0.007745709,0.012393135,0.016007799,0.014975038,0.011876754,0.006196567,0.006196567,0.014975038,0.00826209,0.010843993,0.007229329,0.011876754,0.007745709,0.006196567,0.00877847,0.00877847,0.009811232,0.011360373,0.010843993,0.013425896,0.010327612,0.005680187,0.006712948,0.013942277,0.007229329,0.019622463,0.007745709,0.01704056,0.015491418,0.014975038,0.010327612,0.013942277,0.011876754,0.019622463,0.013425896,0.023237128,0.013942277,0.010843993,0.010843993,0.014975038,0.009294851,0.013425896,0.00877847,0.007229329,0.001549142,0.009811232,0.005163806,0.009294851,0.004131045,0.01652418,0.010843993,0.018589702,0.009811232,0.00826209,0.004647426,0.011876754,0.004131045,0.16514708,0.127411481,0
0.012975373,0.014103667,0.019745133,0.01015464,0.006205613,0.010718787,0.01353952,0.0084622,0.01184708,0.01523196,0.0169244,0.011282933,0.006205613,0.004513173,0.014103667,0.0084622,0.011282933,0.00676976,0.011282933,0.006205613,0.00676976,0.009026347,0.009026347,0.010718787,0.011282933,0.01015464,0.01184708,0.011282933,0.005641467,0.00676976,0.014667813,0.007333907,0.019180987,0.0084622,0.0169244,0.01523196,0.01353952,0.011282933,0.014103667,0.010718787,0.02030928,0.012975373,0.0253866,0.014667813,0.010718787,0.01015464,0.016360253,0.01015464,0.01353952,0.009026347,0.007333907,0.00169244,0.009026347,0.004513173,0.0084622,0.004513173,0.016360253,0.011282933,0.019180987,0.01015464,0.009026347,0.00507732,0.01184708,0.00338488,0.163945326,0.126922318,0
0.010633986,0.012084075,0.015950979,0.014017527,0.008700534,0.009183897,0.013050801,0.010150623,0.016434342,0.014017527,0.014984253,0.012084075,0.008700534,0.006283719,0.014017527,0.006767082,0.008217171,0.009183897,0.011600712,0.006767082,0.008700534,0.006767082,0.007733808,0.007733808,0.011600712,0.009183897,0.012567438,0.009183897,0.008700534,0.005800356,0.011600712,0.011117349,0.01933452,0.010633986,0.018851157,0.010633986,0.011600712,0.009183897,0.014017527,0.012567438,0.016434342,0.012567438,0.022234698,0.014984253,0.014017527,0.00966726,0.013534164,0.008700534,0.01450089,0.009183897,0.011117349,0.004350267,0.006767082,0.005800356,0.007733808,0.006767082,0.014984253,0.011117349,0.016434342,0.00966726,0.007733808,0.005316993,0.013534164,0.005316993,0.168452371,0.128737835,0
0.010646683,0.011614564,0.016453965,0.014034264,0.008710923,0.009194863,0.013066384,0.010162743,0.016453965,0.013550324,0.015970025,0.012098504,0.008710923,0.006291222,0.013550324,0.006775162,0.008226983,0.009194863,0.011130624,0.006775162,0.008226983,0.006775162,0.007743042,0.008226983,0.011614564,0.009194863,0.012098504,0.009194863,0.008710923,0.005807282,0.012098504,0.011130624,0.019357606,0.011130624,0.018873666,0.010162743,0.011614564,0.009194863,0.014034264,0.012582444,0.016453965,0.012582444,0.022261247,0.015002145,0.014034264,0.009678803,0.013550324,0.008710923,0.014518205,0.009194863,0.011614564,0.004355461,0.006775162,0.005807282,0.007259102,0.006775162,0.015002145,0.011614564,0.015970025,0.009678803,0.008226983,0.004839402,0.013550324,0.005323342,0.168464658,0.128370299,0
0.010646683,0.011614564,0.016453965,0.014034264,0.008710923,0.009194863,0.013066384,0.010162743,0.016453965,0.013550324,0.015970025,0.012098504,0.008710923,0.006291222,0.013550324,0.006775162,0.008226983,0.009194863,0.011130624,0.006775162,0.008226983,0.006775162,0.007743042,0.008226983,0.011614564,0.009194863,0.012098504,0.009194863,0.008710923,0.005807282,0.012098504,0.011130624,0.019357606,0.011130624,0.018873666,0.010162743,0.011614564,0.009194863,0.014034264,0.012582444,0.016453965,0.012582444,0.022261247,0.015002145,0.014034264,0.009678803,0.013550324,0.008710923,0.014518205,0.009194863,0.011614564,0.004355461,0.006775162,0.005807282,0.007259102,0.006775162,0.015002145,0.011614564,0.015970025,0.009678803,0.008226983,0.004839402,0.013550324,0.005323342,0.168464658,0.128370299,0
0.010633986,0.012084075,0.015950979,0.014017527,0.008700534,0.009183897,0.013050801,0.010150623,0.016434342,0.014017527,0.014984253,0.012084075,0.008700534,0.006283719,0.014017527,0.006767082,0.008217171,0.009183897,0.011600712,0.006767082,0.008700534,0.006767082,0.007733808,0.007733808,0.011600712,0.009183897,0.012567438,0.009183897,0.008700534,0.005800356,0.011600712,0.011117349,0.01933452,0.010633986,0.018851157,0.010633986,0.011600712,0.009183897,0.014017527,0.012567438,0.016434342,0.012567438,0.022234698,0.014984253,0.014017527,0.00966726,0.013534164,0.008700534,0.01450089,0.009183897,0.011117349,0.004350267,0.006767082,0.005800356,0.007733808,0.006767082,0.014984253,0.011117349,0.016434342,0.00966726,0.007733808,0.005316993,0.013534164,0.005316993,0.168452371,0.128737835,0
0.010633986,0.012084075,0.015950979,0.014017527,0.008700534,0.009183897,0.013050801,0.010150623,0.016434342,0.014017527,0.014984253,0.012084075,0.008700534,0.006283719,0.014017527,0.006767082,0.008217171,0.009183897,0.011600712,0.006767082,0.008700534,0.006767082,0.007733808,0.007733808,0.011600712,0.009183897,0.012567438,0.009183897,0.008700534,0.005800356,0.011600712,0.011117349,0.01933452,0.010633986,0.018851157,0.010633986,0.011600712,0.009183897,0.014017527,0.012567438,0.016434342,0.012567438,0.022234698,0.014984253,0.014017527,0.00966726,0.013534164,0.008700534,0.01450089,0.009183897,0.011117349,0.004350267,0.006767082,0.005800356,0.007733808,0.006767082,0.014984253,0.011117349,0.016434342,0.00966726,0.007733808,0.005316993,0.013534164,0.005316993,0.168452371,0.128737835,0
0.010646683,0.011614564,0.016453965,0.014034264,0.008710923,0.009194863,0.013066384,0.010162743,0.016453965,0.013550324,0.015970025,0.012098504,0.008710923,0.006291222,0.013550324,0.006775162,0.008226983,0.009194863,0.011130624,0.006775162,0.008226983,0.006775162,0.007743042,0.008226983,0.011614564,0.009194863,0.012098504,0.009194863,0.008710923,0.005807282,0.012098504,0.011130624,0.019357606,0.011130624,0.018873666,0.010162743,0.011614564,0.009194863,0.014034264,0.012582444,0.016453965,0.012582444,0.022261247,0.015002145,0.014034264,0.009678803,0.013550324,0.008710923,0.014518205,0.009194863,0.011614564,0.004355461,0.006775162,0.005807282,0.007259102,0.006775162,0.015002145,0.011614564,0.015970025,0.009678803,0.008226983,0.004839402,0.013550324,0.005323342,0.168464658,0.128370299,0
0.01131716,0.010288328,0.015432491,0.014918075,0.008230662,0.007716246,0.011831577,0.010802744,0.016461324,0.015432491,0.014403659,0.013374826,0.008745078,0.006172997,0.014918075,0.006172997,0.008745078,0.008230662,0.010802744,0.006687413,0.008230662,0.007716246,0.008745078,0.007201829,0.009773911,0.010288328,0.01131716,0.009259495,0.010288328,0.006172997,0.01131716,0.010802744,0.01851899,0.010802744,0.020576655,0.010802744,0.01131716,0.009773911,0.013374826,0.01286041,0.017490157,0.010802744,0.021091072,0.013889242,0.013889242,0.010288328,0.014403659,0.008745078,0.013889242,0.009259495,0.01286041,0.003600915,0.006687413,0.006687413,0.006687413,0.007716246,0.016461324,0.010802744,0.016461324,0.010802744,0.006687413,0.005144164,0.013889242,0.006172997,0.167954271,0.127809704,0
0.011367859,0.009817696,0.016018346,0.014984904,0.008267534,0.007750813,0.011884579,0.010334417,0.016018346,0.015501625,0.014984904,0.012918021,0.008784254,0.006717371,0.014984904,0.006717371,0.008267534,0.008784254,0.010851138,0.006717371,0.008267534,0.007750813,0.008267534,0.007234092,0.011367859,0.009817696,0.011367859,0.008784254,0.009300975,0.00620065,0.011367859,0.010334417,0.019635392,0.010334417,0.020668834,0.011367859,0.011367859,0.009817696,0.013951463,0.0124013,0.017051788,0.010851138,0.021185555,0.014468184,0.013434742,0.009300975,0.014468184,0.009300975,0.013434742,0.009300975,0.011884579,0.004133767,0.006717371,0.00620065,0.007234092,0.007234092,0.017051788,0.011367859,0.016018346,0.010334417,0.007234092,0.005167208,0.013951463,0.005683929,0.168038082,0.127671406,0
0.010779133,0.009239257,0.016938637,0.014885469,0.007186089,0.007186089,0.011805717,0.010265841,0.016938637,0.016938637,0.014372177,0.012319009,0.008725965,0.006672796,0.015398761,0.006672796,0.008725965,0.008212673,0.011805717,0.006159504,0.008725965,0.007186089,0.008212673,0.007186089,0.010779133,0.010265841,0.011292425,0.009239257,0.009752549,0.006672796,0.011292425,0.010265841,0.018478513,0.010265841,0.020531681,0.011292425,0.011805717,0.010779133,0.014372177,0.013345593,0.015912053,0.011292425,0.018991805,0.014885469,0.013858885,0.009752549,0.014372177,0.008212673,0.014372177,0.008725965,0.011292425,0.00513292,0.007186089,0.006159504,0.007186089,0.007186089,0.016425345,0.011805717,0.016425345,0.009752549,0.007186089,0.004619628,0.013345593,0.00513292,0.169394898,0.128421595,0
0.008947983,0.012715555,0.016954073,0.013657448,0.008947983,0.008947983,0.012715555,0.00941893,0.015070287,0.015070287,0.01601218,0.011773662,0.00800609,0.006122304,0.014128394,0.006593251,0.008477037,0.008947983,0.011302715,0.006593251,0.00800609,0.006122304,0.00800609,0.00800609,0.010831769,0.00941893,0.012715555,0.010360823,0.008477037,0.006122304,0.011773662,0.011302715,0.020250699,0.009889876,0.018837859,0.009889876,0.011773662,0.009889876,0.013657448,0.014128394,0.01601218,0.013186501,0.022134484,0.015070287,0.014128394,0.00941893,0.015070287,0.00800609,0.014599341,0.008477037,0.010831769,0.004238518,0.006593251,0.005651358,0.008947983,0.006122304,0.016954073,0.011773662,0.015541234,0.00941893,0.007535144,0.005651358,0.012715555,0.005180411,0.16883998,0.128036927,0
0.008522759,0.01253347,0.01253347,0.011029453,0.010528114,0.009024098,0.012032131,0.008522759,0.011029453,0.016042841,0.014538825,0.012032131,0.007018743,0.007018743,0.011530792,0.009024098,0.009024098,0.009525437,0.014037486,0.007018743,0.007520082,0.008522759,0.010026776,0.013536147,0.009024098,0.01253347,0.014538825,0.009525437,0.008522759,0.008522759,0.01253347,0.010026776,0.014538825,0.009525437,0.016042841,0.014037486,0.013034808,0.013034808,0.014037486,0.01253347,0.021056229,0.015040164,0.020053551,0.013536147,0.007520082,0.008021421,0.015541502,0.009525437,0.012032131,0.008522759,0.011029453,0.002506694,0.008522759,0.009024098,0.009525437,0.005013388,0.013034808,0.009024098,0.02055489,0.005514727,0.011029453,0.008522759,0.009024098,0.008021421,0.164010485,0.130605844,0
0.008741533,0.010798365,0.012340988,0.01182678,0.010798365,0.010284157,0.010284157,0.008227326,0.011312573,0.015940443,0.01439782,0.012340988,0.00719891,0.00719891,0.012340988,0.009255741,0.008741533,0.009769949,0.014912028,0.00719891,0.007713118,0.009769949,0.011312573,0.013883612,0.008227326,0.01182678,0.01439782,0.009255741,0.008741533,0.008741533,0.01182678,0.010284157,0.013883612,0.009769949,0.015940443,0.01439782,0.013369404,0.013369404,0.012855196,0.012340988,0.021082522,0.014912028,0.018511482,0.012855196,0.008227326,0.008227326,0.01439782,0.009255741,0.012340988,0.009255741,0.010798365,0.002571039,0.008741533,0.009255741,0.009769949,0.005142078,0.013369404,0.008741533,0.020054106,0.005656286,0.010798365,0.008741533,0.009255741,0.00719891,0.16407707,0.130943975,0
0.010812274,0.01130374,0.013269608,0.011795207,0.010320807,0.009337873,0.01130374,0.007863472,0.010320807,0.016709877,0.014252542,0.012286674,0.007372005,0.007372005,0.011795207,0.008846406,0.008846406,0.009337873,0.014744009,0.007372005,0.008846406,0.008354939,0.010320807,0.013761075,0.009337873,0.012286674,0.014252542,0.00982934,0.008354939,0.007863472,0.012778141,0.008846406,0.015726943,0.009337873,0.015726943,0.013761075,0.012778141,0.014252542,0.014252542,0.01130374,0.022116014,0.014744009,0.02113308,0.012778141,0.006880538,0.008846406,0.015235476,0.00982934,0.011795207,0.008354939,0.00982934,0.002457335,0.008354939,0.009337873,0.00982934,0.00491467,0.013269608,0.008846406,0.02113308,0.005897604,0.00982934,0.008354939,0.009337873,0.006880538,0.162902292,0.129876727,0
0.008616606,0.01216462,0.01165776,0.011150901,0.010137183,0.009123465,0.010644042,0.009630324,0.010137183,0.016219493,0.012671479,0.01216462,0.008109746,0.007096028,0.014192056,0.008616606,0.009630324,0.009630324,0.014192056,0.007096028,0.008616606,0.009123465,0.009123465,0.01216462,0.008616606,0.01165776,0.013178338,0.009123465,0.009123465,0.007602887,0.013178338,0.008616606,0.014192056,0.009123465,0.013178338,0.016219493,0.013178338,0.01165776,0.012671479,0.01165776,0.019260648,0.013178338,0.021794943,0.014698915,0.006589169,0.009123465,0.016219493,0.011150901,0.011150901,0.008616606,0.01216462,0.003548014,0.008616606,0.009123465,0.010137183,0.005068591,0.015205774,0.008109746,0.021288084,0.006589169,0.01165776,0.009123465,0.007602887,0.006589169,0.165120109,0.13338683,0
0.008956584,0.011064015,0.012644589,0.012117731,0.010010299,0.008956584,0.010537157,0.008429726,0.011590873,0.016332594,0.015278878,0.012117731,0.00737601,0.00737601,0.011590873,0.009483441,0.008956584,0.008956584,0.01475202,0.006322294,0.00737601,0.008956584,0.010010299,0.013698304,0.00737601,0.012644589,0.013698304,0.010010299,0.008429726,0.008956584,0.012117731,0.010537157,0.014225162,0.008956584,0.016859451,0.01475202,0.012644589,0.012644589,0.013698304,0.012644589,0.02212803,0.01475202,0.019493741,0.012644589,0.007902868,0.007902868,0.015278878,0.009483441,0.012117731,0.008956584,0.011064015,0.002634289,0.008956584,0.009483441,0.009483441,0.005268579,0.013698304,0.008429726,0.020547457,0.005795436,0.011064015,0.008956584,0.009483441,0.007902868,0.163262452,0.130221158,0
0.008466652,0.010583315,0.012699978,0.012170812,0.010583315,0.009524983,0.010583315,0.008995817,0.01111248,0.015345806,0.013758309,0.012699978,0.007937486,0.006879155,0.012170812,0.009524983,0.008995817,0.008995817,0.013758309,0.006879155,0.007937486,0.008466652,0.010583315,0.012699978,0.009524983,0.011641646,0.013758309,0.010054149,0.008466652,0.007937486,0.012699978,0.010054149,0.014287475,0.01111248,0.01481664,0.01481664,0.012170812,0.012170812,0.013758309,0.012170812,0.020637464,0.014287475,0.019579132,0.012699978,0.00740832,0.008466652,0.015345806,0.010583315,0.012170812,0.008995817,0.011641646,0.002645829,0.007937486,0.009524983,0.009524983,0.005291657,0.013758309,0.008995817,0.020108298,0.006349989,0.011641646,0.008995817,0.008995817,0.006349989,0.164646558,0.132621351,0
0.00934753,0.009897385,0.013196513,0.012646658,0.010997094,0.008797675,0.00934753,0.008797675,0.012096803,0.015945786,0.013746368,0.012646658,0.008247821,0.008247821,0.012646658,0.008797675,0.00934753,0.008797675,0.014296222,0.006598256,0.007697966,0.008247821,0.010997094,0.012646658,0.007697966,0.010997094,0.013746368,0.009897385,0.008797675,0.008247821,0.013196513,0.008797675,0.014296222,0.009897385,0.014846077,0.015395932,0.012096803,0.012646658,0.012096803,0.012096803,0.020344624,0.013746368,0.019244915,0.013746368,0.007697966,0.008797675,0.015395932,0.010447239,0.012096803,0.00934753,0.012096803,0.003299128,0.008247821,0.009897385,0.009897385,0.005498547,0.014296222,0.007697966,0.020344624,0.006598256,0.012096803,0.008247821,0.007697966,0.006598256,0.164407573,0.133427969,0
0.008274335,0.013141591,0.013628316,0.011194688,0.011194688,0.009734512,0.011681414,0.009247786,0.011194688,0.014601767,0.012654865,0.013628316,0.007300884,0.007300884,0.012654865,0.008274335,0.010221237,0.009734512,0.014601767,0.007787609,0.008274335,0.007787609,0.009247786,0.011681414,0.00876106,0.012168139,0.013141591,0.009734512,0.009247786,0.007300884,0.012654865,0.009247786,0.015575218,0.010221237,0.014115042,0.013628316,0.013141591,0.012168139,0.012654865,0.012168139,0.019955749,0.014115042,0.019955749,0.014115042,0.007787609,0.00876106,0.01654867,0.010221237,0.012168139,0.00876106,0.009734512,0.002920353,0.009734512,0.007787609,0.010221237,0.005353981,0.013628316,0.009247786,0.022389377,0.005840707,0.00876106,0.009734512,0.009247786,0.005353981,0.165263211,0.131418331,0
0.008430896,0.012398376,0.013886182,0.011406506,0.010910571,0.009422766,0.009918701,0.009422766,0.011406506,0.015869922,0.013390246,0.012894311,0.007439026,0.006943091,0.011902441,0.008430896,0.009918701,0.008926831,0.014382117,0.006943091,0.008430896,0.007934961,0.009422766,0.012398376,0.008430896,0.012398376,0.013886182,0.009918701,0.008926831,0.008430896,0.012894311,0.008926831,0.014878052,0.009422766,0.014878052,0.013390246,0.012398376,0.012398376,0.014382117,0.012398376,0.019341467,0.014382117,0.020333337,0.014878052,0.007439026,0.008430896,0.015869922,0.010910571,0.012894311,0.008926831,0.010414636,0.00297561,0.008430896,0.008430896,0.010414636,0.004959351,0.013390246,0.008926831,0.021325207,0.005455286,0.011406506,0.008430896,0.008430896,0.006447156,0.164944346,0.131819747,0
0.007262147,0.01193067,0.012968119,0.010374496,0.011411945,0.009337046,0.009337046,0.008299596,0.01193067,0.016080468,0.012449395,0.012449395,0.009337046,0.009337046,0.011411945,0.009337046,0.009337046,0.009337046,0.013486844,0.008299596,0.007262147,0.008299596,0.009337046,0.012968119,0.009337046,0.01193067,0.014005569,0.009337046,0.009337046,0.008818321,0.01193067,0.009337046,0.013486844,0.008818321,0.015043019,0.015561743,0.013486844,0.011411945,0.015043019,0.01193067,0.018674092,0.013486844,0.019192817,0.013486844,0.007780872,0.007262147,0.015561743,0.009855771,0.012449395,0.008299596,0.011411945,0.005187248,0.008299596,0.008818321,0.010374496,0.006224697,0.012968119,0.010374496,0.019192817,0.005187248,0.011411945,0.008299596,0.008818321,0.008299596,0.16759221,0.131091891,0
0.010325001,0.011357501,0.013422501,0.013938751,0.008260001,0.009292501,0.012906251,0.011873751,0.014455001,0.014455001,0.013422501,0.012390001,0.007227501,0.007227501,0.009808751,0.007227501,0.008776251,0.008776251,0.014455001,0.0051625,0.006711251,0.006711251,0.011873751,0.010841251,0.008260001,0.012906251,0.013422501,0.011873751,0.008776251,0.00567875,0.014971251,0.009292501,0.018068752,0.010325001,0.014971251,0.010325001,0.014455001,0.013422501,0.013938751,0.009292501,0.018068752,0.012390001,0.021682502,0.013938751,0.012906251,0.011357501,0.017552502,0.006711251,0.011873751,0.011873751,0.011873751,0.002065,0.007743751,0.006711251,0.007743751,0.006195001,0.012906251,0.011357501,0.017552502,0.010325001,0.009292501,0.00413,0.009808751,0.00361375,0.170243519,0.129205171,0
0.011500322,0.013417042,0.013417042,0.012937862,0.009104421,0.011021142,0.012937862,0.010541961,0.013896222,0.015333762,0.013896222,0.011979502,0.006708521,0.004791801,0.010541961,0.008146061,0.008625241,0.010062781,0.011979502,0.005270981,0.007187701,0.005270981,0.011021142,0.011021142,0.008625241,0.011979502,0.015333762,0.010541961,0.010062781,0.005750161,0.013896222,0.008625241,0.019167203,0.009583601,0.015333762,0.009583601,0.012937862,0.011979502,0.014375402,0.011021142,0.017729662,0.012937862,0.021083923,0.015812942,0.012458682,0.010541961,0.016771302,0.008146061,0.011979502,0.010541961,0.014375402,0.00191672,0.006708521,0.006229341,0.008146061,0.005750161,0.013417042,0.010062781,0.017250482,0.009583601,0.009583601,0.005750161,0.009583601,0.004312621,0.169005939,0.130911985,0
0.011416724,0.011913104,0.013402242,0.012905862,0.009927586,0.009431207,0.013402242,0.010920345,0.014395,0.016380517,0.013402242,0.011913104,0.00694931,0.005956552,0.010423966,0.006452931,0.008438448,0.010423966,0.013898621,0.004963793,0.006452931,0.005956552,0.010920345,0.010423966,0.008934828,0.012409483,0.01489138,0.010920345,0.008438448,0.006452931,0.01489138,0.009431207,0.018366035,0.010423966,0.015884138,0.009431207,0.013898621,0.012409483,0.015387759,0.012905862,0.017373276,0.014395,0.019855173,0.013402242,0.013402242,0.010423966,0.015884138,0.00694931,0.011416724,0.010920345,0.012905862,0.002481897,0.00744569,0.005956552,0.00744569,0.005460172,0.012905862,0.011416724,0.016876897,0.010423966,0.008934828,0.003474655,0.010423966,0.003474655,0.171093406,0.129508136,0
0.011388735,0.013015697,0.013558018,0.013558018,0.007050169,0.008134811,0.014100339,0.011931056,0.014642659,0.01518498,0.013558018,0.011931056,0.007050169,0.00759249,0.009761773,0.00759249,0.009219452,0.006507849,0.014100339,0.005423207,0.005965528,0.005423207,0.010846414,0.010846414,0.008677131,0.013015697,0.014100339,0.011931056,0.008677131,0.005965528,0.015727301,0.008134811,0.018438904,0.010846414,0.01518498,0.010846414,0.014642659,0.013015697,0.014642659,0.009219452,0.018438904,0.012473376,0.021692829,0.014100339,0.012473376,0.011388735,0.017354263,0.006507849,0.012473376,0.010846414,0.012473376,0.002169283,0.00759249,0.007050169,0.008134811,0.006507849,0.013558018,0.010846414,0.017354263,0.009761773,0.009761773,0.004338566,0.008677131,0.003253924,0.169255899,0.130065738,0
0.010983841,0.011483106,0.013480168,0.012980902,0.008986779,0.00998531,0.012980902,0.010983841,0.014478699,0.016975026,0.013480168,0.011982371,0.006989717,0.005991186,0.00998531,0.006490451,0.008986779,0.00998531,0.013480168,0.004493389,0.006490451,0.005991186,0.011483106,0.010983841,0.008487513,0.012980902,0.014478699,0.010983841,0.008986779,0.005991186,0.014478699,0.00998531,0.017474292,0.010484575,0.016475761,0.009486044,0.013979433,0.012980902,0.014478699,0.011982371,0.017973557,0.011982371,0.021468416,0.013979433,0.013480168,0.010983841,0.015976495,0.006989717,0.011483106,0.010983841,0.013480168,0.002496327,0.007488982,0.005991186,0.007988248,0.00549192,0.012980902,0.011483106,0.016475761,0.010484575,0.008986779,0.003994124,0.010484575,0.003494858,0.170358059,0.129172475,0
0.011170965,0.012234867,0.013830719,0.013298768,0.008511212,0.009043163,0.012766818,0.011702916,0.013298768,0.014894621,0.013830719,0.012766818,0.00691536,0.00744731,0.009575113,0.00691536,0.009043163,0.008511212,0.01436267,0.005319507,0.006383409,0.006383409,0.011702916,0.011170965,0.007979261,0.013298768,0.013830719,0.012234867,0.008511212,0.005851458,0.014894621,0.008511212,0.018086325,0.010107064,0.01436267,0.010107064,0.01436267,0.013298768,0.014894621,0.008511212,0.018086325,0.013298768,0.022873882,0.01436267,0.012766818,0.011702916,0.018086325,0.006383409,0.012234867,0.011170965,0.012234867,0.002127803,0.007979261,0.00691536,0.007979261,0.006383409,0.013298768,0.009575113,0.018086325,0.009575113,0.009575113,0.004255606,0.007979261,0.004787557,0.169400903,0.128956076,0
0.009458178,0.011449374,0.014436167,0.012444971,0.009458178,0.010951575,0.01294277,0.010951575,0.012444971,0.014933966,0.013938368,0.013938368,0.006471385,0.005475787,0.010453776,0.007964782,0.007964782,0.010951575,0.011947173,0.00448019,0.006471385,0.005973586,0.010951575,0.012444971,0.008462581,0.010951575,0.015431765,0.010951575,0.010951575,0.004977989,0.014933966,0.008462581,0.017920759,0.010453776,0.014933966,0.010453776,0.01294277,0.01294277,0.013938368,0.009955977,0.019414155,0.011947173,0.023894345,0.013938368,0.01294277,0.011449374,0.016427362,0.006969184,0.012444971,0.011449374,0.013440569,0.002986793,0.006471385,0.006471385,0.007964782,0.005973586,0.013440569,0.011947173,0.015929563,0.008960379,0.009955977,0.004977989,0.008462581,0.003982391,0.169630041,0.130962565,0
0.009212695,0.011976503,0.015200946,0.011976503,0.00967333,0.010594599,0.012897773,0.010133964,0.012897773,0.014740312,0.013358407,0.012897773,0.006909521,0.006909521,0.010133964,0.007370156,0.008291425,0.010594599,0.012437138,0.005066982,0.006448886,0.005988252,0.010133964,0.012897773,0.007830791,0.010594599,0.016122216,0.010594599,0.00967333,0.005066982,0.016122216,0.00875206,0.017964755,0.00967333,0.013819042,0.011515868,0.012897773,0.012437138,0.014279677,0.010594599,0.01842539,0.013358407,0.023492372,0.015200946,0.011976503,0.010133964,0.016582851,0.008291425,0.012897773,0.011055234,0.011976503,0.002763808,0.007370156,0.006448886,0.007830791,0.005988252,0.013819042,0.011515868,0.017964755,0.008291425,0.010133964,0.005527617,0.00875206,0.004145713,0.16888764,0.130486922,0
0.009212695,0.011976503,0.015200946,0.011976503,0.00967333,0.010594599,0.012897773,0.010133964,0.012897773,0.014740312,0.013358407,0.012897773,0.006909521,0.006909521,0.010133964,0.007370156,0.008291425,0.010594599,0.012437138,0.005066982,0.006448886,0.005988252,0.010133964,0.012897773,0.007830791,0.010594599,0.016122216,0.010594599,0.00967333,0.005066982,0.016122216,0.00875206,0.017964755,0.00967333,0.013819042,0.011515868,0.012897773,0.012437138,0.014279677,0.010594599,0.01842539,0.013358407,0.023492372,0.015200946,0.011976503,0.010133964,0.016582851,0.008291425,0.012897773,0.011055234,0.011976503,0.002763808,0.007370156,0.006448886,0.007830791,0.005988252,0.013819042,0.011515868,0.017964755,0.008291425,0.010133964,0.005527617,0.00875206,0.004145713,0.16888764,0.130486922,0
0.010886762,0.01237132,0.012866173,0.012866173,0.007917645,0.010886762,0.012866173,0.010886762,0.013361026,0.01583529,0.013361026,0.01237132,0.006433086,0.006927939,0.010391909,0.006927939,0.00890735,0.009402203,0.013361026,0.005938234,0.007422792,0.005938234,0.011876467,0.010886762,0.007917645,0.013361026,0.014350731,0.010886762,0.00890735,0.005938234,0.014845584,0.00890735,0.017814701,0.009897056,0.015340437,0.009897056,0.013855878,0.01237132,0.014350731,0.010886762,0.018309554,0.011876467,0.022268376,0.015340437,0.012866173,0.010391909,0.017319848,0.007917645,0.011381614,0.010886762,0.013361026,0.001979411,0.007917645,0.006927939,0.007422792,0.005938234,0.013361026,0.010391909,0.017814701,0.009897056,0.009402203,0.004948528,0.009402203,0.002969117,0.169539251,0.129749181,0
0.007537688,0.012248743,0.015546482,0.010835427,0.00942211,0.010364321,0.012248743,0.009893216,0.011306532,0.015546482,0.013190954,0.012248743,0.005182161,0.007537688,0.011777638,0.006124372,0.010364321,0.009893216,0.01366206,0.007066583,0.010364321,0.00942211,0.011306532,0.010835427,0.008951005,0.012248743,0.016017587,0.010364321,0.006124372,0.007066583,0.015075376,0.008008794,0.018373115,0.009893216,0.015075376,0.011306532,0.015075376,0.014133165,0.01366206,0.010835427,0.020728643,0.015075376,0.02308417,0.015546482,0.011306532,0.010835427,0.016959798,0.008008794,0.009893216,0.009893216,0.008008794,0.001413317,0.006124372,0.008479899,0.010364321,0.004711055,0.013190954,0.010835427,0.022141959,0.008951005,0.006595477,0.00423995,0.011306532,0.003297739,0.165525152,0.127345471,0
0.00820871,0.011286976,0.015391331,0.010773931,0.010260887,0.009747843,0.01180002,0.010260887,0.011286976,0.016930464,0.011286976,0.011286976,0.005130444,0.006669577,0.012826109,0.006156532,0.009747843,0.010773931,0.013852198,0.007182621,0.010773931,0.010260887,0.011286976,0.011286976,0.00820871,0.010773931,0.018469597,0.011286976,0.005643488,0.006669577,0.015391331,0.00820871,0.018469597,0.010260887,0.013852198,0.011286976,0.014878286,0.015391331,0.014365242,0.010260887,0.022060907,0.015904375,0.02360004,0.014878286,0.010773931,0.010260887,0.016417419,0.00820871,0.009234798,0.009747843,0.007695665,0.001539133,0.005130444,0.00820871,0.011286976,0.004104355,0.012313064,0.011286976,0.023086996,0.00820871,0.007182621,0.005130444,0.010260887,0.002565222,0.165627331,0.127397551,0
0.008176749,0.01124303,0.016353498,0.010731983,0.009709889,0.010220936,0.01124303,0.009709889,0.010731983,0.015331404,0.013287217,0.01124303,0.005621515,0.007154655,0.01277617,0.006643608,0.010220936,0.010220936,0.01277617,0.007665702,0.01124303,0.010220936,0.012265123,0.010220936,0.009198842,0.011754076,0.016864545,0.011754076,0.005621515,0.006132562,0.013798264,0.009198842,0.018397685,0.009709889,0.013287217,0.012265123,0.013798264,0.014820357,0.015331404,0.010220936,0.022997106,0.015842451,0.0240192,0.013798264,0.010731983,0.010220936,0.015331404,0.008687796,0.009709889,0.009709889,0.008176749,0.00153314,0.006132562,0.008687796,0.010731983,0.004088374,0.010731983,0.01124303,0.022486059,0.008176749,0.007665702,0.006132562,0.010731983,0.002555234,0.165528333,0.12718289,0
0.008220121,0.011816424,0.01489897,0.010275151,0.009761394,0.009247636,0.012843939,0.010788909,0.011302667,0.015926485,0.011816424,0.012843939,0.005137576,0.007192606,0.011302667,0.006678848,0.009761394,0.010788909,0.014385212,0.007192606,0.011816424,0.010275151,0.010788909,0.010275151,0.007706364,0.010788909,0.017981515,0.011302667,0.005651333,0.006165091,0.01489897,0.008220121,0.017981515,0.010275151,0.014385212,0.011302667,0.014385212,0.01489897,0.013357697,0.009761394,0.022091576,0.01489897,0.023119091,0.015412727,0.011302667,0.009761394,0.016954,0.009247636,0.009761394,0.009761394,0.008220121,0.001541273,0.005651333,0.008733879,0.010788909,0.004110061,0.012843939,0.010788909,0.022605333,0.007706364,0.007192606,0.006165091,0.010788909,0.003082545,0.165147698,0.127921884,0
0.008517803,0.013027228,0.017035606,0.010521992,0.010020945,0.010020945,0.013027228,0.00901885,0.011023039,0.016534559,0.011524086,0.013027228,0.006513614,0.008016756,0.012526181,0.006012567,0.012526181,0.010020945,0.011023039,0.008016756,0.010020945,0.010521992,0.00901885,0.011524086,0.009519898,0.011023039,0.015031417,0.012025134,0.006513614,0.006513614,0.013528275,0.007014661,0.018037701,0.00901885,0.01453037,0.012526181,0.014029323,0.013528275,0.015031417,0.00901885,0.021545031,0.013528275,0.023048173,0.013528275,0.012025134,0.010020945,0.01453037,0.010020945,0.010020945,0.010020945,0.009519898,0.002004189,0.007515709,0.007014661,0.010521992,0.004509425,0.012025134,0.010521992,0.022046078,0.008016756,0.006513614,0.005010472,0.012025134,0.003507331,0.167033227,0.127993309,0
0.007871466,0.011315232,0.015250965,0.010331299,0.010331299,0.010331299,0.012791132,0.009839332,0.009839332,0.016726865,0.012299165,0.011315232,0.005411633,0.006887532,0.012791132,0.005411633,0.009839332,0.011807199,0.013775065,0.007871466,0.010823265,0.010331299,0.012791132,0.010331299,0.008855399,0.011807199,0.018202764,0.012299165,0.005903599,0.005903599,0.014267032,0.007871466,0.017710798,0.010823265,0.013775065,0.010331299,0.017218831,0.015742931,0.014758998,0.009839332,0.022630464,0.015742931,0.023614397,0.013775065,0.010331299,0.009839332,0.016234898,0.008363432,0.009347366,0.009839332,0.007379499,0.001967866,0.004919666,0.007871466,0.010823265,0.003935733,0.011315232,0.012791132,0.021646531,0.007379499,0.006887532,0.004919666,0.009839332,0.002459833,0.167991184,0.126528702,0
0.008012489,0.012254395,0.017438947,0.009897781,0.010369104,0.009426458,0.012725718,0.009426458,0.010369104,0.016496301,0.013197041,0.01131175,0.005655875,0.007069843,0.012725718,0.005655875,0.010840427,0.010369104,0.013668364,0.007541166,0.010369104,0.009426458,0.010840427,0.009897781,0.009426458,0.010840427,0.016024978,0.01131175,0.005655875,0.006598521,0.01461101,0.007541166,0.018381593,0.009426458,0.012725718,0.01131175,0.016024978,0.015553656,0.013197041,0.010369104,0.019324239,0.016967624,0.024980113,0.015553656,0.011783072,0.008955135,0.016967624,0.008955135,0.010369104,0.009897781,0.007069843,0.002356614,0.005655875,0.006127198,0.010840427,0.004713229,0.012725718,0.010840427,0.023094822,0.008483812,0.006598521,0.004713229,0.010840427,0.002827937,0.167491522,0.127880748,0
0.007658542,0.011009154,0.016274402,0.010530495,0.010530495,0.009094519,0.013402448,0.009573177,0.011009154,0.015795743,0.012445131,0.011487813,0.006222565,0.006222565,0.01292379,0.006222565,0.010530495,0.011487813,0.013881107,0.007179883,0.010530495,0.010051836,0.011009154,0.011009154,0.010530495,0.011966472,0.015317084,0.010530495,0.006701224,0.005265248,0.014838425,0.007179883,0.017710378,0.009573177,0.013402448,0.011966472,0.017231719,0.016274402,0.013881107,0.009573177,0.020103673,0.017710378,0.024890261,0.013881107,0.010051836,0.00861586,0.017231719,0.00861586,0.009573177,0.010530495,0.007179883,0.001914635,0.004786589,0.006701224,0.010051836,0.003829271,0.011487813,0.011487813,0.023932944,0.00861586,0.006222565,0.005265248,0.010530495,0.003350612,0.168223608,0.127190532,0
0.008028522,0.012278917,0.017473843,0.010389853,0.010862119,0.008973054,0.012278917,0.00944532,0.010862119,0.016057045,0.013695715,0.012278917,0.005667192,0.00708399,0.012278917,0.005667192,0.011806651,0.010862119,0.014167981,0.006611724,0.010389853,0.00944532,0.008973054,0.011334385,0.010389853,0.011806651,0.013223449,0.010862119,0.005667192,0.006139458,0.016057045,0.00708399,0.018418375,0.008973054,0.013695715,0.011334385,0.017001577,0.016529311,0.013223449,0.00944532,0.018418375,0.017473843,0.025974631,0.014167981,0.011334385,0.00944532,0.016529311,0.008973054,0.009917587,0.00944532,0.00708399,0.00236133,0.005194926,0.005194926,0.011806651,0.00472266,0.012751183,0.010862119,0.023613301,0.008973054,0.006139458,0.004250394,0.011334385,0.003305862,0.166753514,0.127208779,0
0.008140862,0.010535234,0.016281725,0.010056359,0.010535234,0.010056359,0.011492982,0.009098611,0.010056359,0.015323976,0.014366228,0.012450731,0.004788743,0.006225365,0.012929605,0.005746491,0.009577485,0.011014108,0.013408479,0.008140862,0.010056359,0.009098611,0.011492982,0.011014108,0.008140862,0.011492982,0.018197222,0.011492982,0.007183114,0.006225365,0.014845102,0.008140862,0.017239473,0.010056359,0.014366228,0.010535234,0.016281725,0.015802851,0.015323976,0.011014108,0.02250709,0.018676096,0.025380336,0.013887353,0.011014108,0.011014108,0.016760599,0.006225365,0.010056359,0.009577485,0.008140862,0.000957749,0.005267617,0.00670424,0.011014108,0.005267617,0.011492982,0.012929605,0.022028216,0.007661988,0.005746491,0.004788743,0.009577485,0.001915497,0.16666151,0.126520085,0
0.008958395,0.01273035,0.015559317,0.010372878,0.010372878,0.010372878,0.010844373,0.0084869,0.010844373,0.015559317,0.015087823,0.013201845,0.005186439,0.008958395,0.010844373,0.007543911,0.010372878,0.009429889,0.013201845,0.006600922,0.007543911,0.007543911,0.010844373,0.011787361,0.008958395,0.013201845,0.015087823,0.009429889,0.010844373,0.0084869,0.012258856,0.009429889,0.016030812,0.008958395,0.015087823,0.01273035,0.012258856,0.011315867,0.015559317,0.014144834,0.018388284,0.016030812,0.018859778,0.013673339,0.009901384,0.0084869,0.014616328,0.009429889,0.012258856,0.008958395,0.010844373,0.002828967,0.009429889,0.0084869,0.009429889,0.006600922,0.014616328,0.0084869,0.018388284,0.006129428,0.008958395,0.007543911,0.009901384,0.006600922,0.1646544,0.130461385,0
0.008456802,0.011441556,0.014923769,0.010944097,0.010446638,0.009949179,0.010944097,0.008954261,0.011939015,0.015421228,0.013928851,0.011441556,0.005472048,0.007959343,0.011939015,0.008954261,0.010446638,0.00945172,0.013431392,0.006964425,0.008456802,0.007461884,0.010446638,0.009949179,0.008954261,0.013928851,0.015918687,0.009949179,0.010944097,0.007959343,0.011441556,0.008954261,0.01442631,0.00945172,0.014923769,0.012933933,0.013928851,0.011441556,0.015918687,0.013431392,0.016913604,0.016913604,0.017908522,0.014923769,0.008456802,0.00945172,0.015421228,0.008954261,0.011939015,0.009949179,0.00945172,0.003482213,0.007461884,0.007461884,0.011441556,0.006964425,0.013928851,0.008456802,0.01890344,0.005969507,0.009949179,0.007959343,0.008954261,0.005472048,0.167380189,0.131700145,0
0.009255407,0.010283785,0.01388311,0.011312164,0.011312164,0.010283785,0.010797975,0.009769596,0.009769596,0.015425678,0.016454056,0.010797975,0.00719865,0.00719865,0.009769596,0.010797975,0.011312164,0.012340542,0.012854732,0.005656082,0.008227028,0.009255407,0.011312164,0.009255407,0.00668446,0.012340542,0.014911489,0.013368921,0.00668446,0.00719865,0.012340542,0.008741217,0.014911489,0.008227028,0.015939867,0.014911489,0.012854732,0.010797975,0.016454056,0.010283785,0.022110138,0.012854732,0.018510813,0.01388311,0.009255407,0.008741217,0.017482435,0.009255407,0.009255407,0.011312164,0.009769596,0.003085136,0.009769596,0.007712839,0.008741217,0.005656082,0.014911489,0.009769596,0.017996624,0.00668446,0.010283785,0.008741217,0.009769596,0.00719865,0.167976342,0.128098558,0
0.0084901,0.010987188,0.015481947,0.011486606,0.01048777,0.008989517,0.009988353,0.008989517,0.012984858,0.015481947,0.014982529,0.012485441,0.005993012,0.007990682,0.01048777,0.0084901,0.009988353,0.008989517,0.014982529,0.006991847,0.007990682,0.006991847,0.009988353,0.010987188,0.007990682,0.013484276,0.014982529,0.011486606,0.009488935,0.007491264,0.011986023,0.01048777,0.014982529,0.01048777,0.014982529,0.011986023,0.013484276,0.012485441,0.016480782,0.013484276,0.017479617,0.017479617,0.017979035,0.013484276,0.0084901,0.009988353,0.013983694,0.009488935,0.012984858,0.007990682,0.01048777,0.002497088,0.008989517,0.007491264,0.011486606,0.005993012,0.013983694,0.008989517,0.018478452,0.004994176,0.009988353,0.0084901,0.009988353,0.005993012,0.165007922,0.131312633,0
0.008497295,0.012995863,0.014495386,0.011496341,0.010496659,0.008997136,0.010496659,0.009496977,0.012496022,0.01649475,0.014495386,0.011996182,0.006497932,0.007997454,0.009996818,0.008497295,0.0109965,0.009496977,0.014995227,0.006497932,0.008497295,0.006997773,0.009996818,0.010496659,0.008497295,0.013995545,0.015495068,0.010496659,0.007997454,0.008497295,0.011996182,0.009996818,0.015495068,0.009496977,0.015994909,0.011996182,0.013995545,0.012496022,0.015994909,0.012995863,0.017494431,0.01649475,0.017994272,0.014495386,0.007997454,0.008497295,0.015495068,0.009996818,0.011996182,0.007497613,0.009996818,0.002999045,0.008997136,0.007497613,0.011996182,0.00549825,0.014495386,0.008497295,0.018494113,0.004998409,0.009996818,0.008997136,0.009496977,0.00549825,0.164839247,0.130884929,0
0.008997547,0.012496593,0.014995912,0.011496866,0.010497138,0.009497411,0.010997002,0.008997547,0.01199673,0.016995367,0.013996185,0.012496593,0.005998365,0.00799782,0.010497138,0.008497684,0.010997002,0.009997275,0.014995912,0.006498229,0.008497684,0.006998092,0.009997275,0.010997002,0.008497684,0.013496321,0.015495776,0.010497138,0.00799782,0.00799782,0.01199673,0.009997275,0.014995912,0.009997275,0.015495776,0.01199673,0.014496048,0.01199673,0.016495503,0.012496593,0.017995094,0.01599564,0.016995367,0.013996185,0.008497684,0.008997547,0.015495776,0.008997547,0.012496593,0.007497956,0.009997275,0.002999182,0.008997547,0.00799782,0.010497138,0.005498501,0.013996185,0.008997547,0.018494958,0.004998637,0.010497138,0.00799782,0.008997547,0.007497956,0.165524194,0.130667666,0
0.008240325,0.012118125,0.0155112,0.01066395,0.01066395,0.010179225,0.01066395,0.009209775,0.01260285,0.015026475,0.014057025,0.01260285,0.005331975,0.008240325,0.0116334,0.008240325,0.01066395,0.009209775,0.014057025,0.00678615,0.008240325,0.008240325,0.010179225,0.010179225,0.00872505,0.0135723,0.015026475,0.010179225,0.01066395,0.0077556,0.0116334,0.009209775,0.015026475,0.0096945,0.015026475,0.01260285,0.0135723,0.0116334,0.0155112,0.013087575,0.016480651,0.016965376,0.017450101,0.01454175,0.009209775,0.0096945,0.015026475,0.009209775,0.01260285,0.0096945,0.009209775,0.003393075,0.008240325,0.007270875,0.011148675,0.00678615,0.01454175,0.008240325,0.018904276,0.0058167,0.0096945,0.0077556,0.009209775,0.005331975,0.166589865,0.131528313,0
0.008062273,0.011856283,0.015650294,0.010433529,0.010433529,0.010433529,0.010433529,0.008536524,0.012330534,0.015176042,0.01422754,0.012330534,0.005216765,0.008062273,0.011382032,0.009010775,0.010433529,0.009485026,0.013753288,0.006639519,0.008062273,0.00711377,0.010433529,0.01090778,0.008536524,0.013279037,0.015176042,0.010433529,0.010433529,0.008536524,0.012330534,0.008536524,0.015176042,0.009010775,0.014701791,0.013279037,0.013279037,0.011382032,0.015650294,0.013753288,0.017073048,0.017073048,0.01802155,0.01422754,0.009485026,0.009485026,0.014701791,0.009010775,0.012330534,0.009485026,0.009959278,0.003319759,0.008536524,0.007588021,0.01090778,0.00711377,0.01422754,0.008536524,0.018970053,0.005691016,0.009959278,0.008062273,0.009010775,0.005691016,0.166413855,0.131219934,0
0.008981049,0.012473679,0.015467362,0.011475785,0.010477891,0.009479996,0.010976838,0.008981049,0.011974732,0.016964204,0.013970521,0.012473679,0.005987366,0.007983155,0.010477891,0.008482102,0.010976838,0.009978944,0.014968415,0.006486313,0.008482102,0.00698526,0.009978944,0.010976838,0.008482102,0.013471574,0.015467362,0.010477891,0.007983155,0.007983155,0.011974732,0.009978944,0.015467362,0.009978944,0.015467362,0.011974732,0.014469468,0.011974732,0.016465257,0.012473679,0.017962098,0.01596631,0.016964204,0.013970521,0.008482102,0.008981049,0.015467362,0.008981049,0.012473679,0.007484208,0.009978944,0.002993683,0.008981049,0.007983155,0.010477891,0.005488419,0.014469468,0.008981049,0.018461046,0.004989472,0.010477891,0.007983155,0.008981049,0.007484208,0.165355633,0.130629901,0
0.009510206,0.010566895,0.014793653,0.011623585,0.010038551,0.010038551,0.010038551,0.008453516,0.01109524,0.015850343,0.014265309,0.013208619,0.005811792,0.008453516,0.01109524,0.008453516,0.010038551,0.008981861,0.013736964,0.006340137,0.007925172,0.008453516,0.011623585,0.010566895,0.007396827,0.014265309,0.015321998,0.009510206,0.01109524,0.008453516,0.01109524,0.009510206,0.014793653,0.008981861,0.015321998,0.012680274,0.012680274,0.011623585,0.015321998,0.014265309,0.019020412,0.015321998,0.018492067,0.013208619,0.008981861,0.008453516,0.015321998,0.010038551,0.01215193,0.010038551,0.010566895,0.003170069,0.008453516,0.008453516,0.009510206,0.006868482,0.014793653,0.007925172,0.017963722,0.006868482,0.010038551,0.007925172,0.010038551,0.006340137,0.165823806,0.130949309,0
0.009316382,0.013239069,0.011277726,0.010297054,0.011277726,0.009316382,0.012748733,0.00833571,0.011277726,0.013729405,0.013239069,0.015690749,0.007355039,0.007845374,0.009806718,0.00833571,0.009806718,0.009316382,0.014219741,0.005884031,0.00833571,0.009806718,0.007355039,0.012748733,0.007355039,0.012748733,0.018142428,0.011277726,0.008826046,0.007355039,0.013729405,0.007355039,0.013729405,0.009806718,0.015690749,0.013729405,0.012258398,0.012258398,0.014219741,0.010297054,0.017161757,0.015200413,0.020594108,0.015200413,0.01078739,0.010297054,0.014219741,0.011277726,0.011277726,0.009316382,0.012258398,0.003432351,0.007355039,0.006864703,0.015200413,0.005884031,0.017161757,0.007355039,0.016181085,0.004413023,0.009806718,0.009806718,0.007355039,0.003922687,0.166034275,0.13229505,0
0.00910503,0.013657545,0.011634205,0.0101167,0.011634205,0.0101167,0.013657545,0.00809336,0.00910503,0.012645875,0.012645875,0.01618672,0.006575855,0.00809336,0.0101167,0.00708169,0.009610865,0.009610865,0.01517505,0.005564185,0.00809336,0.0101167,0.007587525,0.012645875,0.00809336,0.011634205,0.01922173,0.01112837,0.00708169,0.007587525,0.01416338,0.00809336,0.014669215,0.009610865,0.01315171,0.01416338,0.01214004,0.011634205,0.01315171,0.0101167,0.017704225,0.015680885,0.02529175,0.01517505,0.010622535,0.010622535,0.01517505,0.011634205,0.01112837,0.010622535,0.010622535,0.00202334,0.00809336,0.006575855,0.015680885,0.00607002,0.016692555,0.00708169,0.016692555,0.005564185,0.0101167,0.0101167,0.006575855,0.003540845,0.16476332,0.13162019,0
0.009175657,0.012073232,0.013039091,0.011107374,0.011590303,0.010624445,0.012556162,0.007726869,0.011107374,0.01400495,0.012556162,0.015936667,0.008692727,0.006278081,0.010624445,0.008209798,0.010624445,0.009175657,0.013039091,0.005312222,0.008692727,0.010624445,0.008692727,0.010624445,0.006278081,0.010141515,0.018834243,0.012073232,0.008209798,0.006278081,0.013039091,0.008209798,0.01352202,0.009175657,0.014487879,0.01352202,0.011107374,0.011590303,0.011590303,0.011107374,0.018834243,0.014970808,0.021248889,0.015453738,0.012073232,0.011590303,0.01400495,0.011107374,0.012073232,0.012073232,0.012556162,0.003863434,0.00676101,0.005795152,0.014487879,0.006278081,0.014487879,0.006278081,0.017868384,0.005312222,0.011590303,0.009658586,0.006278081,0.003380505,0.168054925,0.132663449,0
0.009085867,0.01211449,0.011104949,0.011104949,0.011104949,0.009085867,0.01261926,0.009085867,0.010600178,0.01312403,0.01312403,0.015647882,0.008076326,0.008076326,0.010095408,0.008076326,0.009590638,0.009590638,0.014133571,0.006057245,0.008581097,0.009590638,0.007066786,0.01211449,0.007571556,0.01312403,0.018171734,0.010600178,0.008581097,0.007571556,0.014133571,0.007571556,0.01312403,0.010095408,0.015647882,0.013628801,0.011609719,0.01211449,0.014638342,0.010600178,0.018171734,0.015647882,0.020695586,0.014638342,0.009590638,0.010095408,0.014638342,0.011609719,0.011104949,0.010095408,0.011609719,0.003533393,0.008076326,0.006562015,0.015143112,0.006057245,0.016152653,0.007066786,0.017162194,0.005047704,0.010095408,0.010095408,0.007066786,0.003533393,0.16643318,0.132440731,0
0.009316382,0.013239069,0.011277726,0.010297054,0.011277726,0.009316382,0.012748733,0.00833571,0.011277726,0.013729405,0.013239069,0.015690749,0.007355039,0.007845374,0.009806718,0.00833571,0.009806718,0.009316382,0.014219741,0.005884031,0.00833571,0.009806718,0.007355039,0.012748733,0.007355039,0.012748733,0.018142428,0.011277726,0.008826046,0.007355039,0.013729405,0.007355039,0.013729405,0.009806718,0.015690749,0.013729405,0.012258398,0.012258398,0.014219741,0.010297054,0.017161757,0.015200413,0.020594108,0.015200413,0.01078739,0.010297054,0.014219741,0.011277726,0.011277726,0.009316382,0.012258398,0.003432351,0.007355039,0.006864703,0.015200413,0.005884031,0.017161757,0.007355039,0.016181085,0.004413023,0.009806718,0.009806718,0.007355039,0.003922687,0.166034275,0.13229505,0
0.009253889,0.013150263,0.011202076,0.010227982,0.012176169,0.011202076,0.012176169,0.008766842,0.009253889,0.013150263,0.012663216,0.015585497,0.007305702,0.008279795,0.009740936,0.007305702,0.009740936,0.010715029,0.013150263,0.005357515,0.007792748,0.010227982,0.008279795,0.01363731,0.006818655,0.011689123,0.019968918,0.011689123,0.007305702,0.007305702,0.014124357,0.008279795,0.013150263,0.010227982,0.014124357,0.01363731,0.011689123,0.011689123,0.014124357,0.009740936,0.019481871,0.014611403,0.021917105,0.015585497,0.012176169,0.009740936,0.015585497,0.010227982,0.011202076,0.010227982,0.012176169,0.003409327,0.007305702,0.006818655,0.015585497,0.004870468,0.015585497,0.007792748,0.017046637,0.004870468,0.010227982,0.009253889,0.005844561,0.003409327,0.167200841,0.131938843,0
0.009411483,0.012025783,0.011502923,0.010980063,0.012548643,0.009411483,0.012025783,0.008365762,0.010457203,0.013071504,0.011502923,0.017254385,0.007842902,0.007842902,0.010457203,0.007842902,0.009934343,0.010457203,0.013594364,0.005751462,0.007842902,0.010980063,0.007842902,0.012548643,0.006797182,0.012025783,0.018822965,0.010457203,0.007320042,0.007842902,0.013594364,0.007320042,0.013594364,0.009411483,0.014640084,0.013594364,0.012025783,0.011502923,0.013071504,0.010457203,0.017777245,0.014640084,0.020391546,0.015685804,0.010980063,0.009934343,0.015685804,0.012025783,0.010980063,0.010457203,0.012025783,0.003660021,0.007320042,0.007320042,0.015162944,0.005228601,0.016208664,0.007320042,0.017777245,0.005228601,0.010980063,0.009411483,0.006797182,0.003660021,0.167392026,0.131975379,0
0.009316115,0.013729011,0.011277402,0.010296758,0.011277402,0.009806437,0.012748368,0.008335471,0.011277402,0.013238689,0.013238689,0.015690299,0.007354827,0.007845149,0.009806437,0.008335471,0.009806437,0.009316115,0.014219333,0.005883862,0.008335471,0.009806437,0.007354827,0.012748368,0.007354827,0.012748368,0.018141908,0.011277402,0.008825793,0.007354827,0.013729011,0.007354827,0.013729011,0.009806437,0.015690299,0.013729011,0.012258046,0.011767724,0.014219333,0.010296758,0.017161264,0.015199977,0.020593517,0.015199977,0.01078708,0.010296758,0.014219333,0.011277402,0.011767724,0.009316115,0.011767724,0.003432253,0.007354827,0.006864506,0.015199977,0.005883862,0.017161264,0.007354827,0.01618062,0.004412896,0.009806437,0.009806437,0.007354827,0.003922575,0.16602302,0.13232644,0
0.011207673,0.012328441,0.012328441,0.011768057,0.011768057,0.009526522,0.011768057,0.007845371,0.01064729,0.012888824,0.012328441,0.016251126,0.007845371,0.007845371,0.01064729,0.010086906,0.010086906,0.009526522,0.012888824,0.00616422,0.008966139,0.01064729,0.007845371,0.011207673,0.00616422,0.01064729,0.01681151,0.011768057,0.008405755,0.007845371,0.012888824,0.006724604,0.014009592,0.008405755,0.014009592,0.014569975,0.011768057,0.011207673,0.010086906,0.010086906,0.017932277,0.012888824,0.022415346,0.015130359,0.011768057,0.010086906,0.015130359,0.012328441,0.012328441,0.01064729,0.012888824,0.003922686,0.00616422,0.007284988,0.015690742,0.007284988,0.016251126,0.006724604,0.01681151,0.005603837,0.011768057,0.01064729,0.006724604,0.002801918,0.167068052,0.131891989,0
0.009080439,0.012107253,0.011602784,0.010593846,0.011602784,0.009584908,0.012107253,0.008575971,0.012611721,0.01311619,0.011098315,0.016143003,0.008071502,0.009080439,0.010089377,0.008575971,0.009080439,0.010593846,0.014125128,0.006053626,0.009080439,0.010089377,0.007567033,0.010593846,0.006558095,0.012107253,0.019169817,0.010593846,0.009080439,0.006558095,0.01311619,0.007567033,0.012611721,0.008575971,0.015638535,0.015134066,0.012611721,0.011602784,0.014125128,0.009080439,0.01765641,0.015134066,0.019169817,0.014629597,0.009584908,0.009584908,0.016143003,0.011602784,0.012107253,0.010593846,0.011602784,0.004035751,0.006558095,0.006053626,0.014629597,0.008071502,0.015134066,0.007062564,0.017151941,0.005549157,0.011602784,0.010089377,0.006053626,0.004035751,0.168474065,0.1323321,0
0.01182593,0.01238907,0.01182593,0.01182593,0.01238907,0.009573372,0.011262791,0.009573372,0.009010233,0.013515349,0.014078488,0.014641628,0.005631395,0.007320814,0.01182593,0.007320814,0.010699651,0.010699651,0.013515349,0.006194535,0.009573372,0.013515349,0.009573372,0.01238907,0.006757674,0.01182593,0.015767907,0.01182593,0.007883953,0.007883953,0.014078488,0.006757674,0.014078488,0.009573372,0.014641628,0.012952209,0.01238907,0.014078488,0.011262791,0.009573372,0.019146744,0.013515349,0.02365186,0.014641628,0.010699651,0.009573372,0.016894186,0.011262791,0.011262791,0.010136512,0.011262791,0.001126279,0.006757674,0.007883953,0.014078488,0.005631395,0.016331046,0.008447093,0.017457325,0.007320814,0.009010233,0.009573372,0.006757674,0.002815698,0.164719827,0.128540061,0
0.010549259,0.014568024,0.012056296,0.010549259,0.012558642,0.010046913,0.012056296,0.009042222,0.009042222,0.013060987,0.014568024,0.01507037,0.004521111,0.007535185,0.011051605,0.006530494,0.010549259,0.010549259,0.014065679,0.006028148,0.009042222,0.012056296,0.008539876,0.013060987,0.007032839,0.012056296,0.018084444,0.01155395,0.008037531,0.007535185,0.014065679,0.007032839,0.014568024,0.010046913,0.01507037,0.012056296,0.012558642,0.013563333,0.013563333,0.009544568,0.019089135,0.01507037,0.023610246,0.015572716,0.011051605,0.009544568,0.017582098,0.010549259,0.012056296,0.008539876,0.010046913,0.001004691,0.007032839,0.007535185,0.014568024,0.005023457,0.016577407,0.009042222,0.017079753,0.006530494,0.008037531,0.009544568,0.006530494,0.003014074,0.164098595,0.128598702,0
0.011034159,0.012137575,0.011585867,0.011585867,0.012137575,0.009379035,0.011585867,0.009379035,0.008827327,0.013240991,0.014344406,0.014896114,0.005517079,0.007172203,0.011585867,0.007172203,0.010482451,0.010482451,0.013240991,0.006068787,0.009379035,0.013240991,0.009379035,0.012689283,0.007172203,0.011585867,0.017102946,0.011585867,0.007723911,0.007723911,0.013792698,0.007172203,0.013792698,0.009930743,0.01599953,0.012689283,0.012137575,0.014344406,0.012137575,0.009379035,0.019309778,0.013792698,0.023723441,0.015447822,0.010482451,0.009379035,0.018206362,0.011034159,0.011034159,0.009930743,0.010482451,0.001103416,0.006620495,0.007723911,0.014344406,0.005517079,0.017102946,0.008827327,0.017102946,0.007172203,0.008827327,0.009930743,0.006620495,0.00275854,0.164463671,0.128246751,0
0.010038425,0.014053796,0.01204611,0.010540347,0.012548032,0.010038425,0.01204611,0.009034583,0.009034583,0.013049953,0.014555717,0.015057638,0.005019213,0.007528819,0.011042268,0.006524976,0.010540347,0.010540347,0.014053796,0.006023055,0.009034583,0.01204611,0.008532662,0.013049953,0.007026898,0.01204611,0.018069166,0.011544189,0.00803074,0.007528819,0.014053796,0.007026898,0.014053796,0.010038425,0.015057638,0.012548032,0.012548032,0.013551874,0.013551874,0.009536504,0.019073008,0.015057638,0.0235903,0.015559559,0.011042268,0.009536504,0.017567244,0.010540347,0.01204611,0.009034583,0.010038425,0.001003843,0.007026898,0.007528819,0.014555717,0.005019213,0.016563402,0.009034583,0.017065323,0.006524976,0.00803074,0.009536504,0.006524976,0.003011528,0.164658615,0.128636239,0
0.011141344,0.012255478,0.012255478,0.011698411,0.012255478,0.008913075,0.011141344,0.009470142,0.008913075,0.013369612,0.013369612,0.015597881,0.006127739,0.006684806,0.011698411,0.00779894,0.011141344,0.010584276,0.012812545,0.006127739,0.009470142,0.013369612,0.008913075,0.012255478,0.006684806,0.012255478,0.017269082,0.011698411,0.007241873,0.00779894,0.013369612,0.007241873,0.013926679,0.009470142,0.015597881,0.012812545,0.012812545,0.013926679,0.012812545,0.008913075,0.019497351,0.013369612,0.024510956,0.015040814,0.010584276,0.010027209,0.01782615,0.010027209,0.011141344,0.009470142,0.010584276,0.001671202,0.006127739,0.00779894,0.015040814,0.005013605,0.016712015,0.008913075,0.017269082,0.006684806,0.008913075,0.009470142,0.006684806,0.003342403,0.165093982,0.12798777,0
0.012852486,0.012338386,0.010796088,0.011310187,0.012852486,0.009767889,0.011310187,0.009767889,0.008225591,0.012852486,0.011310187,0.014394784,0.005655094,0.007197392,0.011310187,0.007197392,0.00873969,0.011310187,0.013880685,0.006169193,0.00873969,0.013366585,0.00873969,0.013366585,0.007711491,0.011310187,0.01850758,0.011824287,0.008225591,0.007197392,0.013880685,0.007711491,0.014394784,0.010796088,0.011824287,0.012338386,0.012338386,0.012852486,0.014394784,0.00873969,0.01850758,0.015422983,0.032902364,0.014394784,0.010796088,0.009767889,0.016451182,0.009767889,0.011824287,0.00925379,0.010281989,0.001542298,0.006169193,0.007711491,0.014908884,0.005140994,0.014908884,0.00873969,0.01850758,0.006169193,0.008225591,0.009767889,0.006683293,0.002570497,0.164130001,0.127955081,0
0.010937929,0.012031722,0.012031722,0.011484826,0.012031722,0.00929724,0.011484826,0.00929724,0.008750343,0.013125515,0.013125515,0.015313101,0.006015861,0.006562757,0.011484826,0.00765655,0.010937929,0.010391033,0.012578618,0.006015861,0.00929724,0.013125515,0.00929724,0.012578618,0.006562757,0.012031722,0.017500687,0.012031722,0.00765655,0.00765655,0.013672411,0.007109654,0.013672411,0.009844136,0.015313101,0.012578618,0.012578618,0.014219308,0.012578618,0.008750343,0.019141376,0.013672411,0.024063444,0.015313101,0.010391033,0.009844136,0.018047583,0.010937929,0.010937929,0.009844136,0.010391033,0.001640689,0.006015861,0.00765655,0.014766204,0.005468965,0.01695379,0.009844136,0.017500687,0.006562757,0.008750343,0.009844136,0.007109654,0.003281379,0.165299871,0.128109909,0
0.01106071,0.012166781,0.011613745,0.011613745,0.012166781,0.009401603,0.011613745,0.009401603,0.008848568,0.013272852,0.014378923,0.014931958,0.005530355,0.007189461,0.011613745,0.007189461,0.010507674,0.010507674,0.013272852,0.00608339,0.009401603,0.013272852,0.009401603,0.012719816,0.007189461,0.01106071,0.0171441,0.011613745,0.007742497,0.007742497,0.013825887,0.007189461,0.013825887,0.009954639,0.016038029,0.012719816,0.012166781,0.013825887,0.012166781,0.008848568,0.019356242,0.013825887,0.023780526,0.015484994,0.010507674,0.009401603,0.018250171,0.01106071,0.01106071,0.009954639,0.010507674,0.001106071,0.006636426,0.007742497,0.014378923,0.005530355,0.0171441,0.008848568,0.0171441,0.007189461,0.008848568,0.009954639,0.006636426,0.002765177,0.164358076,0.128309534,0
0.010938169,0.012578894,0.011485078,0.011485078,0.012031986,0.009297444,0.011485078,0.009297444,0.008750535,0.013125803,0.01421962,0.014766528,0.005469085,0.007656718,0.011485078,0.00710981,0.010391261,0.010391261,0.013125803,0.006015993,0.009297444,0.013125803,0.009297444,0.012578894,0.007656718,0.012578894,0.016954162,0.010938169,0.008203627,0.007656718,0.013672711,0.00710981,0.013672711,0.009844352,0.015860345,0.013125803,0.012031986,0.01421962,0.013125803,0.009297444,0.019141796,0.013672711,0.023517064,0.015313437,0.010391261,0.008750535,0.018594887,0.010938169,0.011485078,0.009844352,0.010391261,0.001093817,0.006562901,0.007656718,0.01421962,0.005469085,0.016954162,0.009297444,0.016954162,0.00710981,0.008750535,0.009844352,0.006562901,0.002734542,0.16510773,0.128286548,0
0.012440499,0.012440499,0.010885437,0.011403791,0.012958853,0.009848729,0.011403791,0.009848729,0.00881202,0.012440499,0.012958853,0.012440499,0.005701895,0.007256958,0.011403791,0.007256958,0.00881202,0.011403791,0.013995562,0.00622025,0.009330374,0.019179103,0.007256958,0.013477208,0.007775312,0.00881202,0.018660749,0.011922145,0.008293666,0.007256958,0.013995562,0.007775312,0.014513916,0.010885437,0.011403791,0.012440499,0.011922145,0.011922145,0.013477208,0.00881202,0.016587332,0.016068978,0.041468331,0.01503227,0.010885437,0.009848729,0.013477208,0.009848729,0.011922145,0.009330374,0.010367083,0.001555062,0.00622025,0.007775312,0.01503227,0.005183541,0.016068978,0.00881202,0.016068978,0.004665187,0.008293666,0.009848729,0.006738604,0.002591771,0.160487652,0.12677541,0
0.008172159,0.011090787,0.014593141,0.011090787,0.007004708,0.008172159,0.014009416,0.00933961,0.009923336,0.01751177,0.011674513,0.012841964,0.007004708,0.005253531,0.011674513,0.011674513,0.009923336,0.007588433,0.014009416,0.006420982,0.008172159,0.010507062,0.011090787,0.00933961,0.008172159,0.015176867,0.015760593,0.010507062,0.010507062,0.008755885,0.01342569,0.003502354,0.01751177,0.008172159,0.014009416,0.012258239,0.015760593,0.01342569,0.012258239,0.012841964,0.018679221,0.015176867,0.025683929,0.014593141,0.011090787,0.00933961,0.016928044,0.007004708,0.00933961,0.011674513,0.00933961,0.005837257,0.007004708,0.007004708,0.012258239,0.004669805,0.015176867,0.006420982,0.020430398,0.006420982,0.007588433,0.007588433,0.007004708,0.002918628,0.168960081,0.131736585,0
0.00865234,0.011197146,0.014759874,0.009670262,0.010179223,0.008143379,0.01323299,0.006616495,0.011197146,0.015268835,0.011197146,0.01323299,0.006616495,0.008143379,0.012724029,0.009670262,0.00865234,0.008143379,0.012724029,0.009670262,0.007634417,0.011706107,0.01323299,0.00865234,0.008143379,0.014250913,0.01730468,0.012215068,0.008143379,0.006107534,0.009670262,0.006107534,0.014759874,0.007634417,0.014759874,0.014250913,0.014759874,0.014250913,0.01323299,0.010179223,0.018831563,0.014250913,0.021376369,0.014759874,0.012215068,0.009161301,0.016795718,0.009161301,0.012215068,0.011197146,0.00865234,0.003562728,0.006616495,0.007125456,0.012215068,0.00458065,0.01323299,0.00865234,0.019340524,0.006616495,0.00865234,0.007125456,0.009161301,0.006616495,0.171105404,0.130090916,0
0.014974308,0.013525182,0.015940393,0.00869476,0.010626929,0.009177802,0.013525182,0.007728675,0.010143886,0.015457351,0.013525182,0.011593013,0.005796506,0.006279549,0.012559097,0.00869476,0.009660844,0.009177802,0.014974308,0.009660844,0.00869476,0.010143886,0.011109971,0.00869476,0.009660844,0.014974308,0.015940393,0.010143886,0.007245633,0.006279549,0.011109971,0.006762591,0.016906477,0.008211717,0.012559097,0.011593013,0.016906477,0.01304214,0.014491266,0.011109971,0.017389519,0.015457351,0.02415211,0.015940393,0.010143886,0.009177802,0.016423435,0.00869476,0.011593013,0.010143886,0.007245633,0.003381295,0.007245633,0.006279549,0.011593013,0.003864338,0.012076055,0.009660844,0.019321688,0.006762591,0.009177802,0.007245633,0.007728675,0.004830422,0.168708739,0.128464853,0
0.009066603,0.011199921,0.014933228,0.010133262,0.010133262,0.007999944,0.011733251,0.008533273,0.011199921,0.016533217,0.01279991,0.01226658,0.006399955,0.006399955,0.013866569,0.010133262,0.008533273,0.009066603,0.013866569,0.010133262,0.009066603,0.009599932,0.011199921,0.009066603,0.009066603,0.013333239,0.014933228,0.010133262,0.009066603,0.008533273,0.010133262,0.005866625,0.015466558,0.007466614,0.015999887,0.013333239,0.014399899,0.014399899,0.013333239,0.010666592,0.018133206,0.013866569,0.022399842,0.015466558,0.009599932,0.009066603,0.017066547,0.009599932,0.011733251,0.011199921,0.007999944,0.003199977,0.007999944,0.006933285,0.011199921,0.005333296,0.013866569,0.009066603,0.019733194,0.007466614,0.009066603,0.007466614,0.009066603,0.004799966,0.169105753,0.129565851,0
0.00824786,0.013584711,0.016010553,0.008733029,0.010188533,0.00824786,0.014555048,0.006307187,0.010188533,0.014555048,0.013099543,0.012614375,0.006307187,0.00824786,0.012129207,0.009218197,0.009218197,0.00824786,0.013584711,0.009703365,0.007762692,0.01115887,0.012614375,0.008733029,0.010188533,0.01406988,0.016980889,0.01115887,0.007277524,0.006307187,0.010673702,0.006307187,0.016010553,0.007762692,0.01406988,0.013584711,0.015525384,0.013584711,0.013099543,0.01115887,0.018436394,0.016010553,0.021832572,0.015525384,0.01115887,0.009218197,0.016010553,0.008733029,0.013099543,0.009703365,0.006792356,0.003881346,0.007277524,0.007277524,0.012129207,0.004366514,0.012614375,0.008733029,0.019891899,0.006307187,0.008733029,0.007277524,0.008733029,0.005822019,0.16935294,0.13006409,0
0.009211564,0.009211564,0.015544514,0.009211564,0.008060118,0.005757227,0.011514455,0.010363009,0.0126659,0.01899885,0.012090177,0.013817346,0.00633295,0.005757227,0.013817346,0.009787286,0.010363009,0.00633295,0.015544514,0.010363009,0.009787286,0.010363009,0.010363009,0.010363009,0.009211564,0.013817346,0.0126659,0.012090177,0.008060118,0.007484396,0.0126659,0.006908673,0.014393068,0.009787286,0.016120237,0.013241623,0.016695959,0.017271682,0.0126659,0.009211564,0.017847405,0.013817346,0.020150296,0.012090177,0.009787286,0.0126659,0.014968791,0.008060118,0.009211564,0.010363009,0.010363009,0.003454336,0.007484396,0.007484396,0.013241623,0.005181505,0.013817346,0.009211564,0.01899885,0.007484396,0.009211564,0.007484396,0.008060118,0.003454336,0.167583062,0.130610926,0
0.009281574,0.013189606,0.016120629,0.00879307,0.010258582,0.007816063,0.014655117,0.006839055,0.010258582,0.014655117,0.013189606,0.012701102,0.006350551,0.007327559,0.012212598,0.009281574,0.009281574,0.008304567,0.01367811,0.009770078,0.007816063,0.01123559,0.012212598,0.008304567,0.010258582,0.014166614,0.017097637,0.010258582,0.007816063,0.006350551,0.010747086,0.006350551,0.016120629,0.007816063,0.014166614,0.013189606,0.015632125,0.01367811,0.013189606,0.01123559,0.018563149,0.016120629,0.021982676,0.015632125,0.010747086,0.009281574,0.016120629,0.00879307,0.013189606,0.010258582,0.006839055,0.003419527,0.007327559,0.006839055,0.011724094,0.004885039,0.012212598,0.00879307,0.02002866,0.006350551,0.00879307,0.007327559,0.008304567,0.005862047,0.169097028,0.129899855,0
0.010368528,0.011520586,0.016128821,0.009216469,0.00864044,0.006336323,0.013824704,0.00864044,0.010368528,0.01728088,0.012096616,0.011520586,0.005760293,0.00806441,0.012096616,0.010368528,0.009216469,0.006912352,0.012096616,0.009792498,0.00806441,0.009216469,0.010368528,0.009792498,0.009216469,0.012672645,0.01670485,0.012096616,0.00864044,0.00806441,0.010368528,0.006336323,0.014976762,0.00806441,0.014976762,0.013248674,0.014976762,0.013824704,0.012672645,0.011520586,0.018432938,0.013824704,0.021313085,0.01670485,0.011520586,0.00806441,0.018432938,0.009216469,0.012672645,0.010368528,0.00806441,0.004032205,0.006336323,0.00806441,0.013824704,0.003456176,0.013248674,0.009216469,0.020161026,0.006912352,0.009216469,0.00806441,0.00864044,0.004032205,0.169932546,0.13019183,0
0.009302745,0.011886841,0.016538214,0.009302745,0.009819564,0.008785926,0.011886841,0.008785926,0.010336384,0.015504575,0.013954118,0.012920479,0.005685011,0.005685011,0.013437299,0.009819564,0.009819564,0.008269107,0.013954118,0.009819564,0.008785926,0.010336384,0.011886841,0.009302745,0.009819564,0.013954118,0.014987756,0.010336384,0.008269107,0.007235469,0.009819564,0.006718649,0.015504575,0.007752288,0.014470937,0.01240366,0.016021395,0.014470937,0.012920479,0.010336384,0.017571852,0.014470937,0.021706406,0.015504575,0.010853203,0.009819564,0.016538214,0.009302745,0.01240366,0.011370022,0.007752288,0.003100915,0.007235469,0.006718649,0.01240366,0.003617734,0.01240366,0.009819564,0.01860549,0.007752288,0.009819564,0.007235469,0.008785926,0.004651373,0.16971336,0.129996653,0
0.009013794,0.011517625,0.016024522,0.00951456,0.010015326,0.00951456,0.012018391,0.008513027,0.010015326,0.015523756,0.01352069,0.013019924,0.006009196,0.006009196,0.01352069,0.00951456,0.00951456,0.009013794,0.014021457,0.010015326,0.009013794,0.009013794,0.012018391,0.00951456,0.010015326,0.01352069,0.016525288,0.010015326,0.008012261,0.007010728,0.00951456,0.007010728,0.015523756,0.008012261,0.014021457,0.012519158,0.016024522,0.01352069,0.01352069,0.010516092,0.017526821,0.015022989,0.020531419,0.016024522,0.011016859,0.010015326,0.016024522,0.009013794,0.012018391,0.011517625,0.008012261,0.003004598,0.007511495,0.007010728,0.012519158,0.003004598,0.012519158,0.00951456,0.01902912,0.007010728,0.00951456,0.007010728,0.009013794,0.005007663,0.170266057,0.130664179,0
0.008967727,0.010960556,0.015444419,0.012455177,0.009964142,0.010462349,0.01195697,0.009465934,0.01195697,0.017437248,0.014448005,0.011458763,0.007473106,0.006974899,0.01195697,0.008967727,0.010960556,0.009465934,0.012953384,0.006974899,0.007473106,0.005978485,0.01195697,0.009964142,0.010462349,0.009964142,0.014448005,0.011458763,0.006476692,0.006476692,0.012953384,0.00846952,0.015444419,0.010960556,0.015942626,0.013451591,0.014448005,0.012455177,0.012455177,0.009465934,0.018931869,0.010960556,0.023415733,0.014946212,0.013949798,0.011458763,0.014448005,0.006974899,0.012455177,0.010462349,0.010960556,0.002491035,0.00846952,0.006476692,0.009964142,0.005978485,0.014448005,0.010462349,0.015942626,0.008967727,0.00846952,0.005978485,0.009964142,0.001992828,0.169087777,0.130931283,0
0.008210042,0.011858949,0.015051743,0.010490609,0.011402836,0.010946722,0.012315063,0.008666155,0.012315063,0.015507856,0.013683403,0.011858949,0.007297815,0.008210042,0.012315063,0.007753928,0.010946722,0.010490609,0.012771176,0.008210042,0.007297815,0.005929475,0.011858949,0.010946722,0.009122269,0.009578382,0.01733231,0.011402836,0.005473361,0.006841701,0.014139516,0.009122269,0.01596397,0.010490609,0.015507856,0.014139516,0.013227289,0.011858949,0.013227289,0.010946722,0.01870065,0.013227289,0.021893444,0.01459563,0.014139516,0.011858949,0.013683403,0.006385588,0.010490609,0.010490609,0.010034495,0.002736681,0.010490609,0.007297815,0.010034495,0.005017248,0.015507856,0.010946722,0.015507856,0.008210042,0.006841701,0.005929475,0.010034495,0.003192794,0.168677504,0.129363933,0
0.008437339,0.011249785,0.014999713,0.010781044,0.010781044,0.009843562,0.012656008,0.009374821,0.012656008,0.015468454,0.01359349,0.012187267,0.006562375,0.007968598,0.012656008,0.007968598,0.011249785,0.009843562,0.01359349,0.007968598,0.007499857,0.006093634,0.011718526,0.009374821,0.009374821,0.010312303,0.016874678,0.011249785,0.005624893,0.006562375,0.01359349,0.00890608,0.015468454,0.010781044,0.015937196,0.01359349,0.014062231,0.011718526,0.013124749,0.010781044,0.017343419,0.013124749,0.022030829,0.015468454,0.014530972,0.012187267,0.014062231,0.006562375,0.010312303,0.010781044,0.009374821,0.002812446,0.010312303,0.007031116,0.010312303,0.005156151,0.015937196,0.010781044,0.015468454,0.008437339,0.007031116,0.006093634,0.010312303,0.003281187,0.169080227,0.12968317,0
0.009574573,0.011010759,0.014840588,0.011010759,0.008617116,0.011010759,0.012446945,0.009574573,0.01053203,0.015798046,0.012925674,0.009095844,0.00718093,0.006702201,0.013404402,0.009095844,0.010053302,0.009574573,0.011489488,0.008617116,0.008138387,0.008138387,0.012446945,0.008617116,0.01053203,0.01053203,0.017234232,0.01053203,0.006223473,0.003829829,0.013404402,0.009095844,0.016276774,0.010053302,0.012925674,0.013404402,0.015798046,0.012925674,0.013883131,0.010053302,0.01771296,0.013404402,0.025851347,0.016755503,0.012446945,0.01053203,0.015319317,0.00718093,0.01053203,0.011010759,0.009095844,0.002872372,0.00718093,0.005266015,0.010053302,0.004308558,0.013883131,0.012925674,0.01771296,0.009095844,0.007659659,0.005744744,0.011968216,0.004308558,0.170239743,0.130337689,0
0.008582954,0.010967108,0.014781754,0.010967108,0.010490277,0.010490277,0.012874431,0.009536615,0.0123976,0.015735416,0.013351262,0.011920769,0.006675631,0.007152462,0.012874431,0.007629292,0.010967108,0.010013446,0.013351262,0.008106123,0.008106123,0.0061988,0.011920769,0.009059785,0.009536615,0.010490277,0.016689077,0.011443939,0.005721969,0.0061988,0.012874431,0.009536615,0.015735416,0.010967108,0.015258585,0.012874431,0.014304923,0.011920769,0.013351262,0.010490277,0.017165908,0.012874431,0.023364708,0.015258585,0.014304923,0.0123976,0.014304923,0.0061988,0.010490277,0.011443939,0.010013446,0.002384154,0.009536615,0.006675631,0.010013446,0.005245139,0.015735416,0.010967108,0.015258585,0.008582954,0.007629292,0.005721969,0.010490277,0.002860985,0.169948642,0.12958695,0
0.00858486,0.010969543,0.014785036,0.010969543,0.010492606,0.010492606,0.01287729,0.009061796,0.012400353,0.015738909,0.013354226,0.011923416,0.00715405,0.007630986,0.01287729,0.007630986,0.010969543,0.01001567,0.013354226,0.008107923,0.007630986,0.006200176,0.011923416,0.009538733,0.009538733,0.010492606,0.017169719,0.01144648,0.00572324,0.006200176,0.013354226,0.009061796,0.015738909,0.010969543,0.015738909,0.013354226,0.014308099,0.011923416,0.013354226,0.010492606,0.018123593,0.01287729,0.021939086,0.014785036,0.013831163,0.012400353,0.014308099,0.006200176,0.010492606,0.010969543,0.009538733,0.00286162,0.01001567,0.006677113,0.010492606,0.005246303,0.015738909,0.010969543,0.015261973,0.00858486,0.00715405,0.006200176,0.01001567,0.002384683,0.169834565,0.129545497,0
0.008582771,0.010966874,0.014781439,0.010966874,0.010490053,0.009536412,0.012874156,0.010013233,0.012397336,0.01573508,0.013350977,0.012397336,0.006675488,0.00762913,0.012874156,0.00762913,0.010966874,0.010013233,0.013350977,0.00810595,0.00762913,0.006198668,0.011920515,0.008582771,0.009536412,0.010490053,0.017165542,0.011443694,0.005721847,0.006198668,0.012874156,0.009536412,0.01573508,0.010966874,0.01573508,0.012874156,0.014304618,0.011920515,0.013350977,0.010490053,0.017642362,0.012874156,0.022410568,0.014781439,0.014304618,0.012397336,0.014304618,0.006198668,0.010490053,0.010966874,0.010013233,0.002860924,0.010013233,0.006675488,0.010490053,0.005245027,0.01573508,0.010966874,0.014781439,0.008582771,0.00762913,0.006198668,0.010013233,0.002860924,0.169955308,0.129595227,0
0.008581677,0.010965476,0.014779555,0.010965476,0.010488716,0.009535197,0.012872515,0.010011956,0.012395755,0.015733074,0.013349275,0.012395755,0.007151397,0.007628157,0.012872515,0.007628157,0.010965476,0.010011956,0.013349275,0.008104917,0.007628157,0.006197878,0.011918996,0.008581677,0.009535197,0.010488716,0.017163354,0.011442236,0.005721118,0.006197878,0.012872515,0.009535197,0.015733074,0.010965476,0.015733074,0.013349275,0.014302795,0.011918996,0.013349275,0.010488716,0.018116873,0.012872515,0.021930952,0.014302795,0.013826035,0.012395755,0.014302795,0.006197878,0.010488716,0.010965476,0.010011956,0.002860559,0.010011956,0.006674638,0.010488716,0.005244358,0.015733074,0.010965476,0.014779555,0.008581677,0.007628157,0.006197878,0.010011956,0.002860559,0.169954107,0.129685709,0
0.008587326,0.010972694,0.014789283,0.010972694,0.01049562,0.009541473,0.012880988,0.010018547,0.012403915,0.01574343,0.013358062,0.012403915,0.006679031,0.007633178,0.012880988,0.007633178,0.010972694,0.010018547,0.013358062,0.008110252,0.007633178,0.006201957,0.011926841,0.008110252,0.009541473,0.01049562,0.017174651,0.011449768,0.005724884,0.006201957,0.012880988,0.009541473,0.01574343,0.010972694,0.01574343,0.012880988,0.014312209,0.011449768,0.013358062,0.010972694,0.017651725,0.012880988,0.022422461,0.014789283,0.014312209,0.012403915,0.014312209,0.006201957,0.01049562,0.010972694,0.010018547,0.002862442,0.010018547,0.006679031,0.01049562,0.00524781,0.01574343,0.010972694,0.014789283,0.008587326,0.007633178,0.006201957,0.010018547,0.002862442,0.170043937,0.129611951,0
0.008577102,0.010959631,0.014771676,0.010959631,0.010006619,0.010483125,0.012865653,0.009530114,0.012389148,0.015724687,0.013342159,0.012389148,0.007147585,0.007147585,0.012865653,0.007624091,0.010483125,0.010006619,0.013342159,0.008100596,0.008100596,0.006194574,0.012389148,0.009053608,0.010006619,0.010483125,0.016677699,0.011436136,0.005718068,0.006194574,0.012389148,0.009530114,0.015724687,0.010483125,0.015724687,0.013342159,0.01429517,0.012389148,0.013342159,0.010006619,0.01763071,0.012865653,0.022395767,0.014771676,0.01429517,0.012389148,0.01429517,0.006194574,0.010959631,0.011436136,0.010006619,0.002382528,0.009530114,0.006671079,0.010006619,0.005241562,0.015248182,0.010959631,0.015248182,0.008577102,0.007624091,0.005718068,0.010483125,0.002859034,0.170163512,0.129849651,0
0.007649756,0.01223961,0.015299512,0.010199675,0.009179707,0.008669724,0.011729626,0.009179707,0.013259577,0.015809496,0.012749593,0.01223961,0.005609821,0.007649756,0.010709658,0.009179707,0.00815974,0.009179707,0.013769561,0.00815974,0.00815974,0.009689691,0.012749593,0.009689691,0.007139772,0.013259577,0.017339447,0.008669724,0.009689691,0.007649756,0.011219642,0.009689691,0.017339447,0.007649756,0.014789528,0.01223961,0.013259577,0.014279545,0.011729626,0.014279545,0.019379382,0.015809496,0.021419317,0.016829463,0.00815974,0.00815974,0.016829463,0.009179707,0.01223961,0.009689691,0.010199675,0.002039935,0.008669724,0.007649756,0.010199675,0.005099837,0.01223961,0.009179707,0.021929301,0.004589854,0.010709658,0.00815974,0.009179707,0.006629789,0.164010034,0.130682459,0
0.007009018,0.012516104,0.015019324,0.009512239,0.009011595,0.009512239,0.01201546,0.010012883,0.013016748,0.016521257,0.012516104,0.011514815,0.006508374,0.007509662,0.010513527,0.008010306,0.008010306,0.009011595,0.014018036,0.007009018,0.007009018,0.009512239,0.012516104,0.009011595,0.008010306,0.01201546,0.017021901,0.009011595,0.010513527,0.008010306,0.01201546,0.009512239,0.016020613,0.009011595,0.015019324,0.013016748,0.013016748,0.013016748,0.01201546,0.01451868,0.018523833,0.015519969,0.022028343,0.017522545,0.008510951,0.008010306,0.016521257,0.009512239,0.012516104,0.010012883,0.009512239,0.003003865,0.009011595,0.00600773,0.009512239,0.006508374,0.013517392,0.008510951,0.022028343,0.004505797,0.009512239,0.007509662,0.010012883,0.007509662,0.164133469,0.131960858,0
0.007464174,0.012440289,0.015425959,0.008957008,0.00945462,0.00945462,0.010947455,0.010449843,0.012937901,0.01592357,0.013435512,0.011942678,0.00646895,0.007464174,0.010449843,0.007961785,0.008459397,0.00945462,0.013933124,0.007464174,0.007961785,0.00945462,0.012937901,0.007961785,0.007464174,0.011942678,0.016421182,0.00945462,0.009952231,0.007961785,0.011942678,0.00945462,0.01592357,0.008957008,0.014928347,0.012937901,0.012937901,0.013435512,0.011445066,0.013933124,0.01890924,0.014928347,0.021894909,0.017914017,0.00945462,0.008957008,0.016421182,0.008957008,0.012440289,0.00945462,0.010449843,0.002985669,0.008957008,0.005971339,0.009952231,0.00646895,0.013435512,0.008957008,0.021894909,0.004478504,0.00945462,0.006966562,0.009952231,0.006966562,0.164310826,0.131568802,0
0.007614893,0.013801993,0.014753855,0.008566754,0.009042685,0.009994547,0.011422339,0.010470478,0.013326062,0.015705716,0.013326062,0.01189827,0.0061871,0.008090824,0.009994547,0.007614893,0.008090824,0.009518616,0.013801993,0.007138962,0.007614893,0.009042685,0.012850132,0.009518616,0.007614893,0.01189827,0.016181647,0.009518616,0.009518616,0.008566754,0.012850132,0.009994547,0.016657578,0.008566754,0.015229786,0.013326062,0.012374201,0.013326062,0.011422339,0.014753855,0.019037232,0.015229786,0.021892817,0.017133509,0.009518616,0.008566754,0.015705716,0.009042685,0.01189827,0.009042685,0.010470478,0.002855585,0.009518616,0.006663031,0.009518616,0.0061871,0.013801993,0.009042685,0.021892817,0.004283377,0.009042685,0.006663031,0.010470478,0.007614893,0.16277548,0.130943215,0
0.007614893,0.013801993,0.014753855,0.008566754,0.009042685,0.009994547,0.011422339,0.010470478,0.013326062,0.015705716,0.013326062,0.01189827,0.0061871,0.008090824,0.009994547,0.007614893,0.008090824,0.009518616,0.013801993,0.007138962,0.007614893,0.009042685,0.012850132,0.009518616,0.007614893,0.01189827,0.016181647,0.009518616,0.009518616,0.008566754,0.012850132,0.009994547,0.016657578,0.008566754,0.015229786,0.013326062,0.012374201,0.013326062,0.011422339,0.014753855,0.019037232,0.015229786,0.021892817,0.017133509,0.009518616,0.008566754,0.015705716,0.009042685,0.01189827,0.009042685,0.010470478,0.002855585,0.009518616,0.006663031,0.009518616,0.0061871,0.013801993,0.009042685,0.021892817,0.004283377,0.009042685,0.006663031,0.010470478,0.007614893,0.16277548,0.130943215,0
0.007010964,0.013020361,0.015023494,0.009514879,0.009514879,0.009514879,0.012018795,0.011017229,0.013521144,0.01602506,0.012018795,0.011518012,0.006510181,0.007511747,0.010516446,0.00801253,0.00801253,0.009514879,0.014021928,0.007010964,0.007010964,0.009514879,0.012519578,0.009014096,0.00801253,0.011518012,0.017026626,0.009014096,0.010516446,0.00801253,0.012018795,0.009514879,0.016525843,0.009514879,0.014522711,0.013020361,0.013020361,0.013020361,0.011518012,0.013521144,0.018528976,0.015023494,0.022034458,0.017527409,0.008513313,0.00801253,0.016525843,0.009514879,0.012519578,0.010015663,0.009514879,0.003004699,0.009014096,0.006009398,0.009514879,0.006510181,0.013521144,0.008513313,0.022034458,0.004507048,0.009514879,0.007511747,0.010015663,0.007511747,0.163964531,0.131934393,0
0.007007898,0.012514104,0.014516361,0.009510719,0.009010155,0.009010155,0.011512976,0.011012412,0.013014668,0.016018053,0.013515233,0.011512976,0.006507334,0.008009027,0.010511848,0.008009027,0.008009027,0.009510719,0.014015797,0.007508463,0.008009027,0.009510719,0.013014668,0.007508463,0.008009027,0.012514104,0.016518618,0.009010155,0.010511848,0.008009027,0.011512976,0.009510719,0.016018053,0.009010155,0.015016925,0.013014668,0.013014668,0.013515233,0.011512976,0.014516361,0.019021438,0.015016925,0.021524259,0.017519746,0.008509591,0.008509591,0.016518618,0.009010155,0.01201354,0.009510719,0.010511848,0.003003385,0.009010155,0.00600677,0.010011283,0.006507334,0.013014668,0.009010155,0.021524259,0.004505078,0.009510719,0.007007898,0.010011283,0.007508463,0.164312808,0.131893969,0
0.008112886,0.01135804,0.014062336,0.009735463,0.008653745,0.009194604,0.010817181,0.010817181,0.014062336,0.015684913,0.012439758,0.01135804,0.007031168,0.008112886,0.010817181,0.008653745,0.008112886,0.009194604,0.013521476,0.007572027,0.008112886,0.010276322,0.012980617,0.008112886,0.00594945,0.012439758,0.016225772,0.009735463,0.010276322,0.008653745,0.011898899,0.008653745,0.015684913,0.008653745,0.015684913,0.014062336,0.012439758,0.013521476,0.010817181,0.014062336,0.020011785,0.014062336,0.022175221,0.016766631,0.008653745,0.007572027,0.016766631,0.009735463,0.011898899,0.010276322,0.010276322,0.003245154,0.009194604,0.006490309,0.009735463,0.006490309,0.014062336,0.008653745,0.022175221,0.004867732,0.009735463,0.007031168,0.010276322,0.006490309,0.164438186,0.13136332,0
0.006822634,0.012670607,0.015594593,0.008771958,0.009259289,0.00974662,0.011208613,0.010233951,0.0141326,0.017543917,0.013645269,0.011208613,0.005360641,0.007309965,0.00974662,0.007797296,0.008284627,0.00974662,0.013645269,0.007797296,0.008771958,0.00974662,0.013645269,0.007309965,0.007797296,0.012183276,0.016569255,0.00974662,0.00974662,0.008284627,0.012183276,0.009259289,0.016081924,0.009259289,0.016569255,0.011695945,0.012670607,0.013645269,0.011208613,0.015594593,0.018031248,0.014619931,0.021442565,0.018518579,0.010233951,0.008284627,0.016569255,0.009259289,0.012670607,0.008771958,0.010233951,0.001949324,0.008771958,0.006335303,0.010233951,0.006335303,0.013645269,0.008771958,0.020955234,0.00487331,0.008771958,0.007797296,0.00974662,0.006335303,0.163524332,0.130820349,0
0.007008624,0.012014785,0.015018481,0.010012321,0.009511705,0.009511705,0.012014785,0.010512937,0.013016017,0.016520329,0.012014785,0.012515401,0.005506776,0.006508008,0.010012321,0.009011089,0.008009856,0.010012321,0.014017249,0.006508008,0.00750924,0.009511705,0.013016017,0.009511705,0.008009856,0.012515401,0.018022177,0.009011089,0.010512937,0.00750924,0.011013553,0.010012321,0.016520329,0.009011089,0.014517865,0.012515401,0.013516633,0.013516633,0.012515401,0.013516633,0.019524025,0.015519097,0.021526489,0.016520329,0.008510473,0.008510473,0.016520329,0.009011089,0.012014785,0.010512937,0.010512937,0.002002464,0.008009856,0.007008624,0.010012321,0.005506776,0.012014785,0.008510473,0.021526489,0.004505544,0.010512937,0.008009856,0.009511705,0.007008624,0.16424603,0.131887831,0
0.012068086,0.012616635,0.012616635,0.010970987,0.010970987,0.010422438,0.013165185,0.00877679,0.012616635,0.011519537,0.012068086,0.014810833,0.006034043,0.00822824,0.010422438,0.00822824,0.010422438,0.009325339,0.011519537,0.006582592,0.00822824,0.010970987,0.009873888,0.012616635,0.007679691,0.010970987,0.014810833,0.013165185,0.009325339,0.00877679,0.012068086,0.007679691,0.014262283,0.009325339,0.014262283,0.013713734,0.011519537,0.013165185,0.011519537,0.009325339,0.01700503,0.013713734,0.023587622,0.013713734,0.010970987,0.009873888,0.015907931,0.010970987,0.011519537,0.011519537,0.012616635,0.001645648,0.007131142,0.007131142,0.012616635,0.007131142,0.014262283,0.009325339,0.01755358,0.006034043,0.010970987,0.007131142,0.00877679,0.006034043,0.165819801,0.130391369,0
0.009273286,0.013177827,0.013665895,0.010737489,0.011713624,0.010737489,0.01268976,0.007809083,0.014153963,0.013665895,0.011225557,0.014153963,0.005856812,0.007809083,0.011225557,0.007809083,0.011225557,0.010249421,0.013177827,0.006832948,0.010249421,0.010737489,0.008785218,0.011713624,0.007321015,0.010737489,0.016106233,0.012201692,0.007321015,0.009273286,0.012201692,0.006832948,0.015130098,0.010249421,0.015130098,0.011713624,0.011713624,0.013665895,0.01268976,0.008297151,0.016594301,0.014153963,0.024891452,0.015618166,0.012201692,0.010249421,0.015618166,0.009761354,0.011225557,0.009273286,0.011225557,0.003416474,0.007809083,0.006832948,0.012201692,0.007809083,0.014153963,0.007809083,0.01903464,0.005856812,0.009761354,0.007321015,0.007809083,0.005856812,0.165507795,0.128746338,0
0.010693488,0.013239557,0.012221129,0.010184274,0.011711915,0.011202702,0.01374877,0.007638206,0.011202702,0.012730343,0.011202702,0.014257984,0.005601351,0.008147419,0.010184274,0.007638206,0.010693488,0.010184274,0.012221129,0.006619778,0.008147419,0.010693488,0.010184274,0.012221129,0.009165847,0.011711915,0.018331694,0.012221129,0.007128992,0.008147419,0.012221129,0.008147419,0.014257984,0.011202702,0.014767198,0.013239557,0.012221129,0.012730343,0.014257984,0.008656633,0.01782248,0.014767198,0.025460686,0.014257984,0.010693488,0.010693488,0.015276411,0.010184274,0.011202702,0.009675061,0.010184274,0.001527641,0.007638206,0.006619778,0.013239557,0.007128992,0.014767198,0.008656633,0.017313266,0.006110565,0.009165847,0.007638206,0.009165847,0.005601351,0.164664107,0.129565686,0
0.009813374,0.011879348,0.012912334,0.010329867,0.010846361,0.010329867,0.013945321,0.008780387,0.012912334,0.012395841,0.011879348,0.015494801,0.006714414,0.008263894,0.009813374,0.007747401,0.010329867,0.010329867,0.012395841,0.006714414,0.010329867,0.010846361,0.008780387,0.011879348,0.007747401,0.011362854,0.018593761,0.011362854,0.009296881,0.008780387,0.011362854,0.007747401,0.013945321,0.009813374,0.017044281,0.012912334,0.011879348,0.013428828,0.011879348,0.008780387,0.019110255,0.014978308,0.024275189,0.013945321,0.011362854,0.009813374,0.014978308,0.010329867,0.010846361,0.011879348,0.010329867,0.002582467,0.006714414,0.007230907,0.014461814,0.007747401,0.013945321,0.006714414,0.017560775,0.005681427,0.008263894,0.009813374,0.007747401,0.00464844,0.164689566,0.128747498,0
0.009709602,0.014308888,0.013286824,0.010220634,0.010220634,0.010220634,0.015330951,0.007665476,0.011753729,0.011753729,0.011753729,0.013286824,0.005621349,0.007154444,0.010731666,0.007665476,0.010220634,0.009709602,0.011753729,0.00613238,0.007665476,0.013286824,0.010731666,0.011242697,0.009198571,0.012775793,0.019930236,0.013286824,0.008176507,0.008176507,0.010731666,0.008176507,0.015330951,0.010220634,0.013286824,0.012775793,0.012264761,0.012775793,0.013797856,0.009709602,0.018397141,0.016353014,0.028106744,0.014308888,0.010220634,0.011753729,0.014819919,0.009709602,0.011753729,0.009198571,0.010220634,0.002044127,0.007665476,0.006643412,0.015330951,0.006643412,0.012264761,0.007665476,0.017375078,0.005621349,0.009198571,0.009198571,0.007154444,0.00306619,0.164431562,0.128811594,0
0.009393363,0.012854075,0.014337238,0.00988775,0.011370913,0.00988775,0.01384285,0.0079102,0.015326013,0.012854075,0.0118653,0.0158204,0.006921425,0.008404588,0.00988775,0.007415813,0.010382138,0.00988775,0.012359688,0.006427038,0.009393363,0.010382138,0.0079102,0.011370913,0.007415813,0.011370913,0.016809175,0.0118653,0.00988775,0.008898975,0.011370913,0.0079102,0.014337238,0.00988775,0.016809175,0.012854075,0.0118653,0.012359688,0.0118653,0.00988775,0.016809175,0.015326013,0.022247438,0.01384285,0.012854075,0.009393363,0.014831625,0.00988775,0.012359688,0.010382138,0.0118653,0.003460713,0.006427038,0.006427038,0.01384285,0.008898975,0.014337238,0.006427038,0.017303563,0.005438263,0.008898975,0.008898975,0.007415813,0.00593265,0.166078979,0.128924435,0
0.010048234,0.013062704,0.011555469,0.011053057,0.011555469,0.011053057,0.015574762,0.008540999,0.01205788,0.013062704,0.011555469,0.01205788,0.007033764,0.008540999,0.010048234,0.007536175,0.009545822,0.010550645,0.013062704,0.006531352,0.007536175,0.011555469,0.010048234,0.01205788,0.00904341,0.011555469,0.018086821,0.012560292,0.010048234,0.007536175,0.010550645,0.007033764,0.014569939,0.011053057,0.013565115,0.012560292,0.013062704,0.01205788,0.013565115,0.008038587,0.018086821,0.014067527,0.024618173,0.015574762,0.010550645,0.00904341,0.015574762,0.010550645,0.011555469,0.011555469,0.010550645,0.00301447,0.007536175,0.006531352,0.01205788,0.006531352,0.012560292,0.008038587,0.018086821,0.005526529,0.009545822,0.007536175,0.008038587,0.00602894,0.168186839,0.128939214,0
0.010697213,0.014772341,0.012734777,0.010187822,0.011206604,0.011206604,0.014772341,0.008659648,0.012225386,0.012225386,0.012225386,0.01426295,0.005603302,0.007640866,0.009169039,0.007131475,0.010697213,0.010187822,0.013244168,0.005603302,0.008659648,0.013244168,0.010697213,0.010187822,0.008150257,0.012225386,0.019356861,0.012734777,0.008659648,0.008150257,0.011206604,0.007640866,0.015791124,0.010697213,0.014772341,0.011715995,0.012225386,0.012225386,0.013244168,0.009678431,0.019356861,0.015791124,0.025978945,0.013753559,0.010697213,0.009678431,0.016300515,0.009678431,0.011206604,0.010187822,0.010187822,0.002037564,0.007640866,0.006112693,0.013753559,0.006622084,0.013753559,0.007131475,0.017319297,0.005603302,0.008659648,0.008659648,0.007131475,0.00458452,0.164202672,0.128253116,0
0.009939716,0.012032288,0.013601717,0.010462859,0.010986002,0.010462859,0.01412486,0.007847144,0.01412486,0.012555431,0.011509145,0.015171146,0.006800859,0.008370287,0.009939716,0.007847144,0.010986002,0.009939716,0.012555431,0.006277716,0.009939716,0.011509145,0.008370287,0.010986002,0.007324002,0.011509145,0.017786861,0.012032288,0.008370287,0.008370287,0.011509145,0.007847144,0.013078574,0.009939716,0.017263718,0.013078574,0.012032288,0.012555431,0.012032288,0.00889343,0.018310004,0.014648003,0.022495148,0.01412486,0.013078574,0.009416573,0.014648003,0.010462859,0.012032288,0.011509145,0.009939716,0.003138858,0.006800859,0.006277716,0.01412486,0.008370287,0.01412486,0.006277716,0.017786861,0.006277716,0.008370287,0.009416573,0.008370287,0.00523143,0.166231536,0.128571746,0
0.009673429,0.012728196,0.013746452,0.011200812,0.01170994,0.010691685,0.013237324,0.008146045,0.013746452,0.013746452,0.010691685,0.013746452,0.006109534,0.00712779,0.01170994,0.008146045,0.011200812,0.010691685,0.013237324,0.00712779,0.010691685,0.010691685,0.008655173,0.011200812,0.007636918,0.011200812,0.016292091,0.01170994,0.007636918,0.009164301,0.01170994,0.00712779,0.014764707,0.010691685,0.015273835,0.01170994,0.012219068,0.013746452,0.012728196,0.008146045,0.016801219,0.014255579,0.025456392,0.015273835,0.011200812,0.010182557,0.015782963,0.009673429,0.011200812,0.009673429,0.010182557,0.003054767,0.007636918,0.006109534,0.012219068,0.008146045,0.014255579,0.007636918,0.019346858,0.006109534,0.009164301,0.007636918,0.008146045,0.005091278,0.165729236,0.128619584,0
0.008772008,0.01169601,0.017056682,0.010721343,0.010234009,0.009259341,0.01169601,0.00779734,0.012183344,0.017056682,0.014620013,0.012183344,0.004873338,0.008772008,0.010721343,0.006822673,0.009746675,0.010234009,0.015107347,0.006335339,0.00779734,0.006335339,0.012670678,0.010721343,0.00779734,0.013645345,0.016082014,0.012183344,0.007310006,0.009259341,0.012670678,0.008284674,0.016569348,0.008772008,0.015107347,0.012183344,0.014132679,0.012670678,0.015107347,0.014132679,0.017056682,0.016569348,0.017544015,0.014132679,0.010234009,0.008284674,0.015107347,0.010721343,0.013158012,0.008284674,0.008772008,0.001949335,0.009259341,0.009259341,0.010234009,0.004873338,0.01559468,0.008772008,0.017056682,0.005848005,0.009746675,0.007310006,0.008772008,0.006335339,0.165766681,0.130036032,0
0.0089866,0.011482877,0.016475433,0.010983622,0.009985111,0.0089866,0.011982133,0.007988089,0.011482877,0.016974688,0.014977666,0.011982133,0.004992555,0.008487344,0.010983622,0.006989577,0.009485855,0.010484366,0.014977666,0.006490322,0.007988089,0.006490322,0.013479899,0.009985111,0.007988089,0.01447841,0.015976177,0.011482877,0.007488833,0.0089866,0.012980644,0.007988089,0.016475433,0.0089866,0.014977666,0.011982133,0.01447841,0.013479899,0.01447841,0.01447841,0.017473944,0.016475433,0.016974688,0.01447841,0.009485855,0.007988089,0.015976177,0.010484366,0.012980644,0.007988089,0.0089866,0.001997022,0.0089866,0.0089866,0.009985111,0.004992555,0.015476922,0.0089866,0.017473944,0.005991066,0.009985111,0.007488833,0.007988089,0.005991066,0.166182801,0.130366154,0
0.008741056,0.011654742,0.017967727,0.010683513,0.010683513,0.008741056,0.011654742,0.007769828,0.012140356,0.016996499,0.015054042,0.01262597,0.004856142,0.007769828,0.010683513,0.006798599,0.010197899,0.010197899,0.014082813,0.006312985,0.007769828,0.006312985,0.013111585,0.010197899,0.007769828,0.014082813,0.015539656,0.012140356,0.007284214,0.009226671,0.01262597,0.008255442,0.016510884,0.009226671,0.015054042,0.011169128,0.014082813,0.013111585,0.014568427,0.014568427,0.016996499,0.016510884,0.016996499,0.014568427,0.010683513,0.008741056,0.015539656,0.010683513,0.013597199,0.007769828,0.009226671,0.001942457,0.008255442,0.009226671,0.010197899,0.004856142,0.015054042,0.008741056,0.017482113,0.006312985,0.010197899,0.006798599,0.008741056,0.006312985,0.166293209,0.130051753,0
0.009004178,0.012005571,0.016007428,0.011005107,0.011005107,0.00950441,0.012005571,0.007503482,0.011505339,0.01650766,0.015507196,0.012005571,0.005002321,0.007503482,0.011005107,0.00700325,0.010004643,0.011505339,0.0140065,0.006503018,0.008003714,0.00700325,0.013006035,0.010004643,0.008003714,0.0140065,0.015507196,0.011505339,0.007503482,0.00950441,0.012505803,0.007503482,0.016007428,0.009004178,0.015507196,0.011005107,0.014506732,0.012505803,0.014506732,0.014506732,0.017508125,0.01650766,0.018508589,0.015006964,0.009004178,0.008503946,0.01650766,0.011005107,0.012505803,0.007503482,0.010004643,0.002000929,0.008503946,0.009004178,0.00950441,0.005002321,0.014506732,0.009004178,0.018008357,0.006503018,0.010504875,0.006503018,0.008503946,0.006002786,0.166269284,0.129904107,0
0.008576348,0.011911594,0.016676231,0.010482203,0.010005739,0.009529275,0.01143513,0.00762342,0.011911594,0.016676231,0.01524684,0.012388058,0.004764638,0.009052811,0.010482203,0.006670493,0.009529275,0.010482203,0.014770376,0.006194029,0.00762342,0.006194029,0.012864521,0.01143513,0.00762342,0.013817449,0.015723304,0.011911594,0.007146956,0.009529275,0.013817449,0.008099884,0.016676231,0.008576348,0.01524684,0.012388058,0.013817449,0.012864521,0.014770376,0.014770376,0.018105623,0.016676231,0.017629159,0.014293913,0.010482203,0.008099884,0.01524684,0.010482203,0.012864521,0.00762342,0.009529275,0.001905855,0.009529275,0.009529275,0.010005739,0.004764638,0.01524684,0.009052811,0.018105623,0.005717565,0.009529275,0.007146956,0.008099884,0.006194029,0.165009756,0.129823886,0
0.008576348,0.011911594,0.016676231,0.010482203,0.010005739,0.009529275,0.01143513,0.00762342,0.011911594,0.016676231,0.01524684,0.012388058,0.004764638,0.009052811,0.010482203,0.006670493,0.009529275,0.010482203,0.014770376,0.006194029,0.00762342,0.006194029,0.012864521,0.01143513,0.00762342,0.013817449,0.015723304,0.011911594,0.007146956,0.009529275,0.013817449,0.008099884,0.016676231,0.008576348,0.01524684,0.012388058,0.013817449,0.012864521,0.014770376,0.014770376,0.018105623,0.016676231,0.017629159,0.014293913,0.010482203,0.008099884,0.01524684,0.010482203,0.012864521,0.00762342,0.009529275,0.001905855,0.009529275,0.009529275,0.010005739,0.004764638,0.01524684,0.009052811,0.018105623,0.005717565,0.009529275,0.007146956,0.008099884,0.006194029,0.165009756,0.129823886,0
0.009080345,0.010593736,0.0166473,0.010593736,0.010089273,0.008575882,0.012107127,0.009584809,0.013116054,0.017656227,0.014629445,0.010593736,0.005044636,0.007062491,0.010089273,0.007566954,0.010089273,0.012107127,0.014124982,0.0055491,0.007566954,0.006558027,0.012107127,0.010089273,0.007566954,0.013116054,0.0166473,0.011602664,0.007566954,0.008071418,0.014124982,0.009584809,0.016142836,0.009584809,0.017151763,0.011602664,0.014629445,0.012611591,0.014629445,0.014629445,0.018160691,0.015638373,0.017656227,0.015638373,0.008575882,0.008575882,0.0166473,0.010593736,0.0110982,0.008071418,0.008071418,0.002017855,0.009584809,0.008575882,0.010089273,0.005044636,0.015638373,0.010089273,0.018160691,0.006558027,0.008071418,0.009584809,0.010089273,0.005044636,0.164593233,0.127644293,0
0.010559161,0.010056344,0.015084516,0.010559161,0.008547893,0.011061979,0.011061979,0.007542258,0.010056344,0.015587334,0.014581699,0.011564796,0.006033807,0.008045075,0.012067613,0.007542258,0.010056344,0.010056344,0.013073248,0.007542258,0.008547893,0.010056344,0.013073248,0.010559161,0.006536624,0.014581699,0.017095785,0.011061979,0.008045075,0.007542258,0.012067613,0.008045075,0.013576065,0.009553527,0.014581699,0.013073248,0.015084516,0.013576065,0.014581699,0.013073248,0.017598602,0.016090151,0.019609871,0.014078882,0.008547893,0.008045075,0.015084516,0.011564796,0.012067613,0.008547893,0.00905071,0.002514086,0.008547893,0.007542258,0.010559161,0.004525355,0.016592968,0.010056344,0.015587334,0.006536624,0.009553527,0.007542258,0.010056344,0.007542258,0.165870315,0.131694038,0
0.009878838,0.010866722,0.017781909,0.01037278,0.010866722,0.009384897,0.012348548,0.008397013,0.009384897,0.016794025,0.0153122,0.01284249,0.004939419,0.006915187,0.009384897,0.006915187,0.010866722,0.011854606,0.013336432,0.005927303,0.007409129,0.008397013,0.012348548,0.01037278,0.006915187,0.0153122,0.016300083,0.011854606,0.007409129,0.007409129,0.013336432,0.008890955,0.016794025,0.009878838,0.014324316,0.009384897,0.014818258,0.014324316,0.0153122,0.013336432,0.019263735,0.016300083,0.022721328,0.013830374,0.01037278,0.008890955,0.016794025,0.008890955,0.011360664,0.008397013,0.009384897,0.00246971,0.008397013,0.006421245,0.01037278,0.004939419,0.014818258,0.009384897,0.017781909,0.006421245,0.008890955,0.006915187,0.008890955,0.004939419,0.166466285,0.128184648,0
0.008772318,0.011696424,0.018031988,0.010721722,0.010721722,0.008772318,0.011696424,0.007797616,0.011696424,0.017057286,0.015107881,0.012671126,0.00487351,0.007797616,0.010721722,0.006822914,0.010234371,0.010234371,0.014133179,0.006335563,0.007797616,0.006822914,0.012671126,0.010234371,0.007797616,0.014133179,0.015595232,0.011696424,0.007310265,0.009259669,0.012671126,0.008284967,0.016569935,0.009259669,0.01462053,0.011209073,0.014133179,0.013158477,0.01462053,0.01462053,0.017057286,0.016569935,0.016569935,0.01462053,0.010234371,0.008772318,0.015595232,0.010721722,0.013645828,0.007797616,0.009259669,0.001949404,0.008284967,0.009259669,0.010234371,0.00487351,0.015107881,0.008772318,0.017544637,0.006335563,0.010234371,0.006822914,0.008772318,0.006335563,0.166149288,0.130115846,0
0.009830903,0.012288629,0.012780174,0.009339358,0.009339358,0.010813993,0.012288629,0.010322448,0.012288629,0.015729445,0.011797084,0.009830903,0.005406997,0.006390087,0.010813993,0.003932361,0.008847813,0.011797084,0.012780174,0.006881632,0.009830903,0.011797084,0.013271719,0.011305538,0.008356268,0.014254809,0.020153351,0.011305538,0.006881632,0.005898542,0.016712535,0.006881632,0.0152379,0.009339358,0.016712535,0.008356268,0.014746354,0.017695625,0.015729445,0.011305538,0.017695625,0.015729445,0.027526528,0.01818717,0.010322448,0.011305538,0.016712535,0.008356268,0.010322448,0.008847813,0.007373177,0.001966181,0.006390087,0.005898542,0.012780174,0.003440816,0.011305538,0.013763264,0.020153351,0.007373177,0.005898542,0.004915451,0.008356268,0.002457726,0.166676504,0.126973118,0
0.011756203,0.012316022,0.014555299,0.009516926,0.008397288,0.009516926,0.012875841,0.009516926,0.012875841,0.016794575,0.012316022,0.010636564,0.005038373,0.007837469,0.009516926,0.004478553,0.009516926,0.010076745,0.01343566,0.005598192,0.009516926,0.011196384,0.012316022,0.010636564,0.008397288,0.014555299,0.019593671,0.011196384,0.008397288,0.00671783,0.016234756,0.005598192,0.015674937,0.010076745,0.016234756,0.010076745,0.015115118,0.016234756,0.015674937,0.012875841,0.019593671,0.016234756,0.029670417,0.016234756,0.009516926,0.011196384,0.017914214,0.00671783,0.011196384,0.007837469,0.007837469,0.001679458,0.005598192,0.00671783,0.01343566,0.003918734,0.011196384,0.012316022,0.02015349,0.007277649,0.005598192,0.003918734,0.007277649,0.002239277,0.16420764,0.127621098,0
0.011067369,0.012992129,0.014435699,0.0096238,0.01010499,0.01058618,0.012510939,0.0096238,0.012029749,0.015879269,0.012510939,0.011067369,0.00529309,0.00625547,0.01058618,0.00384952,0.01010499,0.011548559,0.012510939,0.00625547,0.0096238,0.01058618,0.012510939,0.0096238,0.00818023,0.013954509,0.019247599,0.012029749,0.00721785,0.00577428,0.014916889,0.00721785,0.015879269,0.0096238,0.015879269,0.00818023,0.014435699,0.015879269,0.015398079,0.012510939,0.017804029,0.015398079,0.027909019,0.018285219,0.011548559,0.011548559,0.017322839,0.00769904,0.011067369,0.00866142,0.00866142,0.00192476,0.00625547,0.00577428,0.012992129,0.00336833,0.011548559,0.012992129,0.019728789,0.00673666,0.00577428,0.0048119,0.00818023,0.00192476,0.167139015,0.127436477,0
0.010644603,0.013063831,0.014515368,0.009193066,0.010160758,0.010644603,0.013063831,0.008709221,0.01209614,0.014999213,0.011612294,0.011612294,0.005322302,0.006773838,0.010160758,0.00435461,0.009676912,0.01209614,0.01209614,0.006289993,0.009676912,0.010644603,0.01209614,0.011128449,0.008225375,0.014031522,0.019837669,0.011612294,0.00774153,0.005806147,0.015483059,0.006773838,0.01645075,0.009193066,0.015483059,0.009193066,0.014515368,0.015966905,0.014999213,0.012579986,0.017902287,0.016934596,0.029030736,0.01645075,0.010160758,0.011612294,0.017418441,0.00774153,0.011128449,0.008225375,0.008225375,0.001451537,0.005806147,0.006289993,0.013547677,0.003386919,0.01209614,0.01209614,0.019837669,0.007257684,0.005806147,0.004838456,0.008225375,0.002419228,0.165876488,0.127708941,0
0.011757548,0.012317432,0.014556965,0.009518015,0.008398249,0.009518015,0.012877315,0.009518015,0.012877315,0.016796498,0.012317432,0.010637782,0.005038949,0.007838366,0.009518015,0.004479066,0.009518015,0.010077899,0.013437198,0.005598833,0.009518015,0.011197665,0.012317432,0.010637782,0.008398249,0.014556965,0.019595914,0.011197665,0.007838366,0.006718599,0.016236614,0.005598833,0.015676731,0.010077899,0.016236614,0.010077899,0.015116848,0.016236614,0.015116848,0.012877315,0.019595914,0.015676731,0.030233696,0.016796498,0.010077899,0.011197665,0.017916264,0.006718599,0.011197665,0.007838366,0.007838366,0.00167965,0.005598833,0.006718599,0.013437198,0.003919183,0.011197665,0.012317432,0.020155797,0.007278482,0.005598833,0.003919183,0.007278482,0.002239533,0.164113006,0.127634682,0
0.009195967,0.012583955,0.013551952,0.009195967,0.010163964,0.010163964,0.013551952,0.008711969,0.011615959,0.016455942,0.012099957,0.010647962,0.004839983,0.006291978,0.010163964,0.003871986,0.009195967,0.013067954,0.014519948,0.006291978,0.009679966,0.01113196,0.011615959,0.01113196,0.007743973,0.013551952,0.018875933,0.01113196,0.007259974,0.005807979,0.015971943,0.007259974,0.015003947,0.009195967,0.015487945,0.008227971,0.01693994,0.015971943,0.014519948,0.013067954,0.01693994,0.01693994,0.030491892,0.017907936,0.008711969,0.01113196,0.018875933,0.008711969,0.01113196,0.007743973,0.007259974,0.000967997,0.006291978,0.006291978,0.011615959,0.003387988,0.012099957,0.013551952,0.020811926,0.007743973,0.006291978,0.004355985,0.009195967,0.002419991,0.166074546,0.127287963,0
0.009916133,0.01189936,0.013882587,0.009420327,0.00892452,0.011403553,0.012395167,0.00892452,0.012890974,0.015865814,0.01189936,0.01189936,0.005453873,0.006445487,0.01041194,0.003966453,0.00892452,0.011403553,0.01338678,0.00594968,0.009916133,0.01189936,0.012890974,0.01041194,0.00892452,0.012890974,0.01933646,0.01189936,0.0074371,0.00594968,0.015370007,0.006941293,0.015865814,0.009420327,0.016857427,0.00892452,0.013882587,0.015865814,0.015370007,0.012395167,0.01784904,0.01636162,0.029252594,0.016857427,0.01041194,0.011403553,0.017353234,0.008428713,0.01041194,0.00892452,0.008428713,0.001983227,0.006941293,0.00594968,0.012395167,0.003470647,0.01189936,0.012395167,0.019832267,0.006941293,0.006445487,0.004958067,0.007932907,0.002479033,0.16544691,0.127532773,0
0.011756203,0.012316022,0.014555299,0.009516926,0.008397288,0.009516926,0.012875841,0.009516926,0.012875841,0.016794575,0.012316022,0.010636564,0.005038373,0.007837469,0.009516926,0.004478553,0.009516926,0.010076745,0.01343566,0.005598192,0.009516926,0.011196384,0.012316022,0.010636564,0.008397288,0.014555299,0.019593671,0.011196384,0.008397288,0.00671783,0.016234756,0.005598192,0.015674937,0.010076745,0.016234756,0.010076745,0.015115118,0.016234756,0.015674937,0.012875841,0.019593671,0.016234756,0.029670417,0.016234756,0.009516926,0.011196384,0.017914214,0.00671783,0.011196384,0.007837469,0.007837469,0.001679458,0.005598192,0.00671783,0.01343566,0.003918734,0.011196384,0.012316022,0.02015349,0.007277649,0.005598192,0.003918734,0.007277649,0.002239277,0.16420764,0.127621098,0
0.009355976,0.011818075,0.013787754,0.009355976,0.010340816,0.010340816,0.013295334,0.008863556,0.011818075,0.016742273,0.012310495,0.010833235,0.004924198,0.006401457,0.009848396,0.003446939,0.008863556,0.013295334,0.014772594,0.005909037,0.009848396,0.012802914,0.012310495,0.010833235,0.007878717,0.013295334,0.018711952,0.011325655,0.007386297,0.005416618,0.015757433,0.007386297,0.015265013,0.009355976,0.015757433,0.008371136,0.016249853,0.015757433,0.014280174,0.012802914,0.017727112,0.015757433,0.031514866,0.017727112,0.008863556,0.011325655,0.018711952,0.008863556,0.010833235,0.008371136,0.007386297,0.00098484,0.006401457,0.006401457,0.011325655,0.003446939,0.011325655,0.013295334,0.020681631,0.007878717,0.006401457,0.004431778,0.008863556,0.002462099,0.165444937,0.12645541,0
0.009414541,0.013651085,0.013651085,0.009414541,0.009414541,0.010826722,0.013651085,0.00800236,0.010355995,0.015063266,0.013651085,0.010355995,0.004707271,0.007060906,0.009885268,0.004236544,0.009885268,0.012238903,0.011768176,0.006119452,0.009885268,0.011768176,0.013651085,0.010355995,0.008943814,0.014121812,0.019299809,0.012238903,0.005648725,0.006590179,0.016475447,0.005648725,0.015533993,0.008473087,0.016475447,0.008943814,0.014121812,0.016946174,0.015533993,0.012709631,0.018829082,0.01600472,0.029185078,0.018358355,0.011297449,0.010826722,0.018358355,0.00800236,0.011297449,0.007531633,0.007531633,0.001412181,0.006590179,0.006590179,0.011768176,0.003295089,0.011297449,0.013651085,0.020241263,0.007531633,0.006119452,0.003765816,0.00800236,0.002353635,0.166599066,0.126839622,0
0.010600441,0.012190507,0.013250551,0.009540397,0.011130463,0.011130463,0.011130463,0.009010375,0.009540397,0.013250551,0.012720529,0.014840617,0.00530022,0.006360265,0.011130463,0.005830243,0.010070419,0.011660485,0.013250551,0.006360265,0.010070419,0.010600441,0.011660485,0.012720529,0.008480353,0.011660485,0.02067086,0.011130463,0.006360265,0.007950331,0.012720529,0.007950331,0.015370639,0.009540397,0.013780573,0.011660485,0.013250551,0.015370639,0.013780573,0.007950331,0.019080794,0.016430683,0.025441058,0.015900661,0.009540397,0.010600441,0.017490728,0.011130463,0.009540397,0.009540397,0.010070419,0.001060044,0.006890287,0.007950331,0.015370639,0.004770198,0.013250551,0.009010375,0.01802075,0.006890287,0.009010375,0.010070419,0.005830243,0.004770198,0.163110993,0.12824953,0
0.010925309,0.011445562,0.011965815,0.010405056,0.010405056,0.010405056,0.014567079,0.008324045,0.010405056,0.013006321,0.010925309,0.014567079,0.006243034,0.007803792,0.011445562,0.006763287,0.009364551,0.010405056,0.012486068,0.006763287,0.010405056,0.010925309,0.008844298,0.011965815,0.006763287,0.012486068,0.019769607,0.011965815,0.008844298,0.007803792,0.012486068,0.00728354,0.014046826,0.010405056,0.013526573,0.011445562,0.012486068,0.011965815,0.012486068,0.010405056,0.019249355,0.013526573,0.025492388,0.015607585,0.010925309,0.009884804,0.016127838,0.011445562,0.010405056,0.011445562,0.010925309,0.00364177,0.005722781,0.008844298,0.015087332,0.005722781,0.013006321,0.008324045,0.017688596,0.006243034,0.010405056,0.009884804,0.005202528,0.004162023,0.167469559,0.128628368,0
0.011645186,0.013164123,0.013164123,0.009619936,0.010632561,0.009113624,0.015189373,0.009113624,0.009619936,0.013164123,0.011645186,0.013670435,0.005569437,0.007594686,0.009619936,0.006582062,0.009619936,0.011138873,0.011138873,0.007594686,0.009113624,0.008100999,0.013164123,0.009113624,0.009113624,0.010632561,0.025315621,0.012151498,0.005569437,0.009113624,0.011645186,0.006582062,0.015695685,0.011138873,0.01468306,0.011138873,0.013164123,0.013164123,0.013164123,0.010632561,0.020252497,0.017720935,0.026834558,0.015695685,0.009113624,0.009619936,0.01670831,0.011645186,0.010632561,0.008607311,0.009619936,0.001012625,0.006582062,0.009113624,0.015695685,0.004050499,0.013164123,0.008607311,0.01670831,0.005569437,0.009619936,0.009113624,0.006075749,0.005063124,0.163571539,0.128603693,0
0.012395337,0.013882777,0.013386964,0.009420456,0.011899523,0.010412083,0.013882777,0.008924642,0.009916269,0.013882777,0.01140371,0.013882777,0.004462321,0.005949762,0.012395337,0.007437202,0.009916269,0.010907896,0.014378591,0.007437202,0.010412083,0.010907896,0.009916269,0.011899523,0.008428829,0.01140371,0.019832539,0.010907896,0.007933016,0.007933016,0.011899523,0.005949762,0.015866031,0.010412083,0.012395337,0.011899523,0.013386964,0.013882777,0.01289115,0.009420456,0.018345098,0.015866031,0.021815793,0.015866031,0.010412083,0.009916269,0.017353472,0.010412083,0.010907896,0.009916269,0.008924642,0.00148744,0.007437202,0.007933016,0.013882777,0.003470694,0.013882777,0.008428829,0.018840912,0.007437202,0.008428829,0.008428829,0.006941389,0.004462321,0.16584377,0.129605287,0
0.010081173,0.012097408,0.013609584,0.010081173,0.012097408,0.009073056,0.013609584,0.007056821,0.00756088,0.014113643,0.012601467,0.014113643,0.005040587,0.006552763,0.010585232,0.006552763,0.009577115,0.011089291,0.011089291,0.006552763,0.008568997,0.010585232,0.012601467,0.012601467,0.00756088,0.012601467,0.024194816,0.013105525,0.005544645,0.009073056,0.010081173,0.008064939,0.014617701,0.009577115,0.014113643,0.011089291,0.012097408,0.015625819,0.015625819,0.009073056,0.018650171,0.018146112,0.024194816,0.016129877,0.010585232,0.009577115,0.018146112,0.010585232,0.011593349,0.009073056,0.009577115,0.001008117,0.005544645,0.009073056,0.015625819,0.004032469,0.01512176,0.00756088,0.016633936,0.005544645,0.010081173,0.009073056,0.006048704,0.004536528,0.166052687,0.128265181,0
0.009969133,0.01345833,0.013956787,0.00897222,0.011464503,0.009969133,0.012461417,0.00897222,0.01046759,0.01345833,0.012959873,0.014455243,0.004984567,0.006978393,0.01046759,0.005483023,0.009969133,0.011464503,0.013956787,0.00598148,0.00897222,0.009969133,0.011464503,0.012461417,0.00897222,0.011464503,0.020436723,0.011464503,0.00598148,0.008473763,0.01345833,0.00747685,0.015950613,0.009470677,0.01345833,0.011464503,0.012959873,0.014455243,0.013956787,0.009470677,0.01794444,0.017445983,0.024922833,0.01644907,0.01046759,0.01046759,0.016947527,0.010966047,0.01046759,0.008473763,0.009470677,0.00149537,0.007975307,0.008473763,0.014455243,0.00448611,0.012959873,0.008473763,0.018442897,0.006978393,0.008473763,0.009470677,0.00598148,0.005483023,0.163107944,0.128086678,0
0.0101519,0.012289143,0.012823453,0.00961759,0.0101519,0.010686211,0.013357764,0.008014658,0.00961759,0.013892074,0.012289143,0.013357764,0.005877416,0.007480348,0.00961759,0.006411727,0.009083279,0.010686211,0.011220522,0.006411727,0.009083279,0.011220522,0.012289143,0.011754832,0.008548969,0.013357764,0.022441043,0.012289143,0.006411727,0.008548969,0.010686211,0.008014658,0.015495006,0.00961759,0.014426385,0.011754832,0.011754832,0.014426385,0.015495006,0.009083279,0.01976949,0.015495006,0.023509664,0.016563627,0.009083279,0.0101519,0.018166559,0.011220522,0.0101519,0.00961759,0.0101519,0.001602932,0.006411727,0.008014658,0.016029317,0.004808795,0.013357764,0.008014658,0.017097938,0.006411727,0.0101519,0.009083279,0.006411727,0.005877416,0.164823099,0.12828404,0
0.007431488,0.013872111,0.013872111,0.008422353,0.010899515,0.00990865,0.014367543,0.008422353,0.009413218,0.012881246,0.012385813,0.015358408,0.004954325,0.006440623,0.009413218,0.007431488,0.009413218,0.010899515,0.013376678,0.00594519,0.00792692,0.013872111,0.013872111,0.010899515,0.00792692,0.011890381,0.022789896,0.012385813,0.006936055,0.006936055,0.012881246,0.005449758,0.015358408,0.00990865,0.013376678,0.011890381,0.012881246,0.014862976,0.012881246,0.008422353,0.020312733,0.016349273,0.028239654,0.015358408,0.011394948,0.011394948,0.015853841,0.011394948,0.011394948,0.008917785,0.009413218,0.00198173,0.00792692,0.008422353,0.013872111,0.004458893,0.012881246,0.00792692,0.016844706,0.006936055,0.00792692,0.00990865,0.006440623,0.003468028,0.163875997,0.128646361,0
0.010250448,0.014643497,0.012202914,0.008786098,0.011226681,0.010738565,0.013179148,0.009274215,0.009762332,0.014155381,0.012691031,0.013179148,0.005857399,0.007809865,0.009274215,0.006345516,0.009274215,0.011226681,0.012691031,0.005857399,0.008297982,0.010250448,0.011714798,0.012691031,0.008297982,0.011226681,0.021965246,0.011226681,0.006345516,0.008297982,0.013667264,0.007321749,0.015131614,0.009274215,0.014155381,0.013179148,0.012202914,0.013667264,0.013667264,0.009762332,0.020500896,0.016107847,0.022941479,0.016107847,0.010250448,0.007809865,0.016595964,0.012202914,0.011226681,0.009274215,0.010738565,0.00146435,0.007321749,0.008297982,0.014155381,0.003904933,0.013179148,0.007809865,0.018060313,0.006345516,0.010250448,0.009762332,0.005857399,0.005369282,0.164041555,0.129653757,0
0.011008429,0.01153264,0.012056851,0.010484218,0.010484218,0.010484218,0.014677906,0.008387375,0.010484218,0.013105273,0.011008429,0.014153695,0.006290531,0.007863164,0.011008429,0.006814742,0.009435797,0.010484218,0.012581062,0.006290531,0.009960007,0.011008429,0.008911586,0.012056851,0.006814742,0.012056851,0.019920015,0.012056851,0.008911586,0.007863164,0.012581062,0.007338953,0.014153695,0.010484218,0.013629484,0.01153264,0.012581062,0.012056851,0.012056851,0.010484218,0.019395804,0.013629484,0.025686335,0.015726328,0.011008429,0.009435797,0.016250539,0.01153264,0.010484218,0.01153264,0.010484218,0.003669476,0.00576632,0.008387375,0.015202117,0.00576632,0.013105273,0.007863164,0.017823171,0.006290531,0.010484218,0.009960007,0.005242109,0.004193687,0.16709644,0.128888295,0
0.009216254,0.010240282,0.016896465,0.010752296,0.007680211,0.010240282,0.013824381,0.00870424,0.012800352,0.016384451,0.015360423,0.010240282,0.005632155,0.006656183,0.010240282,0.00870424,0.010752296,0.008192226,0.012288338,0.006144169,0.008192226,0.006656183,0.011776324,0.009728268,0.007680211,0.016384451,0.015360423,0.012288338,0.010240282,0.009216254,0.010240282,0.009728268,0.014848409,0.010752296,0.016384451,0.011776324,0.014848409,0.012800352,0.012800352,0.014336395,0.020480564,0.013824381,0.019456536,0.013312367,0.010240282,0.00870424,0.014848409,0.009216254,0.012288338,0.01126431,0.009216254,0.00256007,0.006656183,0.006144169,0.013824381,0.006656183,0.012800352,0.008192226,0.016896465,0.007168197,0.009216254,0.00870424,0.009728268,0.005632155,0.167062861,0.128917757,0
0.009865635,0.010384879,0.016615806,0.010904123,0.007788659,0.009865635,0.012461855,0.009346391,0.013500343,0.016615806,0.015577318,0.009346391,0.005711683,0.006750171,0.010384879,0.008827147,0.010904123,0.007788659,0.012981099,0.005711683,0.008307903,0.006750171,0.011423367,0.009346391,0.007269415,0.016096562,0.015058074,0.011942611,0.009346391,0.009346391,0.010904123,0.009865635,0.014538831,0.011423367,0.016096562,0.012461855,0.014019587,0.012981099,0.013500343,0.014019587,0.020250514,0.014019587,0.01973127,0.014019587,0.010384879,0.008307903,0.015058074,0.009346391,0.012461855,0.010384879,0.009346391,0.00259622,0.007269415,0.006230927,0.012981099,0.006750171,0.012981099,0.007788659,0.017654294,0.007788659,0.009346391,0.008827147,0.009865635,0.005711683,0.166060568,0.128806152,0
0.010390933,0.010390933,0.016625493,0.01091048,0.0077932,0.00935184,0.012988667,0.009871387,0.01246912,0.01714504,0.015066853,0.009871387,0.005715013,0.006754107,0.009871387,0.008832293,0.01091048,0.0077932,0.01246912,0.005715013,0.0077932,0.006754107,0.011430027,0.008832293,0.007273653,0.016105947,0.0155864,0.011949573,0.00935184,0.00935184,0.011949573,0.00935184,0.014547307,0.011430027,0.016105947,0.011949573,0.01402776,0.01246912,0.013508213,0.014547307,0.020781867,0.013508213,0.019742773,0.014547307,0.010390933,0.008312747,0.015066853,0.00935184,0.01246912,0.010390933,0.00935184,0.002597733,0.007273653,0.00623456,0.012988667,0.006754107,0.013508213,0.0077932,0.01870368,0.006754107,0.00935184,0.008312747,0.009871387,0.005195467,0.166086243,0.129408481,0
0.00959112,0.010123961,0.017050881,0.011189641,0.0079926,0.00905828,0.012788161,0.00905828,0.013853841,0.015985201,0.014919521,0.010123961,0.00586124,0.00692692,0.010656801,0.00905828,0.010656801,0.00745976,0.012788161,0.00586124,0.0079926,0.00745976,0.011189641,0.010123961,0.0079926,0.015452361,0.014386681,0.012255321,0.00905828,0.00852544,0.011189641,0.010123961,0.015452361,0.010656801,0.015985201,0.012788161,0.013853841,0.014386681,0.013321001,0.012788161,0.019715081,0.013853841,0.020247921,0.013321001,0.010656801,0.00852544,0.014919521,0.00905828,0.012255321,0.010656801,0.00959112,0.0026642,0.00692692,0.00586124,0.012788161,0.00692692,0.013321001,0.00852544,0.017583721,0.00745976,0.00959112,0.00852544,0.010123961,0.00586124,0.166273212,0.128779432,0
0.009639454,0.011161473,0.01674221,0.010654134,0.008117435,0.009132115,0.012683492,0.008624775,0.012683492,0.01623487,0.015220191,0.010146794,0.005580737,0.007102756,0.011668813,0.009132115,0.010654134,0.007610095,0.012176153,0.007102756,0.008117435,0.006595416,0.012176153,0.008624775,0.007610095,0.015727531,0.014712851,0.012176153,0.009639454,0.009132115,0.010654134,0.009639454,0.015220191,0.010654134,0.01623487,0.012683492,0.014205511,0.013190832,0.012683492,0.014712851,0.021308267,0.014712851,0.018771569,0.013190832,0.009132115,0.008117435,0.014712851,0.009639454,0.012683492,0.009132115,0.009132115,0.003044038,0.007102756,0.006595416,0.012683492,0.006595416,0.013190832,0.008117435,0.019278908,0.006595416,0.009639454,0.008624775,0.010146794,0.005580737,0.165700146,0.130112356,0
0.008743253,0.011657671,0.017486507,0.010200462,0.008743253,0.008743253,0.013600616,0.008743253,0.012629144,0.016515034,0.015057825,0.010686199,0.005343099,0.007286044,0.010200462,0.008257517,0.011171935,0.007771781,0.012143407,0.006314572,0.007286044,0.006800308,0.012143407,0.009714726,0.008257517,0.015543561,0.015543561,0.012143407,0.00922899,0.008743253,0.011657671,0.00922899,0.015543561,0.010686199,0.016029298,0.012143407,0.014086353,0.013600616,0.01311488,0.014086353,0.019429452,0.014572089,0.019915188,0.014086353,0.011171935,0.008743253,0.014572089,0.00922899,0.012629144,0.009714726,0.00922899,0.002428681,0.007286044,0.006800308,0.012629144,0.006314572,0.014086353,0.008257517,0.017486507,0.006800308,0.008743253,0.008257517,0.009714726,0.005828836,0.166143965,0.129052669,0
0.009114075,0.010633088,0.017721813,0.010633088,0.0081014,0.009114075,0.013164775,0.009114075,0.012658438,0.016709138,0.015190126,0.010633088,0.005569713,0.007088725,0.009620413,0.008607738,0.011645763,0.007595063,0.0121521,0.005569713,0.007595063,0.007088725,0.0121521,0.009114075,0.0081014,0.015696463,0.015696463,0.0121521,0.009114075,0.008607738,0.011139425,0.009620413,0.015190126,0.011139425,0.016202801,0.0121521,0.014177451,0.013164775,0.013164775,0.013671113,0.020253501,0.013671113,0.020759838,0.014177451,0.010633088,0.009114075,0.015190126,0.009114075,0.012658438,0.01012675,0.009114075,0.002531688,0.007088725,0.006582388,0.013164775,0.006582388,0.013671113,0.0081014,0.017215476,0.007088725,0.009114075,0.008607738,0.009620413,0.005569713,0.165633591,0.129038246,0
0.009507274,0.012009188,0.016512633,0.010508039,0.008506508,0.009507274,0.013510336,0.009507274,0.013510336,0.016012251,0.015011485,0.009507274,0.005504211,0.006504977,0.011008422,0.008506508,0.011008422,0.008006125,0.012009188,0.006504977,0.008006125,0.006504977,0.011008422,0.009507274,0.008506508,0.015511868,0.015011485,0.012009188,0.009507274,0.009006891,0.011508805,0.009507274,0.015511868,0.011008422,0.016012251,0.012009188,0.014010719,0.013009954,0.013510336,0.014010719,0.01951493,0.014511102,0.020015313,0.014010719,0.010508039,0.008506508,0.015011485,0.009006891,0.012509571,0.010007657,0.009507274,0.002501914,0.00700536,0.006004594,0.013009954,0.006504977,0.012509571,0.008506508,0.018013782,0.007505742,0.009006891,0.008506508,0.009507274,0.005504211,0.166765148,0.128695828,0
0.00959112,0.010123961,0.017050881,0.011189641,0.0079926,0.00905828,0.012788161,0.00905828,0.013853841,0.015985201,0.014919521,0.010123961,0.00586124,0.00692692,0.010656801,0.00905828,0.010656801,0.00745976,0.012788161,0.00586124,0.0079926,0.00745976,0.011189641,0.010123961,0.0079926,0.015452361,0.014386681,0.012255321,0.00905828,0.00852544,0.011189641,0.010123961,0.015452361,0.010656801,0.015985201,0.012788161,0.013853841,0.014386681,0.013321001,0.012788161,0.019715081,0.013853841,0.020247921,0.013321001,0.010656801,0.00852544,0.014919521,0.00905828,0.012255321,0.010656801,0.00959112,0.0026642,0.00692692,0.00586124,0.012788161,0.00692692,0.013321001,0.00852544,0.017583721,0.00745976,0.00959112,0.00852544,0.010123961,0.00586124,0.166273212,0.128779432,0
0.009157134,0.010683324,0.01729681,0.010683324,0.008648405,0.009157134,0.012718242,0.008648405,0.012718242,0.01627935,0.015261891,0.010174594,0.005596027,0.007122216,0.011192053,0.009157134,0.011192053,0.008139675,0.011700783,0.007122216,0.008139675,0.006613486,0.011700783,0.008648405,0.007630945,0.01577062,0.015261891,0.012209513,0.009157134,0.009157134,0.010683324,0.009665864,0.015261891,0.010683324,0.01627935,0.012209513,0.014244431,0.012718242,0.013226972,0.014753161,0.020857917,0.014753161,0.019840458,0.013226972,0.009157134,0.008648405,0.014753161,0.009157134,0.012209513,0.009157134,0.009157134,0.003052378,0.007122216,0.006613486,0.013226972,0.006613486,0.013226972,0.008139675,0.018314269,0.006613486,0.009665864,0.008648405,0.009665864,0.006613486,0.165664329,0.129236319,0
0.010440989,0.013763122,0.018034436,0.01091558,0.01091558,0.009491808,0.011864761,0.01091558,0.014712303,0.015186893,0.012339351,0.013288532,0.007118856,0.005695085,0.012339351,0.006644266,0.010440989,0.009017218,0.009966399,0.008068037,0.006644266,0.007118856,0.009017218,0.01091558,0.010440989,0.009017218,0.013288532,0.009017218,0.011864761,0.008068037,0.010440989,0.009491808,0.018509026,0.010440989,0.013763122,0.01091558,0.012339351,0.01091558,0.012339351,0.01139017,0.017559846,0.012813941,0.024204111,0.013288532,0.010440989,0.010440989,0.016610665,0.009966399,0.013763122,0.009966399,0.013763122,0.001423771,0.007593447,0.006169675,0.008542628,0.006644266,0.01139017,0.009966399,0.018034436,0.011864761,0.009491808,0.004745904,0.011864761,0.005695085,0.166745859,0.129911137,0
0.009675888,0.015204967,0.017047994,0.010136645,0.010136645,0.010136645,0.011979671,0.010597402,0.014283454,0.014744211,0.014283454,0.013822698,0.006450592,0.005989836,0.010136645,0.006911349,0.009675888,0.009215132,0.011058158,0.007372105,0.005989836,0.006911349,0.009215132,0.012440428,0.009215132,0.009215132,0.013822698,0.009215132,0.009675888,0.008293619,0.012901184,0.009675888,0.017969507,0.009215132,0.015665724,0.010597402,0.013361941,0.009675888,0.012440428,0.012901184,0.018430264,0.013822698,0.01889102,0.013361941,0.011518915,0.008754375,0.016126481,0.011979671,0.014744211,0.009215132,0.012901184,0.00138227,0.007832862,0.007832862,0.007832862,0.004607566,0.011979671,0.010597402,0.01750875,0.011979671,0.010597402,0.005068322,0.012901184,0.006911349,0.166454582,0.12950935,0
0.011395448,0.012386357,0.017340899,0.011890902,0.010899994,0.007927268,0.011395448,0.011395448,0.014368174,0.015854536,0.013872719,0.013377265,0.007431814,0.006440905,0.011890902,0.006440905,0.009413631,0.008918177,0.010899994,0.007927268,0.006440905,0.006440905,0.009413631,0.009909085,0.010899994,0.009909085,0.013872719,0.008422722,0.012386357,0.008422722,0.01040454,0.009909085,0.018331808,0.01040454,0.015854536,0.01040454,0.012386357,0.011395448,0.013872719,0.011890902,0.019322716,0.013377265,0.019322716,0.012881811,0.01040454,0.01040454,0.016349991,0.009413631,0.013872719,0.009909085,0.013377265,0.001981817,0.007431814,0.006440905,0.008422722,0.007431814,0.01040454,0.01040454,0.017836354,0.011890902,0.008918177,0.004459088,0.011890902,0.004459088,0.167806928,0.129143471,0
0.009659266,0.015178846,0.017478671,0.010579196,0.010119231,0.010119231,0.011959091,0.010579196,0.014258916,0.014718881,0.013798951,0.014258916,0.006439511,0.005979546,0.010579196,0.007359441,0.009659266,0.009199301,0.011039161,0.007819406,0.005979546,0.006899476,0.009199301,0.011959091,0.009659266,0.009199301,0.012879021,0.009199301,0.009199301,0.008279371,0.011959091,0.010119231,0.018398602,0.009199301,0.016098776,0.010579196,0.012879021,0.009659266,0.011959091,0.012419056,0.017938637,0.012879021,0.019778497,0.013798951,0.011499126,0.009199301,0.016098776,0.011959091,0.015178846,0.009199301,0.012419056,0.001379895,0.008739336,0.007359441,0.007819406,0.00459965,0.012419056,0.010119231,0.017938637,0.011499126,0.011039161,0.005059615,0.013338986,0.006439511,0.166247324,0.129546201,0
0.009843502,0.014530884,0.017343313,0.01031224,0.01031224,0.008906026,0.012187193,0.01031224,0.014062146,0.01546836,0.013593408,0.014530884,0.006562335,0.006093597,0.01031224,0.007031073,0.009843502,0.008906026,0.011249717,0.007499811,0.006093597,0.006562335,0.009374764,0.010780978,0.009843502,0.009374764,0.013124669,0.009374764,0.008906026,0.007968549,0.012187193,0.009843502,0.017812051,0.008906026,0.016405837,0.010780978,0.013124669,0.009843502,0.012655931,0.012655931,0.017812051,0.013124669,0.021561957,0.013593408,0.011718455,0.008906026,0.016405837,0.012187193,0.014530884,0.009374764,0.012655931,0.001406215,0.007968549,0.007499811,0.007499811,0.00515612,0.012187193,0.01031224,0.017343313,0.011718455,0.011249717,0.00515612,0.012655931,0.007968549,0.16662113,0.128865363,0
0.009773483,0.013797858,0.017247323,0.011498215,0.010348394,0.00747384,0.013222948,0.010348394,0.01494768,0.016672412,0.014372769,0.012073126,0.008048751,0.004599286,0.010348394,0.008048751,0.009773483,0.008048751,0.012073126,0.006898929,0.005174197,0.005174197,0.009198572,0.010348394,0.010923304,0.010348394,0.012648037,0.008623661,0.011498215,0.006898929,0.011498215,0.009198572,0.017822234,0.009773483,0.01494768,0.009773483,0.013797858,0.010923304,0.014372769,0.012648037,0.016097501,0.014372769,0.021271698,0.013797858,0.010348394,0.008048751,0.017247323,0.010923304,0.01494768,0.009773483,0.013797858,0.002299643,0.00747384,0.006324018,0.005749108,0.005749108,0.010923304,0.010348394,0.017247323,0.012073126,0.010923304,0.005749108,0.011498215,0.008048751,0.169513604,0.130245088,0
0.011893732,0.012389304,0.017345026,0.01139816,0.009911443,0.009415871,0.011893732,0.010902588,0.014867165,0.015858309,0.01139816,0.012884876,0.007929155,0.005451294,0.01139816,0.007433583,0.009911443,0.008920299,0.009415871,0.007929155,0.00693801,0.007433583,0.009415871,0.010407016,0.010407016,0.008920299,0.013876021,0.008920299,0.01139816,0.008424727,0.009911443,0.010407016,0.017345026,0.010407016,0.014371593,0.01139816,0.011893732,0.010902588,0.012389304,0.01139816,0.017840598,0.011893732,0.023787464,0.012884876,0.010407016,0.009911443,0.016849454,0.010407016,0.013876021,0.010407016,0.013876021,0.001486717,0.007433583,0.006442438,0.008424727,0.007433583,0.010407016,0.009911443,0.017840598,0.012389304,0.009911443,0.005946866,0.012389304,0.006442438,0.166755594,0.129531928,0
0.010837353,0.013300388,0.016748636,0.011822567,0.009359532,0.009359532,0.012315174,0.01132996,0.014285602,0.015763422,0.013300388,0.014285602,0.007389104,0.005911283,0.010344746,0.007389104,0.009359532,0.008866925,0.010837353,0.007389104,0.00640389,0.006896497,0.010344746,0.009852139,0.010344746,0.009359532,0.013792995,0.009359532,0.010344746,0.007881711,0.01132996,0.009359532,0.018226457,0.009852139,0.016256029,0.009852139,0.012807781,0.009359532,0.012315174,0.012315174,0.018226457,0.01132996,0.018226457,0.013300388,0.01132996,0.009359532,0.016748636,0.011822567,0.014285602,0.010344746,0.013792995,0.001970428,0.007881711,0.007881711,0.007881711,0.005418676,0.01132996,0.010344746,0.016256029,0.012315174,0.010837353,0.005911283,0.011822567,0.006896497,0.167915855,0.13011924,0
0.009782842,0.012872161,0.017506139,0.011327502,0.010297729,0.008238183,0.012357275,0.010297729,0.01441682,0.016476366,0.013387047,0.014931707,0.00720841,0.005663751,0.010812615,0.006693524,0.010297729,0.008753069,0.011327502,0.00720841,0.006693524,0.006693524,0.010297729,0.009782842,0.010297729,0.009782842,0.013387047,0.009782842,0.009782842,0.007723297,0.010812615,0.009782842,0.017506139,0.008753069,0.016991252,0.010297729,0.013387047,0.010812615,0.012872161,0.012872161,0.018535912,0.012872161,0.018021025,0.012872161,0.010812615,0.010297729,0.016991252,0.011327502,0.013901934,0.010297729,0.013387047,0.001544659,0.00720841,0.007723297,0.007723297,0.005148864,0.010297729,0.010812615,0.017506139,0.012357275,0.011327502,0.004119092,0.012357275,0.005663751,0.168855171,0.1298695,0
0.009888791,0.014126844,0.016952213,0.010359686,0.010359686,0.008947002,0.012243265,0.010359686,0.014126844,0.016010424,0.01365595,0.014126844,0.006592527,0.005650738,0.010359686,0.007063422,0.009417896,0.008947002,0.01177237,0.007534317,0.006121633,0.007063422,0.009888791,0.010830581,0.009888791,0.009417896,0.013185055,0.009888791,0.008947002,0.008005212,0.012243265,0.009888791,0.017423108,0.009417896,0.016481319,0.010359686,0.013185055,0.010359686,0.012243265,0.013185055,0.017423108,0.013185055,0.018364898,0.01365595,0.012243265,0.009417896,0.016481319,0.01177237,0.014597739,0.009417896,0.01271416,0.001412684,0.008005212,0.007534317,0.008005212,0.004708948,0.012243265,0.010359686,0.017423108,0.01177237,0.010830581,0.005179843,0.01271416,0.006592527,0.167637055,0.129787879,0
0.007407091,0.012036523,0.015277125,0.01018475,0.009258863,0.01018475,0.014351238,0.00879592,0.015277125,0.015277125,0.014814182,0.012499466,0.006018261,0.006481204,0.012036523,0.006481204,0.007870034,0.008332977,0.015277125,0.007407091,0.007870034,0.007407091,0.00879592,0.010647693,0.009258863,0.009721807,0.016665954,0.009721807,0.006944148,0.006018261,0.012499466,0.01018475,0.015740068,0.011573579,0.016665954,0.011573579,0.015277125,0.011110636,0.013425352,0.012962409,0.018054784,0.016665954,0.0203695,0.013888295,0.012499466,0.007870034,0.014814182,0.010647693,0.013888295,0.010647693,0.01018475,0.001851773,0.006481204,0.006481204,0.00879592,0.003240602,0.012962409,0.011110636,0.017128897,0.009721807,0.011110636,0.004629432,0.011573579,0.006944148,0.168563823,0.130540212,0
0.009416752,0.010524605,0.016063871,0.011632459,0.007754972,0.008862826,0.012740312,0.009416752,0.014402092,0.016063871,0.015509945,0.013294238,0.006647119,0.006647119,0.012186385,0.006093193,0.007754972,0.006093193,0.014956018,0.008862826,0.007201046,0.007754972,0.008862826,0.011078532,0.009416752,0.010524605,0.014402092,0.008862826,0.007201046,0.006647119,0.013294238,0.010524605,0.016617798,0.012186385,0.016617798,0.009416752,0.016063871,0.011632459,0.013294238,0.012740312,0.018833504,0.016063871,0.021049211,0.013848165,0.011078532,0.008862826,0.015509945,0.010524605,0.013848165,0.009970679,0.011632459,0.00166178,0.006647119,0.006647119,0.008308899,0.004431413,0.012186385,0.011078532,0.018833504,0.009970679,0.012186385,0.003877486,0.011078532,0.005539266,0.167069875,0.129997273,0
0.007228854,0.011566166,0.012530013,0.011566166,0.009156548,0.010602319,0.015903478,0.010120395,0.01349386,0.015421555,0.010120395,0.010602319,0.007228854,0.005783083,0.013975784,0.00674693,0.00674693,0.010602319,0.01349386,0.008192701,0.008674624,0.00674693,0.008674624,0.010602319,0.008674624,0.009638472,0.017831172,0.010120395,0.00674693,0.007228854,0.01204809,0.011084242,0.015421555,0.01204809,0.014457707,0.011084242,0.014939631,0.011084242,0.013011937,0.012530013,0.019276943,0.014457707,0.02024079,0.013975784,0.011566166,0.00674693,0.015903478,0.010602319,0.01349386,0.011566166,0.009156548,0.002891541,0.006265007,0.006265007,0.008674624,0.003855389,0.011566166,0.011566166,0.019758867,0.010602319,0.011566166,0.005301159,0.011566166,0.006265007,0.172570035,0.130568469,0
0.009594651,0.011033848,0.015351441,0.010554116,0.009594651,0.009594651,0.014871708,0.008635185,0.015831173,0.015351441,0.014871708,0.011993313,0.006716255,0.006236523,0.011993313,0.006236523,0.00767572,0.008635185,0.015831173,0.00767572,0.007195988,0.00767572,0.009114918,0.010554116,0.009114918,0.009114918,0.017270371,0.010074383,0.007195988,0.006236523,0.011993313,0.010554116,0.015831173,0.011513581,0.016790638,0.010554116,0.015831173,0.011033848,0.012952778,0.012952778,0.018229836,0.016790638,0.020148766,0.013432511,0.011993313,0.008635185,0.014871708,0.010074383,0.013432511,0.011033848,0.010074383,0.002398663,0.007195988,0.006236523,0.008635185,0.00383786,0.011993313,0.011513581,0.016310906,0.010074383,0.011033848,0.004797325,0.011033848,0.006236523,0.16912216,0.129029153,0
0.009825304,0.012410911,0.014996517,0.011893789,0.00827394,0.009825304,0.012928032,0.010859547,0.011893789,0.016030759,0.013962274,0.011893789,0.006205455,0.007239698,0.011893789,0.006722577,0.009308183,0.007756819,0.013445153,0.00827394,0.007239698,0.006722577,0.007756819,0.010342425,0.010342425,0.011376668,0.014479396,0.008791062,0.007239698,0.005688334,0.014996517,0.011376668,0.017065002,0.011893789,0.014479396,0.010342425,0.016547881,0.009825304,0.014996517,0.013962274,0.019133487,0.015513638,0.02016773,0.012928032,0.010342425,0.008791062,0.014479396,0.009825304,0.012928032,0.009825304,0.010859547,0.001551364,0.006722577,0.006205455,0.009308183,0.00413697,0.012410911,0.012410911,0.018616366,0.009825304,0.011376668,0.004654091,0.011893789,0.006205455,0.167892636,0.130890917,0
0.009178519,0.011338171,0.015117561,0.010798258,0.007558781,0.008638606,0.014577648,0.010258345,0.015117561,0.016197387,0.015117561,0.012417997,0.004859216,0.005939042,0.012417997,0.008098693,0.008098693,0.005399129,0.017277213,0.007558781,0.007018868,0.007558781,0.008638606,0.009718432,0.010798258,0.008638606,0.017277213,0.009178519,0.007558781,0.007018868,0.011878084,0.009718432,0.016197387,0.013497822,0.017277213,0.010798258,0.0167373,0.010798258,0.013497822,0.011878084,0.019436864,0.016197387,0.019976777,0.013497822,0.011878084,0.009178519,0.014037735,0.009718432,0.01295791,0.010798258,0.009178519,0.002159652,0.007018868,0.005939042,0.009178519,0.004319303,0.012417997,0.011878084,0.016197387,0.010258345,0.010798258,0.004319303,0.012417997,0.008638606,0.166155268,0.129798311,0
0.008253824,0.01068142,0.015051091,0.011166939,0.008253824,0.01068142,0.014080053,0.008739343,0.015051091,0.01602213,0.014080053,0.012137977,0.006311748,0.006311748,0.012623496,0.006311748,0.007768305,0.007768305,0.015051091,0.007282786,0.007768305,0.008253824,0.009710382,0.01068142,0.009710382,0.009710382,0.016507649,0.01068142,0.007282786,0.005826229,0.011652458,0.01068142,0.01602213,0.011652458,0.016507649,0.01068142,0.01553661,0.011166939,0.014080053,0.012623496,0.018449725,0.01602213,0.021362839,0.012623496,0.012137977,0.008253824,0.014080053,0.01068142,0.013109015,0.011652458,0.01068142,0.001942076,0.006311748,0.006311748,0.008739343,0.003398634,0.011652458,0.011652458,0.016507649,0.010195901,0.011652458,0.004369672,0.011652458,0.006311748,0.16911537,0.130766121,0
0.008312355,0.011083139,0.015239317,0.011083139,0.008774152,0.009697747,0.013392127,0.00923595,0.015239317,0.014777519,0.014315722,0.013392127,0.006003367,0.006465165,0.012006734,0.006465165,0.007850557,0.007850557,0.015239317,0.006926962,0.00738876,0.00738876,0.00923595,0.010621342,0.009697747,0.00923595,0.017086507,0.010159544,0.006926962,0.006003367,0.012468532,0.010621342,0.016162912,0.011544937,0.016162912,0.011083139,0.014777519,0.011083139,0.013853924,0.012930329,0.017086507,0.017086507,0.020319089,0.013392127,0.012930329,0.00923595,0.014777519,0.010159544,0.013392127,0.010621342,0.010621342,0.00184719,0.006926962,0.006465165,0.009697747,0.003232582,0.012930329,0.011544937,0.016162912,0.010159544,0.011083139,0.004617975,0.011544937,0.006926962,0.16820081,0.13125242,0
0.009110855,0.009646787,0.016077979,0.01232645,0.006967124,0.008574922,0.013398315,0.009110855,0.014470181,0.016613911,0.014470181,0.01232645,0.006431191,0.006967124,0.01232645,0.005895259,0.007503057,0.006431191,0.014470181,0.007503057,0.006967124,0.008038989,0.008574922,0.01018272,0.009646787,0.010718652,0.015006113,0.009646787,0.006967124,0.006431191,0.013398315,0.010718652,0.016613911,0.01232645,0.016613911,0.01018272,0.015006113,0.011254585,0.014470181,0.013934248,0.019293574,0.015542046,0.02036544,0.014470181,0.011254585,0.008574922,0.016077979,0.01018272,0.013934248,0.009646787,0.010718652,0.001607798,0.006967124,0.006431191,0.008574922,0.004287461,0.01232645,0.011790518,0.019829507,0.009646787,0.011254585,0.004287461,0.011790518,0.006431191,0.16713228,0.130260058,0
0.009365368,0.009885666,0.016129245,0.011966859,0.007804473,0.008324772,0.014048052,0.009365368,0.01456835,0.015608947,0.015608947,0.011966859,0.00572328,0.007284175,0.012487157,0.006243579,0.007804473,0.007284175,0.015608947,0.006763877,0.007804473,0.008324772,0.009365368,0.010405965,0.009365368,0.009365368,0.016649543,0.009885666,0.007284175,0.007804473,0.010926263,0.010405965,0.017169841,0.011446561,0.016649543,0.010405965,0.015608947,0.010926263,0.013007456,0.012487157,0.019771333,0.016129245,0.019251034,0.015088649,0.011966859,0.008324772,0.016129245,0.010405965,0.013007456,0.010926263,0.009365368,0.002081193,0.006243579,0.00884507,0.00884507,0.004162386,0.011966859,0.010926263,0.018730736,0.009885666,0.010405965,0.004682684,0.011966859,0.006763877,0.16660712,0.128388783,0
0.010233899,0.013024962,0.015350849,0.010233899,0.010233899,0.010233899,0.012559785,0.00837319,0.011164254,0.012559785,0.01674638,0.013024962,0.006047304,0.007908013,0.01349014,0.006512481,0.010699076,0.010233899,0.011629431,0.007442836,0.007908013,0.007442836,0.012094608,0.009303545,0.010233899,0.012094608,0.01349014,0.012094608,0.006512481,0.006047304,0.014420494,0.006512481,0.015350849,0.009303545,0.016281203,0.013955317,0.013955317,0.012559785,0.012559785,0.011164254,0.020467798,0.012559785,0.024654393,0.015350849,0.013024962,0.012094608,0.015816026,0.007908013,0.012559785,0.008838367,0.010233899,0.001860709,0.007908013,0.006512481,0.010699076,0.004651772,0.013024962,0.013024962,0.018141912,0.00837319,0.007908013,0.004186595,0.008838367,0.003256241,0.16827129,0.128845915,0
0.010670269,0.013580343,0.015520392,0.010670269,0.010185257,0.010185257,0.013095331,0.008245208,0.011155282,0.012125306,0.016490416,0.013095331,0.005820147,0.007760196,0.014065355,0.006790171,0.010670269,0.010185257,0.011640294,0.007760196,0.007760196,0.007275184,0.012125306,0.00873022,0.010670269,0.012610318,0.013580343,0.011640294,0.006790171,0.005820147,0.013580343,0.005820147,0.016005404,0.009700245,0.016490416,0.013580343,0.014550367,0.011640294,0.012610318,0.010185257,0.020370514,0.012125306,0.024250612,0.015520392,0.012125306,0.012610318,0.016975428,0.007760196,0.013095331,0.008245208,0.009700245,0.001940049,0.007760196,0.006790171,0.010670269,0.004850122,0.013580343,0.012125306,0.017945453,0.009215233,0.008245208,0.003880098,0.008245208,0.003880098,0.168356022,0.128861239,0
0.007852536,0.010624019,0.017090813,0.010624019,0.009238277,0.007852536,0.012471674,0.00831445,0.012471674,0.017552727,0.01200976,0.012471674,0.00600488,0.007390622,0.013857416,0.006466794,0.010624019,0.009700191,0.01200976,0.007390622,0.00831445,0.007852536,0.010162105,0.008776363,0.009700191,0.01200976,0.01200976,0.011547847,0.004157225,0.004157225,0.013395502,0.010624019,0.015705071,0.008776363,0.016166985,0.013857416,0.014781244,0.013395502,0.01431933,0.011547847,0.018014641,0.013395502,0.029100573,0.01431933,0.013395502,0.011085933,0.016166985,0.008776363,0.01200976,0.008776363,0.009238277,0.001847655,0.007390622,0.00600488,0.00831445,0.003695311,0.013857416,0.011085933,0.021709952,0.011085933,0.00831445,0.002771483,0.01431933,0.006466794,0.16892258,0.126658777,0
0.007373012,0.011520332,0.016589278,0.010598705,0.009216266,0.008294639,0.012441958,0.008294639,0.013824398,0.017050091,0.014285212,0.011981145,0.005990573,0.007373012,0.013824398,0.006912199,0.010137892,0.009677079,0.011981145,0.006912199,0.008755452,0.007833826,0.009677079,0.009216266,0.009216266,0.011520332,0.011059519,0.012441958,0.004608133,0.003225693,0.013824398,0.010137892,0.016128465,0.008294639,0.017971718,0.013824398,0.013824398,0.013363585,0.014285212,0.011520332,0.018432531,0.013824398,0.02534473,0.014285212,0.014285212,0.010137892,0.015667651,0.008755452,0.012441958,0.008755452,0.010598705,0.00276488,0.006912199,0.005990573,0.007833826,0.00276488,0.014285212,0.010598705,0.021197411,0.010137892,0.009677079,0.00276488,0.012902772,0.007373012,0.169662904,0.12759685,0
0.007373644,0.011521318,0.016590698,0.010599613,0.009217054,0.008295349,0.012443024,0.008295349,0.012903876,0.017051551,0.014747287,0.011982171,0.005991085,0.007373644,0.013364729,0.006912791,0.01013876,0.009677907,0.011521318,0.006912791,0.008756202,0.007834496,0.01013876,0.009217054,0.009217054,0.011982171,0.011060465,0.012443024,0.004608527,0.003225969,0.013825582,0.01013876,0.016129845,0.008295349,0.017973256,0.013364729,0.013825582,0.013364729,0.014286434,0.011521318,0.018434109,0.013825582,0.0253469,0.014747287,0.014286434,0.01013876,0.016129845,0.008756202,0.012443024,0.008756202,0.010599613,0.002765116,0.006451938,0.006451938,0.007834496,0.002765116,0.014747287,0.01013876,0.021199225,0.01013876,0.009677907,0.002765116,0.012903876,0.007373644,0.169679355,0.127520244,0
0.007856436,0.010629296,0.016175016,0.010629296,0.008780723,0.008780723,0.012015726,0.008780723,0.012477869,0.017099302,0.012477869,0.012015726,0.00693215,0.00693215,0.013864299,0.006470006,0.010629296,0.00970501,0.011091439,0.007394293,0.008780723,0.007856436,0.00970501,0.00970501,0.00970501,0.011553583,0.011553583,0.012015726,0.004621433,0.003697146,0.013402156,0.010629296,0.015250729,0.00970501,0.016637159,0.013402156,0.014326443,0.013402156,0.015250729,0.010629296,0.018485732,0.013864299,0.030039315,0.013864299,0.012477869,0.010629296,0.015250729,0.00970501,0.011553583,0.00831858,0.010167153,0.00277286,0.00693215,0.006007863,0.007856436,0.003235003,0.013864299,0.011091439,0.022182879,0.010167153,0.008780723,0.00277286,0.014788586,0.007394293,0.168403554,0.126827898,0
0.010599642,0.013490453,0.014935859,0.010599642,0.01011784,0.011081444,0.013008652,0.007708831,0.011081444,0.012045048,0.016381265,0.013008652,0.005781623,0.007708831,0.013972255,0.006745227,0.010599642,0.010599642,0.011563246,0.007708831,0.007708831,0.007708831,0.012045048,0.009154236,0.010599642,0.01252685,0.013490453,0.011563246,0.007227029,0.005781623,0.013490453,0.006263425,0.015899463,0.009636038,0.016381265,0.013490453,0.014454057,0.011563246,0.01252685,0.011081444,0.02023568,0.012045048,0.024571897,0.015417661,0.012045048,0.012045048,0.016381265,0.008190632,0.01252685,0.008190632,0.01011784,0.001927208,0.008190632,0.006263425,0.010599642,0.004818019,0.013490453,0.013008652,0.017826671,0.008672434,0.007708831,0.004336217,0.009154236,0.003854415,0.167999729,0.129051284,0
0.009519522,0.011423426,0.012851354,0.012375378,0.010471474,0.009519522,0.01332733,0.007615617,0.009519522,0.014279283,0.01332733,0.012375378,0.007139641,0.006663665,0.014755259,0.006663665,0.00856757,0.009995498,0.012375378,0.007139641,0.006663665,0.008091593,0.01094745,0.010471474,0.010471474,0.012851354,0.017135139,0.012375378,0.006663665,0.005711713,0.011899402,0.009519522,0.016183187,0.009519522,0.015231235,0.01332733,0.012851354,0.012375378,0.015231235,0.011423426,0.020466972,0.01332733,0.028082589,0.01332733,0.011423426,0.012375378,0.015231235,0.007139641,0.012375378,0.009519522,0.009043546,0.00237988,0.008091593,0.006187689,0.01332733,0.004283785,0.013803307,0.011423426,0.016659163,0.008091593,0.008091593,0.007139641,0.008091593,0.003331833,0.169014592,0.128920678,0
0.007367441,0.011511626,0.016576742,0.010590696,0.009209301,0.008288371,0.012432556,0.008288371,0.013813952,0.017037207,0.013813952,0.011972091,0.005986046,0.006906976,0.014274417,0.006906976,0.010130231,0.009669766,0.011511626,0.006906976,0.008748836,0.007827906,0.009669766,0.009209301,0.008748836,0.011511626,0.011511626,0.012432556,0.004604651,0.003223255,0.014274417,0.010130231,0.016116277,0.008288371,0.017958137,0.013813952,0.013813952,0.013353487,0.014274417,0.011511626,0.018418602,0.013813952,0.023944183,0.014734882,0.014274417,0.010590696,0.015655812,0.008748836,0.012432556,0.008748836,0.010590696,0.00276279,0.006446511,0.005986046,0.007827906,0.003223255,0.014734882,0.010590696,0.021641857,0.010130231,0.009669766,0.00276279,0.012893021,0.007367441,0.169897666,0.127893131,0
0.010660964,0.01308391,0.015022267,0.010660964,0.009207196,0.011630142,0.011630142,0.008238017,0.011630142,0.012599321,0.016476035,0.014053088,0.005815071,0.007753428,0.012114731,0.00678425,0.010176374,0.010176374,0.012114731,0.00678425,0.008238017,0.007268839,0.01308391,0.008722607,0.011630142,0.011630142,0.012114731,0.012114731,0.008238017,0.005330482,0.013568499,0.00678425,0.015022267,0.008722607,0.016960624,0.013568499,0.014537678,0.011630142,0.011630142,0.011630142,0.01938357,0.011630142,0.026652409,0.015022267,0.012599321,0.012599321,0.015991445,0.008238017,0.013568499,0.008722607,0.010660964,0.001453768,0.007268839,0.00678425,0.011630142,0.005330482,0.011630142,0.013568499,0.016960624,0.008238017,0.007753428,0.005330482,0.008722607,0.004361303,0.166555372,0.130305625,0
0.009287137,0.013930705,0.016510465,0.010834993,0.011350945,0.008255233,0.012898801,0.010834993,0.017026417,0.013930705,0.014446657,0.013930705,0.006191424,0.004127616,0.011350945,0.00773928,0.009803089,0.008255233,0.013930705,0.00773928,0.006707376,0.007223328,0.008771185,0.009803089,0.010319041,0.009287137,0.013930705,0.009287137,0.010319041,0.006707376,0.012382849,0.009803089,0.018058321,0.012382849,0.015478561,0.009803089,0.014446657,0.011350945,0.013414753,0.012898801,0.017026417,0.014962609,0.018058321,0.011866897,0.010319041,0.009287137,0.018574273,0.009287137,0.013414753,0.009287137,0.013414753,0.001031904,0.007223328,0.005675472,0.00773928,0.005675472,0.011350945,0.013930705,0.015478561,0.012382849,0.010319041,0.005675472,0.010834993,0.004643568,0.168966488,0.128822794,0
0.010568521,0.013588099,0.019123991,0.010065258,0.01207831,0.00855547,0.013588099,0.011575047,0.01560115,0.013588099,0.013588099,0.017614202,0.006039155,0.004026103,0.009561995,0.006039155,0.010065258,0.010065258,0.012581573,0.006542418,0.007045681,0.008052207,0.009058732,0.009058732,0.009561995,0.009561995,0.014594625,0.010065258,0.009561995,0.006039155,0.01207831,0.010568521,0.018620728,0.01207831,0.016104413,0.00855547,0.013588099,0.010568521,0.012581573,0.012581573,0.019123991,0.013084836,0.021640305,0.011071784,0.010568521,0.010568521,0.017110939,0.011071784,0.014091362,0.010065258,0.012581573,0.001006526,0.006542418,0.006039155,0.00855547,0.005032629,0.011071784,0.013084836,0.015097887,0.010568521,0.011575047,0.005535892,0.010568521,0.004529366,0.166927493,0.128504426,0
0.010164711,0.013068914,0.017425218,0.009680677,0.01258488,0.008228575,0.012100846,0.012100846,0.015973117,0.013552948,0.014036982,0.015489083,0.005808406,0.003872271,0.012100846,0.006776474,0.010648745,0.010648745,0.012100846,0.008228575,0.007260508,0.006776474,0.009196643,0.009196643,0.010164711,0.009196643,0.013552948,0.009680677,0.009680677,0.006776474,0.011616812,0.010164711,0.016941185,0.012100846,0.016941185,0.009196643,0.014521015,0.012100846,0.013552948,0.011132778,0.017425218,0.015489083,0.017909252,0.011132778,0.009196643,0.009680677,0.019361354,0.010648745,0.01258488,0.009196643,0.01258488,0.000968068,0.007260508,0.005324372,0.007744542,0.005808406,0.011616812,0.013068914,0.016457151,0.01258488,0.010648745,0.005808406,0.011132778,0.005324372,0.168604054,0.128094767,0
0.010277453,0.012846816,0.017985543,0.010277453,0.012332944,0.009249708,0.011819071,0.011305198,0.016957797,0.013874562,0.012332944,0.016443925,0.005652599,0.004110981,0.011819071,0.005652599,0.00976358,0.00976358,0.011819071,0.007194217,0.006680344,0.00770809,0.00976358,0.00976358,0.008735835,0.00976358,0.014388434,0.010277453,0.010791326,0.006680344,0.011819071,0.010277453,0.01747167,0.012332944,0.015930052,0.008735835,0.012332944,0.011819071,0.013874562,0.012846816,0.017985543,0.013874562,0.019013288,0.010791326,0.010277453,0.00976358,0.019013288,0.010791326,0.013360689,0.00976358,0.013874562,0.001027745,0.007194217,0.005652599,0.00770809,0.005652599,0.010791326,0.013360689,0.015930052,0.012332944,0.011305198,0.005652599,0.00976358,0.004624854,0.168883938,0.128138275,0
0.010077677,0.013260101,0.015381717,0.009547273,0.013260101,0.010077677,0.011668889,0.012729697,0.016442525,0.012199293,0.012199293,0.016442525,0.006895253,0.004773636,0.012199293,0.005834445,0.011138485,0.012199293,0.012729697,0.007956061,0.007425657,0.007956061,0.009016869,0.008486465,0.007956061,0.009547273,0.014320909,0.010077677,0.007956061,0.007956061,0.012729697,0.008486465,0.016972929,0.011668889,0.016972929,0.009547273,0.014320909,0.009547273,0.011138485,0.010608081,0.017503334,0.013260101,0.016972929,0.012199293,0.010077677,0.010608081,0.018564142,0.012729697,0.010608081,0.010608081,0.012199293,0.00265202,0.009016869,0.00530404,0.010077677,0.00530404,0.013260101,0.010608081,0.015912121,0.013260101,0.011138485,0.006364849,0.009547273,0.00530404,0.169525303,0.127689337,0
0.009708997,0.015719328,0.017106327,0.009708997,0.012482996,0.01017133,0.012482996,0.011095996,0.015256995,0.012945329,0.013407662,0.015719328,0.004160999,0.005547998,0.011558329,0.006934998,0.01017133,0.01017133,0.012482996,0.007397331,0.006472664,0.006934998,0.009246663,0.010633663,0.008321997,0.009246663,0.013869995,0.009708997,0.009708997,0.006934998,0.012482996,0.010633663,0.018030994,0.011095996,0.015719328,0.01017133,0.012945329,0.01017133,0.011558329,0.012945329,0.018493327,0.014332328,0.020342659,0.012020662,0.011095996,0.01017133,0.016643994,0.010633663,0.013869995,0.009246663,0.012020662,0.000924666,0.008321997,0.006472664,0.007859664,0.005085665,0.012945329,0.011095996,0.01756866,0.011095996,0.011095996,0.005085665,0.012020662,0.005547998,0.165967873,0.128974044,0
0.009668492,0.01473294,0.017495366,0.009668492,0.012430918,0.010128896,0.011970514,0.011049705,0.016114153,0.012891322,0.013351727,0.015653749,0.005064448,0.004604044,0.012430918,0.00736647,0.010128896,0.010128896,0.012430918,0.008287279,0.006906066,0.00736647,0.009208087,0.010589301,0.008747683,0.008747683,0.013351727,0.008747683,0.010128896,0.006906066,0.011970514,0.010128896,0.017955771,0.011510109,0.015653749,0.010589301,0.013351727,0.010589301,0.011510109,0.011970514,0.018416175,0.014272536,0.020257792,0.011970514,0.010589301,0.009668492,0.017034962,0.010589301,0.013812131,0.009208087,0.012430918,0.000920809,0.008287279,0.005985257,0.006906066,0.005524852,0.012430918,0.011510109,0.017955771,0.011510109,0.010589301,0.005524852,0.011970514,0.005985257,0.166149993,0.12897091,0
0.009419087,0.013186722,0.017896266,0.009890042,0.012244814,0.009419087,0.012715768,0.011302905,0.016483403,0.013186722,0.013186722,0.016483403,0.005651452,0.004238589,0.011773859,0.006122407,0.009890042,0.009890042,0.011773859,0.008006224,0.006593361,0.007064316,0.009419087,0.009419087,0.008477179,0.009419087,0.014599586,0.009419087,0.010360996,0.006593361,0.011773859,0.010360996,0.017425312,0.012715768,0.015541494,0.008948133,0.012715768,0.011302905,0.011773859,0.013186722,0.017425312,0.014599586,0.018838175,0.011773859,0.010831951,0.009890042,0.017425312,0.011302905,0.013657677,0.009890042,0.013657677,0.000941909,0.008006224,0.005180498,0.008006224,0.005180498,0.012244814,0.011773859,0.016012449,0.011773859,0.011302905,0.005651452,0.010831951,0.006122407,0.168006724,0.129800304,0
0.009651098,0.013994092,0.017371976,0.009651098,0.012546427,0.009168543,0.012546427,0.011581317,0.016406866,0.013511537,0.012063872,0.015441756,0.005308104,0.003860439,0.012063872,0.006273213,0.009651098,0.010133653,0.011581317,0.007720878,0.006755768,0.007238323,0.009168543,0.009651098,0.009168543,0.009651098,0.014959201,0.009651098,0.011098762,0.006273213,0.012063872,0.010616207,0.017371976,0.012546427,0.015441756,0.009168543,0.013028982,0.011098762,0.013511537,0.012063872,0.017854531,0.013994092,0.019302195,0.011581317,0.010616207,0.010616207,0.01881964,0.009651098,0.013994092,0.009651098,0.013028982,0.00096511,0.006755768,0.005308104,0.007720878,0.006755768,0.011098762,0.012546427,0.016406866,0.013028982,0.010616207,0.005790659,0.010133653,0.005308104,0.169116932,0.128283157,0
0.015191414,0.016615609,0.017090341,0.007595707,0.012343024,0.012817756,0.009969365,0.012343024,0.016615609,0.012817756,0.012817756,0.017090341,0.00284839,0.004272585,0.011393561,0.007120975,0.009969365,0.011868292,0.012343024,0.007595707,0.010918829,0.021837658,0.006171512,0.011393561,0.009969365,0.000474732,0.013767219,0.009019902,0.009019902,0.007120975,0.012343024,0.010918829,0.018514536,0.012343024,0.017090341,0.009969365,0.009969365,0.010444097,0.009969365,0.010444097,0.018514536,0.014241951,0.020413463,0.011393561,0.010444097,0.009969365,0.018989268,0.009969365,0.012817756,0.006646244,0.012817756,0.000474732,0.00854517,0.00569678,0.007120975,0.005222049,0.012817756,0.013292487,0.017565073,0.011868292,0.010444097,0.005222049,0.012817756,0.007595707,0.157166502,0.125513915,0
0.008268677,0.011673427,0.014591784,0.013132605,0.010214249,0.009241463,0.01215982,0.00875507,0.015564569,0.017996533,0.01215982,0.011187034,0.008268677,0.005836713,0.012646213,0.006323106,0.009727856,0.009727856,0.013618998,0.006323106,0.007295892,0.007782285,0.00875507,0.010700641,0.008268677,0.009241463,0.016050962,0.011673427,0.007782285,0.007782285,0.01215982,0.010700641,0.017996533,0.009241463,0.016050962,0.010700641,0.013618998,0.011187034,0.014105391,0.013132605,0.01751014,0.014105391,0.022860461,0.013618998,0.01215982,0.009727856,0.015078176,0.00875507,0.011673427,0.009727856,0.012646213,0.002918357,0.008268677,0.006323106,0.009727856,0.005836713,0.013132605,0.010700641,0.017023748,0.009241463,0.00875507,0.006809499,0.010214249,0.003891142,0.168722087,0.128926725,0
0.008142747,0.011974627,0.013890568,0.013411583,0.010058687,0.009100717,0.012453612,0.009100717,0.014848538,0.017722448,0.011974627,0.011016657,0.009100717,0.005747821,0.012932597,0.007184776,0.009579702,0.009579702,0.013411583,0.006226806,0.007184776,0.007663761,0.008621732,0.010537672,0.008142747,0.008621732,0.015806508,0.011974627,0.008142747,0.007663761,0.011974627,0.009579702,0.017722448,0.009579702,0.015806508,0.011495642,0.013411583,0.011016657,0.013890568,0.012453612,0.016764478,0.013890568,0.023470269,0.013890568,0.011495642,0.009579702,0.015806508,0.009100717,0.011974627,0.009579702,0.012453612,0.003352896,0.008142747,0.006226806,0.009579702,0.005268836,0.014848538,0.010537672,0.016764478,0.009100717,0.008621732,0.006226806,0.011016657,0.004310866,0.169369796,0.129875015,0
0.009628326,0.012035408,0.01444249,0.012998241,0.010109743,0.00914691,0.012516824,0.00914691,0.014923906,0.017812404,0.012035408,0.011072575,0.008184077,0.005776996,0.012516824,0.006739828,0.009628326,0.009628326,0.013479657,0.006258412,0.007221245,0.007702661,0.008665494,0.010591159,0.008184077,0.008665494,0.015886739,0.012035408,0.007702661,0.007702661,0.012035408,0.010109743,0.01829382,0.009628326,0.015405322,0.010591159,0.013479657,0.011072575,0.013961073,0.012516824,0.017330988,0.013961073,0.0235894,0.013961073,0.012035408,0.009628326,0.015405322,0.00914691,0.011553992,0.009628326,0.012516824,0.002888498,0.008184077,0.006258412,0.009628326,0.00529558,0.013479657,0.010591159,0.017330988,0.00914691,0.008665494,0.006258412,0.011072575,0.005776996,0.168129261,0.129002912,0
0.008513774,0.013521876,0.013521876,0.012520256,0.008513774,0.010016204,0.011518635,0.011518635,0.016025927,0.015525117,0.013521876,0.010517015,0.007011343,0.006009723,0.012520256,0.007011343,0.009014584,0.008513774,0.014523496,0.006009723,0.008012964,0.008012964,0.009014584,0.011518635,0.008012964,0.009515394,0.017528358,0.012019445,0.006510533,0.008513774,0.011518635,0.011518635,0.019030788,0.009014584,0.017528358,0.011017825,0.014022686,0.012019445,0.015024307,0.009515394,0.019531599,0.015024307,0.025040511,0.013021066,0.011518635,0.010517015,0.015024307,0.007512153,0.011518635,0.010517015,0.009515394,0.003004861,0.007512153,0.006510533,0.011518635,0.005508912,0.013021066,0.010517015,0.016526737,0.009515394,0.009515394,0.006009723,0.010517015,0.003505672,0.166043457,0.127313319,0
0.008752809,0.012156679,0.014101747,0.011670411,0.009239076,0.010697877,0.011670411,0.01021161,0.015560549,0.015560549,0.014101747,0.011184144,0.00680774,0.006321473,0.011670411,0.007294007,0.007780274,0.01021161,0.015074281,0.006321473,0.007780274,0.007780274,0.009239076,0.012156679,0.008752809,0.008266541,0.017991884,0.010697877,0.00680774,0.007294007,0.011184144,0.011184144,0.018478152,0.009239076,0.017505617,0.010697877,0.015560549,0.012156679,0.01361548,0.009239076,0.019450686,0.015560549,0.024799624,0.01361548,0.010697877,0.009239076,0.017505617,0.008266541,0.011670411,0.01021161,0.009725343,0.00340387,0.00680774,0.006321473,0.011184144,0.004862671,0.012156679,0.011184144,0.016533083,0.01021161,0.010697877,0.006321473,0.009725343,0.003890137,0.166848659,0.127091447,0
0.008523578,0.013537447,0.013537447,0.012534673,0.008523578,0.009526351,0.011531899,0.011531899,0.016044381,0.016545768,0.013537447,0.010529125,0.007019417,0.006016643,0.012534673,0.00651803,0.009024965,0.008523578,0.014540221,0.006016643,0.007520804,0.008022191,0.009024965,0.011531899,0.008523578,0.008523578,0.017548542,0.012033286,0.00651803,0.008523578,0.011531899,0.011030512,0.019052703,0.009024965,0.018049929,0.010529125,0.014540221,0.012033286,0.014540221,0.009024965,0.019052703,0.015041608,0.025069346,0.01303606,0.011531899,0.010529125,0.015041608,0.008523578,0.011531899,0.010027738,0.010027738,0.003008322,0.007520804,0.00651803,0.011531899,0.005515256,0.01303606,0.010027738,0.016044381,0.010529125,0.009526351,0.006016643,0.010529125,0.004512482,0.165655577,0.127388866,0
0.007671849,0.011507773,0.013425735,0.011987264,0.010069301,0.010548792,0.011987264,0.008151339,0.013425735,0.016302678,0.012466754,0.011028282,0.006712868,0.006712868,0.012466754,0.007192358,0.008151339,0.010548792,0.012946245,0.008151339,0.00911032,0.008151339,0.00863083,0.011507773,0.009589811,0.00911032,0.019179622,0.010548792,0.007671849,0.006233377,0.010069301,0.010548792,0.01774115,0.010069301,0.014864207,0.011507773,0.013905226,0.011987264,0.016782169,0.010069301,0.019179622,0.016782169,0.025412999,0.013905226,0.010069301,0.00911032,0.018700131,0.008151339,0.011028282,0.00863083,0.011987264,0.001438472,0.006712868,0.006712868,0.011028282,0.004794905,0.012466754,0.010548792,0.01774115,0.010548792,0.00863083,0.007192358,0.010069301,0.004315415,0.16773563,0.128372256,0
0.007349402,0.013320791,0.012402115,0.012402115,0.011024103,0.009186752,0.01148344,0.010105427,0.015617479,0.016076816,0.012861453,0.00964609,0.007808739,0.006430726,0.014698803,0.007349402,0.00964609,0.00964609,0.015158141,0.006890064,0.007808739,0.006890064,0.008268077,0.01148344,0.007808739,0.007808739,0.015158141,0.011024103,0.006890064,0.007808739,0.012402115,0.00964609,0.016995491,0.009186752,0.016076816,0.013780128,0.012861453,0.01148344,0.012402115,0.011024103,0.017914167,0.013320791,0.023885555,0.015617479,0.011942778,0.00964609,0.014698803,0.00964609,0.01148344,0.00964609,0.010105427,0.003215363,0.00964609,0.006890064,0.00964609,0.004134038,0.014698803,0.010564765,0.018832842,0.00964609,0.008268077,0.006430726,0.011942778,0.005512051,0.167304371,0.129449757,0
0.008511992,0.013519046,0.014019751,0.012517635,0.009012697,0.009513403,0.011516224,0.011516224,0.016022573,0.016022573,0.013018341,0.010514814,0.007009876,0.006008465,0.013018341,0.007009876,0.009513403,0.008511992,0.014520457,0.00650917,0.008011287,0.008011287,0.009012697,0.011516224,0.008511992,0.008511992,0.017524689,0.011516224,0.00650917,0.008511992,0.011516224,0.011015519,0.019026806,0.009012697,0.018025395,0.011015519,0.014520457,0.01201693,0.014019751,0.009012697,0.019527511,0.014520457,0.024534565,0.013018341,0.011516224,0.010514814,0.015021162,0.008011287,0.011516224,0.010014108,0.009513403,0.003004232,0.007510581,0.007009876,0.011516224,0.005507759,0.013018341,0.010514814,0.016523278,0.010014108,0.009012697,0.00650917,0.010514814,0.004506349,0.165492875,0.127010382,0
0.008897823,0.013346735,0.015571191,0.012012061,0.009787606,0.010232497,0.012456953,0.008452932,0.0151263,0.0151263,0.014236517,0.011122279,0.006228476,0.007118259,0.012901844,0.007118259,0.009342714,0.009342714,0.012901844,0.007118259,0.008008041,0.008008041,0.009342714,0.011122279,0.008897823,0.008897823,0.014236517,0.012012061,0.00756315,0.007118259,0.012012061,0.009342714,0.019575211,0.008897823,0.015571191,0.011122279,0.012012061,0.01156717,0.012456953,0.01156717,0.016905864,0.012901844,0.024024123,0.0151263,0.012012061,0.010677388,0.016016082,0.009342714,0.012012061,0.009342714,0.01156717,0.003114238,0.008897823,0.006673367,0.009787606,0.004893803,0.014236517,0.010677388,0.016460973,0.009787606,0.010232497,0.005338694,0.010232497,0.007118259,0.166683396,0.128164111,0
0.009027107,0.012352884,0.016628882,0.009502218,0.009977329,0.009027107,0.014253328,0.008551997,0.010927551,0.018054215,0.012827995,0.012827995,0.005701331,0.005701331,0.01045244,0.006651553,0.011402662,0.010927551,0.014253328,0.006176442,0.009027107,0.008551997,0.01045244,0.010927551,0.007601775,0.012352884,0.014728439,0.012827995,0.007601775,0.009027107,0.012827995,0.009027107,0.01567866,0.009027107,0.014253328,0.010927551,0.014253328,0.01567866,0.012827995,0.013778217,0.01567866,0.017103993,0.022330213,0.014728439,0.01045244,0.009977329,0.016628882,0.008076886,0.011402662,0.009502218,0.009027107,0.001900444,0.009502218,0.005701331,0.009977329,0.005701331,0.01567866,0.009027107,0.019954659,0.004751109,0.008076886,0.006176442,0.009502218,0.006651553,0.165927729,0.129957888,0
0.009354028,0.012307931,0.015754152,0.009846345,0.009846345,0.00886171,0.014769517,0.00886171,0.010830979,0.017723421,0.012307931,0.012307931,0.005907807,0.00541549,0.010830979,0.006892441,0.011323297,0.010830979,0.014769517,0.006400124,0.009354028,0.009354028,0.010338662,0.009846345,0.008369393,0.013292566,0.014769517,0.011815614,0.007877076,0.00886171,0.012307931,0.00886171,0.015754152,0.009354028,0.0142772,0.010830979,0.014769517,0.015261835,0.013292566,0.013784883,0.015754152,0.017231104,0.023138911,0.0142772,0.009354028,0.009846345,0.016246469,0.008369393,0.011323297,0.009846345,0.008369393,0.001969269,0.009354028,0.00541549,0.009846345,0.00541549,0.015261835,0.00886171,0.020185007,0.00541549,0.008369393,0.005907807,0.009846345,0.006400124,0.166354304,0.130124353,0
0.009033819,0.012837532,0.016165782,0.009509283,0.009984747,0.009509283,0.014263925,0.008558355,0.010935676,0.017592174,0.012837532,0.012837532,0.00570557,0.00570557,0.010460212,0.006656498,0.01141114,0.010935676,0.014263925,0.006181034,0.009033819,0.009033819,0.010460212,0.010935676,0.008082891,0.012837532,0.014739389,0.012362068,0.007607427,0.009033819,0.012837532,0.009033819,0.015690317,0.009033819,0.014263925,0.010935676,0.014263925,0.015214853,0.013312997,0.013788461,0.016165782,0.01711671,0.023297744,0.014263925,0.010460212,0.009984747,0.015690317,0.008082891,0.01141114,0.009509283,0.009033819,0.001901857,0.009509283,0.00570557,0.009984747,0.00570557,0.014739389,0.009033819,0.019969495,0.004754642,0.008082891,0.006181034,0.009509283,0.006656498,0.165619901,0.12974221,0
0.009584276,0.011602018,0.016141938,0.010088711,0.00907984,0.009584276,0.014628632,0.008575405,0.010593147,0.017150809,0.012610889,0.013115325,0.006053227,0.005044356,0.011097583,0.007062098,0.011602018,0.010593147,0.014124196,0.006557662,0.010088711,0.010088711,0.010593147,0.009584276,0.007566534,0.01361976,0.014124196,0.012610889,0.008070969,0.008575405,0.012106454,0.00907984,0.015133067,0.00907984,0.014628632,0.010593147,0.015133067,0.015133067,0.012610889,0.01361976,0.016646374,0.015637503,0.022195165,0.01361976,0.009584276,0.011097583,0.016646374,0.008070969,0.011097583,0.010593147,0.008575405,0.002017742,0.008575405,0.006053227,0.010088711,0.006053227,0.014628632,0.010088711,0.019168552,0.005548791,0.008575405,0.006053227,0.009584276,0.006053227,0.16698511,0.129831704,0
0.010024397,0.013717596,0.015827995,0.010551997,0.008969197,0.007386398,0.014245196,0.008969197,0.012134796,0.017410795,0.011607196,0.011607196,0.006858798,0.006858798,0.012134796,0.007386398,0.012662396,0.009496797,0.013717596,0.006858798,0.009496797,0.011079597,0.009496797,0.008969197,0.007913998,0.011607196,0.014245196,0.012662396,0.007386398,0.009496797,0.012134796,0.008969197,0.014772796,0.007913998,0.015300395,0.013717596,0.014772796,0.015300395,0.012134796,0.013189996,0.015827995,0.017410795,0.023214393,0.012662396,0.009496797,0.008969197,0.015827995,0.007386398,0.012662396,0.008969197,0.007913998,0.002110399,0.009496797,0.005275998,0.010551997,0.006331198,0.015827995,0.008969197,0.020048794,0.004748399,0.007913998,0.006331198,0.009496797,0.008969197,0.165118484,0.12948053,0
0.009476491,0.012469067,0.015960406,0.009975254,0.009975254,0.008977728,0.014962881,0.008977728,0.010474016,0.017955457,0.012469067,0.012469067,0.005985152,0.004987627,0.010972779,0.006982678,0.011471542,0.010972779,0.014464118,0.006483915,0.009476491,0.009476491,0.010474016,0.009476491,0.008478966,0.013466593,0.014962881,0.011970304,0.007980203,0.008478966,0.011970304,0.008977728,0.015461643,0.009476491,0.013965355,0.010474016,0.014962881,0.015461643,0.013466593,0.013466593,0.015960406,0.016957931,0.023441846,0.014464118,0.009476491,0.009975254,0.016459169,0.007980203,0.011471542,0.009975254,0.008478966,0.001995051,0.008977728,0.004987627,0.009975254,0.00548639,0.014464118,0.008977728,0.019950507,0.004987627,0.008478966,0.005985152,0.009476491,0.005985152,0.16700619,0.130237185,0
0.009026427,0.011533768,0.017049917,0.009527895,0.010530831,0.008524959,0.01353964,0.009026427,0.011032299,0.017551385,0.013038172,0.013038172,0.006519086,0.005014682,0.011032299,0.006519086,0.012035236,0.010530831,0.01353964,0.006017618,0.00802349,0.010530831,0.012536704,0.009527895,0.008524959,0.015044045,0.015545513,0.011533768,0.00802349,0.009026427,0.011533768,0.007522022,0.015044045,0.009026427,0.015545513,0.012035236,0.014542577,0.016548449,0.01353964,0.011533768,0.016548449,0.015044045,0.021061663,0.015545513,0.009527895,0.010530831,0.016548449,0.009026427,0.011032299,0.010530831,0.008524959,0.001504404,0.009026427,0.005014682,0.011032299,0.00551615,0.015545513,0.009026427,0.018554322,0.00551615,0.007522022,0.006017618,0.009527895,0.006519086,0.166705106,0.129233603,0
0.011806326,0.01405515,0.016866179,0.008995296,0.00843309,0.007870884,0.013492944,0.010681914,0.01124412,0.016866179,0.01405515,0.013492944,0.007308678,0.005059854,0.01124412,0.007308678,0.012930738,0.00843309,0.013492944,0.006746472,0.00843309,0.008995296,0.009557502,0.009557502,0.007870884,0.01405515,0.01405515,0.010681914,0.007870884,0.008995296,0.012368532,0.009557502,0.014617356,0.009557502,0.016303974,0.012368532,0.016303974,0.01405515,0.012930738,0.012368532,0.017428385,0.015741768,0.020239415,0.013492944,0.008995296,0.010681914,0.016866179,0.007308678,0.012368532,0.00843309,0.008995296,0.00281103,0.00843309,0.00562206,0.010681914,0.006184266,0.016303974,0.00843309,0.018552797,0.006184266,0.008995296,0.006184266,0.008995296,0.006184266,0.165309733,0.129683964,0
0.008557475,0.013311627,0.016164119,0.00903289,0.009508305,0.00998372,0.013311627,0.00903289,0.00998372,0.016639534,0.014262458,0.013311627,0.005704983,0.006180398,0.010934551,0.006655814,0.011885381,0.010934551,0.013787042,0.006180398,0.008557475,0.00998372,0.010459136,0.010934551,0.008082059,0.012836212,0.013787042,0.012360797,0.008082059,0.009508305,0.013311627,0.008082059,0.014737873,0.008082059,0.014737873,0.011885381,0.014262458,0.014262458,0.013311627,0.013787042,0.016164119,0.017114949,0.022344517,0.014262458,0.010934551,0.00998372,0.015213288,0.008557475,0.011885381,0.009508305,0.00903289,0.002377076,0.010459136,0.005704983,0.00998372,0.005229568,0.015213288,0.00903289,0.019492025,0.004754153,0.008557475,0.005704983,0.00903289,0.006655814,0.166008041,0.130377386,0
0.010264411,0.013343735,0.015396617,0.00923797,0.009751191,0.00872475,0.014883397,0.00923797,0.011290853,0.016936279,0.012830514,0.012317294,0.006158647,0.006158647,0.011804073,0.006671867,0.011804073,0.010777632,0.013343735,0.006671867,0.00872475,0.010264411,0.010777632,0.010264411,0.007698309,0.013343735,0.014370176,0.012317294,0.007185088,0.010264411,0.012317294,0.00872475,0.014370176,0.00872475,0.016423058,0.012830514,0.014370176,0.014883397,0.011804073,0.013856955,0.016423058,0.016423058,0.019502382,0.013856955,0.009751191,0.009751191,0.015909838,0.008211529,0.011804073,0.009751191,0.008211529,0.002052882,0.009751191,0.006158647,0.010264411,0.005645426,0.016936279,0.008211529,0.019502382,0.005132206,0.00872475,0.005645426,0.00923797,0.006671867,0.166170011,0.129178145,0
0.008821964,0.013232946,0.015683491,0.0107824,0.011272509,0.0107824,0.013232946,0.011272509,0.011272509,0.0161736,0.012252727,0.010292291,0.0053912,0.007351636,0.011272509,0.005881309,0.0107824,0.011272509,0.013723055,0.006861527,0.010292291,0.008331855,0.010292291,0.011762618,0.0107824,0.010292291,0.016663709,0.009802182,0.007351636,0.0053912,0.012742837,0.009802182,0.019114255,0.0107824,0.013232946,0.0107824,0.015683491,0.013723055,0.012252727,0.009312073,0.020584582,0.014213164,0.024995564,0.016663709,0.0107824,0.009312073,0.0161736,0.008821964,0.009802182,0.011272509,0.007351636,0.001470327,0.004901091,0.007841746,0.011762618,0.002940655,0.011272509,0.010292291,0.022545019,0.008821964,0.006371418,0.0053912,0.012742837,0.004901091,0.165371504,0.127401068,0
0.007767897,0.013251119,0.0169066,0.010052573,0.010966443,0.010509508,0.012794184,0.010509508,0.011423379,0.015535795,0.013708054,0.011423379,0.005483222,0.008681768,0.010966443,0.005026287,0.010509508,0.010966443,0.013708054,0.005940157,0.009595638,0.006397092,0.009595638,0.013251119,0.010052573,0.010052573,0.01599273,0.010966443,0.007767897,0.006397092,0.013708054,0.009138703,0.019191276,0.009595638,0.013251119,0.011880314,0.014621925,0.013251119,0.012794184,0.010052573,0.020105146,0.01507886,0.021932887,0.0169066,0.012337249,0.010052573,0.016449665,0.008224833,0.010509508,0.010966443,0.008224833,0.002284676,0.005940157,0.008681768,0.011880314,0.003198546,0.012337249,0.010052573,0.022389822,0.007767897,0.005940157,0.004569351,0.011423379,0.004112416,0.166064002,0.128885068,0
0.009574043,0.013829174,0.01648863,0.010637826,0.010105935,0.011701609,0.013297282,0.011169717,0.011701609,0.01648863,0.013297282,0.010105935,0.005318913,0.007446478,0.011169717,0.006382696,0.011169717,0.010637826,0.014361065,0.005850804,0.011701609,0.007978369,0.009574043,0.012765391,0.010105935,0.011169717,0.014361065,0.010105935,0.007446478,0.005318913,0.013829174,0.009042152,0.019148087,0.010637826,0.0122335,0.011701609,0.014361065,0.014361065,0.0122335,0.008510261,0.020743761,0.0122335,0.022339434,0.01648863,0.0122335,0.009574043,0.013829174,0.010105935,0.010637826,0.011169717,0.008510261,0.002127565,0.005850804,0.007978369,0.010637826,0.003191348,0.011169717,0.009574043,0.021807543,0.009042152,0.007446478,0.005318913,0.0122335,0.003723239,0.165464311,0.129247829,0
0.009689514,0.013679314,0.017099142,0.011399428,0.009119542,0.010259485,0.013679314,0.011969399,0.011969399,0.016529171,0.013109342,0.010259485,0.005699714,0.0079796,0.011399428,0.006839657,0.011969399,0.008549571,0.014249285,0.005699714,0.010259485,0.0079796,0.009119542,0.011969399,0.010829457,0.010829457,0.014249285,0.011399428,0.008549571,0.005699714,0.014249285,0.007409628,0.019379028,0.010829457,0.011969399,0.012539371,0.015389228,0.012539371,0.013109342,0.009119542,0.019948999,0.013109342,0.02051897,0.016529171,0.011969399,0.010259485,0.014819256,0.008549571,0.010259485,0.011969399,0.008549571,0.002279886,0.005699714,0.009119542,0.011399428,0.002849857,0.011969399,0.009689514,0.022228885,0.007409628,0.006839657,0.005129743,0.010829457,0.003419828,0.166329116,0.129756207,0
0.009175174,0.012555501,0.015452924,0.011106789,0.010623885,0.010140981,0.013521308,0.010623885,0.012072597,0.017384539,0.012555501,0.010140981,0.00627775,0.007726462,0.011589693,0.005794846,0.010623885,0.009658077,0.016418732,0.006760654,0.010140981,0.007243558,0.009175174,0.012072597,0.010623885,0.009658077,0.014487116,0.011589693,0.008209366,0.007726462,0.014004212,0.007243558,0.018833251,0.010623885,0.012072597,0.011106789,0.015452924,0.013038405,0.012555501,0.010623885,0.019316155,0.014004212,0.022696482,0.015935828,0.012072597,0.010623885,0.014004212,0.00869227,0.009658077,0.012072597,0.008209366,0.002414519,0.007243558,0.008209366,0.011106789,0.003863231,0.011106789,0.010623885,0.021730674,0.007726462,0.005794846,0.004346135,0.011589693,0.003863231,0.166865753,0.129543302,0
0.008955268,0.014611227,0.016025217,0.009426598,0.010840588,0.009897928,0.013197238,0.012725908,0.011311918,0.016025217,0.013668568,0.010840588,0.005184629,0.006598619,0.011783248,0.004241969,0.010369258,0.011783248,0.013197238,0.005655959,0.009426598,0.007541279,0.009897928,0.011783248,0.010369258,0.010840588,0.015082557,0.010840588,0.008012609,0.006598619,0.014139897,0.009897928,0.019324527,0.009897928,0.013197238,0.010369258,0.015082557,0.014139897,0.012725908,0.009897928,0.018381867,0.014139897,0.022623836,0.017439207,0.012725908,0.009897928,0.016025217,0.008483938,0.010369258,0.010369258,0.008955268,0.00235665,0.005655959,0.007069949,0.011311918,0.004241969,0.012725908,0.010840588,0.021681176,0.008012609,0.006127289,0.005184629,0.011311918,0.003770639,0.166588622,0.128301823,0
0.008409456,0.01401576,0.01635172,0.009811032,0.011212608,0.010745416,0.013548568,0.010745416,0.0116798,0.015417336,0.013081376,0.0116798,0.005139112,0.007475072,0.0116798,0.005606304,0.010278224,0.010745416,0.01401576,0.006540688,0.009811032,0.008409456,0.00934384,0.012146992,0.010278224,0.010278224,0.015417336,0.010278224,0.007942264,0.005139112,0.013548568,0.008876648,0.019154871,0.010278224,0.013081376,0.011212608,0.014950144,0.013548568,0.012146992,0.00934384,0.019622063,0.01401576,0.021490831,0.017753295,0.012614184,0.009811032,0.01635172,0.008409456,0.010745416,0.011212608,0.007942264,0.00233596,0.005606304,0.00700788,0.0116798,0.003270344,0.012146992,0.010278224,0.022892407,0.007475072,0.006540688,0.005139112,0.011212608,0.005139112,0.166543425,0.129398252,0
0.00827032,0.012864943,0.016540641,0.010567631,0.010567631,0.010108169,0.013324405,0.010108169,0.011486556,0.015162254,0.01240548,0.011486556,0.005054085,0.007810858,0.011027094,0.005973009,0.010567631,0.011486556,0.012864943,0.005973009,0.009189245,0.007810858,0.010567631,0.011946018,0.011027094,0.010108169,0.016540641,0.011027094,0.006432471,0.006432471,0.014702792,0.008729783,0.019297414,0.010108169,0.013783867,0.011486556,0.015162254,0.014702792,0.013324405,0.009189245,0.019756876,0.016081178,0.022054187,0.016540641,0.011027094,0.009648707,0.017459565,0.008729783,0.010108169,0.009648707,0.007351396,0.001837849,0.005973009,0.006891934,0.011486556,0.005054085,0.01240548,0.011027094,0.023432574,0.007810858,0.006432471,0.005513547,0.011027094,0.00413516,0.165385627,0.127961453,0
0.011943536,0.012462821,0.016617094,0.010904968,0.0098664,0.010904968,0.010904968,0.010904968,0.011424252,0.01609781,0.012982105,0.009347115,0.004673558,0.007269979,0.011424252,0.007789263,0.010904968,0.010385684,0.014020673,0.005712126,0.010904968,0.0098664,0.011424252,0.012982105,0.009347115,0.010385684,0.015578526,0.010904968,0.007789263,0.005712126,0.012982105,0.008308547,0.019213515,0.0098664,0.010904968,0.011943536,0.014539957,0.015578526,0.011943536,0.008308547,0.019213515,0.014020673,0.023367789,0.017655663,0.012462821,0.009347115,0.014539957,0.009347115,0.010385684,0.0098664,0.008308547,0.002596421,0.005712126,0.008827831,0.011943536,0.002596421,0.011943536,0.0098664,0.021809936,0.007789263,0.00623141,0.006750695,0.012462821,0.005712126,0.163390414,0.128825232,0
0.009737744,0.013174595,0.017184254,0.012028978,0.009164935,0.010310552,0.012601786,0.011456169,0.012028978,0.016038637,0.013174595,0.009737744,0.005155276,0.008592127,0.013174595,0.00744651,0.012028978,0.008019319,0.013747403,0.006873702,0.010310552,0.00744651,0.009737744,0.012028978,0.011456169,0.010883361,0.014320212,0.010310552,0.008019319,0.005728085,0.013747403,0.00744651,0.020048296,0.010883361,0.011456169,0.013174595,0.015465829,0.013174595,0.013174595,0.008019319,0.020621105,0.012601786,0.021193913,0.016611446,0.011456169,0.010310552,0.014320212,0.008019319,0.010310552,0.011456169,0.008592127,0.002291234,0.005728085,0.009164935,0.011456169,0.003436851,0.011456169,0.010310552,0.02233953,0.00744651,0.00744651,0.005155276,0.010310552,0.004009659,0.165644708,0.129800876,0
0.009837983,0.011313681,0.014756975,0.01180558,0.009346084,0.010329883,0.014756975,0.010329883,0.014265076,0.015740773,0.012297479,0.011313681,0.007378488,0.00590279,0.014265076,0.00590279,0.010329883,0.008854185,0.012789378,0.007378488,0.007870387,0.008854185,0.008854185,0.009346084,0.009346084,0.009837983,0.014756975,0.012297479,0.008854185,0.006394689,0.010329883,0.010329883,0.016232673,0.011313681,0.014756975,0.010329883,0.014756975,0.010821782,0.012297479,0.012297479,0.018200269,0.012297479,0.020659765,0.013281278,0.013281278,0.008854185,0.016232673,0.008362286,0.011313681,0.013281278,0.011313681,0.003935193,0.007378488,0.004918992,0.010821782,0.003935193,0.010821782,0.012297479,0.016724572,0.009837983,0.010329883,0.005410891,0.008854185,0.008362286,0.173083477,0.127435908,0
0.011409998,0.012402171,0.015874779,0.012402171,0.009921737,0.008929563,0.013890432,0.011409998,0.014386519,0.014882606,0.012402171,0.011906085,0.006945216,0.005953042,0.013890432,0.006449129,0.010417824,0.008929563,0.011906085,0.007441303,0.007441303,0.00793739,0.00942565,0.009921737,0.008929563,0.00942565,0.015378693,0.011906085,0.008433477,0.006945216,0.010417824,0.010913911,0.016866953,0.011906085,0.015378693,0.010417824,0.013890432,0.011906085,0.011906085,0.010417824,0.019843474,0.012898258,0.021331735,0.012898258,0.013394345,0.00942565,0.015378693,0.00793739,0.013394345,0.011409998,0.010417824,0.002976521,0.006945216,0.005953042,0.010417824,0.004960869,0.011409998,0.010913911,0.017859127,0.00942565,0.00942565,0.005953042,0.009921737,0.006945216,0.169569807,0.127475115,0
0.011246286,0.011735255,0.014669069,0.012713193,0.00929041,0.00929041,0.013691131,0.011246286,0.0141801,0.014669069,0.011735255,0.011735255,0.005867627,0.005867627,0.0141801,0.006845565,0.010268348,0.008801441,0.012224224,0.007334534,0.007823503,0.007823503,0.00929041,0.00929041,0.008801441,0.009779379,0.015158038,0.011735255,0.008801441,0.006845565,0.010757317,0.009779379,0.016624944,0.011735255,0.014669069,0.010268348,0.013691131,0.011735255,0.012224224,0.011246286,0.01858082,0.013202162,0.022981541,0.0141801,0.013202162,0.008801441,0.016624944,0.008801441,0.012713193,0.011246286,0.010757317,0.002444845,0.007823503,0.005378659,0.010268348,0.004400721,0.011735255,0.010757317,0.019069789,0.009779379,0.00929041,0.006356596,0.009779379,0.007823503,0.169241098,0.129088452,0
0.011612665,0.012096527,0.014515832,0.013064249,0.009677221,0.00919336,0.014031971,0.011128804,0.014031971,0.015483554,0.011612665,0.012096527,0.005806333,0.005806333,0.014031971,0.007257916,0.010161082,0.008709499,0.012580388,0.007257916,0.007741777,0.007741777,0.00919336,0.009677221,0.008709499,0.00919336,0.014999693,0.012580388,0.008709499,0.006774055,0.010644943,0.010161082,0.016451276,0.011128804,0.014999693,0.010161082,0.01354811,0.011612665,0.011612665,0.011612665,0.019354442,0.012580388,0.022257609,0.013064249,0.01354811,0.009677221,0.015483554,0.008225638,0.013064249,0.012096527,0.011128804,0.002419305,0.007741777,0.005806333,0.010644943,0.00435475,0.010644943,0.011128804,0.017902859,0.00919336,0.010644943,0.006290194,0.008709499,0.007741777,0.169804304,0.12908102,0
0.0103073,0.013118382,0.015929464,0.012181354,0.009838786,0.009370273,0.013118382,0.011712841,0.014055409,0.014523923,0.012649868,0.012181354,0.005622164,0.006090677,0.014055409,0.006559191,0.011244327,0.008433245,0.012181354,0.007496218,0.007496218,0.007496218,0.008901759,0.009370273,0.007964732,0.009370273,0.014992436,0.011244327,0.008433245,0.007027705,0.011244327,0.010775814,0.015929464,0.011244327,0.014523923,0.0103073,0.014523923,0.011244327,0.011244327,0.012181354,0.018272032,0.014523923,0.021083114,0.014055409,0.014055409,0.008901759,0.01546095,0.008433245,0.014055409,0.011244327,0.0103073,0.002342568,0.007496218,0.005622164,0.0103073,0.004216623,0.011712841,0.010775814,0.019209059,0.009370273,0.009838786,0.005622164,0.0103073,0.007964732,0.169304713,0.129330376,0
0.008923755,0.012681125,0.015499153,0.011741782,0.010332768,0.009863097,0.012681125,0.009863097,0.015968824,0.015029481,0.011272111,0.011741782,0.005636056,0.005166384,0.015029481,0.007514741,0.010332768,0.008923755,0.013150796,0.008923755,0.007984412,0.007984412,0.008454083,0.010332768,0.007514741,0.01080244,0.015029481,0.009393426,0.007984412,0.006575398,0.012681125,0.009393426,0.015968824,0.011272111,0.015968824,0.01080244,0.015499153,0.011272111,0.012211454,0.012681125,0.017847509,0.014090139,0.021135208,0.01455981,0.011741782,0.007984412,0.016908167,0.008923755,0.013620468,0.009863097,0.008923755,0.001878685,0.007514741,0.005636056,0.009393426,0.00375737,0.012681125,0.011741782,0.020195866,0.010332768,0.008923755,0.006575398,0.010332768,0.007984412,0.168849843,0.128521902,0
0.011365547,0.011859701,0.01531878,0.012353855,0.010377238,0.00938893,0.014330472,0.010871393,0.014330472,0.015812935,0.012353855,0.011365547,0.006918159,0.005929851,0.014330472,0.005929851,0.010377238,0.008894776,0.012353855,0.007412313,0.007906467,0.007906467,0.00938893,0.00938893,0.008894776,0.00938893,0.01531878,0.012353855,0.008400622,0.006918159,0.010377238,0.010377238,0.016307089,0.011859701,0.01531878,0.009883084,0.013836318,0.011859701,0.011859701,0.011365547,0.019272014,0.012848009,0.021248631,0.013342164,0.013342164,0.008894776,0.01531878,0.008894776,0.012848009,0.011859701,0.010871393,0.003459079,0.006918159,0.005435696,0.010377238,0.004447388,0.010871393,0.010871393,0.017789552,0.00938893,0.010377238,0.005435696,0.008894776,0.007412313,0.170960879,0.127834298,0
0.011525879,0.012528129,0.01553488,0.012528129,0.010022503,0.008519128,0.013029254,0.011525879,0.01453263,0.01553488,0.012027004,0.012528129,0.006514627,0.006013502,0.014031505,0.006013502,0.011024754,0.008018003,0.012528129,0.007015752,0.007015752,0.008018003,0.009521378,0.010022503,0.009020253,0.009020253,0.015033755,0.012027004,0.009020253,0.007015752,0.010523628,0.010523628,0.01653713,0.012027004,0.01553488,0.010022503,0.01453263,0.012528129,0.012027004,0.011024754,0.019543881,0.013029254,0.022049507,0.012027004,0.013029254,0.009020253,0.016036005,0.008018003,0.013029254,0.011024754,0.011024754,0.003006751,0.007015752,0.005512377,0.010523628,0.004510126,0.011024754,0.012528129,0.017539381,0.009521378,0.009521378,0.005512377,0.009521378,0.007015752,0.169444635,0.127977884,0
0.011554648,0.012517535,0.015406197,0.012036092,0.010110317,0.008665986,0.013961866,0.012036092,0.013961866,0.014924754,0.012517535,0.012036092,0.006258768,0.005777324,0.013480423,0.006258768,0.010591761,0.00914743,0.012036092,0.007221655,0.007221655,0.007703099,0.00914743,0.00914743,0.008665986,0.009628873,0.015406197,0.011554648,0.008665986,0.007703099,0.010591761,0.010591761,0.016369085,0.011554648,0.014924754,0.009628873,0.013961866,0.011554648,0.012036092,0.012517535,0.018776303,0.01444331,0.020702078,0.012998979,0.012998979,0.008665986,0.015406197,0.008665986,0.012998979,0.011554648,0.011073204,0.002888662,0.007703099,0.00529588,0.010110317,0.004332993,0.011073204,0.011073204,0.018294859,0.00914743,0.010591761,0.00529588,0.010110317,0.007703099,0.169892633,0.129125384,0
0.011021744,0.012459362,0.0153346,0.012459362,0.010542537,0.009104919,0.013896981,0.01150095,0.013417775,0.014855394,0.012459362,0.01150095,0.005750475,0.005750475,0.014376187,0.006708887,0.010542537,0.009104919,0.011980156,0.0076673,0.008146506,0.0076673,0.008625712,0.009104919,0.008625712,0.009104919,0.0153346,0.01150095,0.008625712,0.006708887,0.011021744,0.010542537,0.016293012,0.011980156,0.014376187,0.009584125,0.013417775,0.01150095,0.011980156,0.011980156,0.018689043,0.013896981,0.022522693,0.013896981,0.013417775,0.008625712,0.015813806,0.008625712,0.013417775,0.01150095,0.010542537,0.002396031,0.007188094,0.005271269,0.010063331,0.004312856,0.01150095,0.011021744,0.018689043,0.009584125,0.010063331,0.005750475,0.010063331,0.0076673,0.169877473,0.129043793,0
0.010608707,0.012200013,0.015382626,0.010608707,0.011139143,0.009547837,0.012730449,0.009547837,0.015913061,0.012730449,0.014321755,0.011669578,0.005304354,0.005304354,0.011669578,0.010078272,0.010608707,0.009547837,0.012730449,0.00689566,0.00689566,0.010078272,0.012200013,0.010608707,0.00795653,0.012200013,0.013791319,0.011669578,0.011669578,0.007426095,0.012200013,0.00689566,0.016443496,0.010608707,0.01485219,0.012730449,0.01485219,0.011669578,0.011139143,0.011669578,0.018565238,0.014321755,0.020686979,0.013260884,0.010078272,0.010078272,0.013791319,0.010608707,0.011139143,0.010608707,0.011669578,0.002121741,0.00689566,0.008486966,0.009547837,0.006365224,0.012200013,0.010078272,0.018565238,0.00795653,0.008486966,0.008486966,0.010608707,0.004243483,0.165573096,0.129478307,0
0.010380064,0.011937074,0.01453209,0.009861061,0.01141807,0.010380064,0.012456077,0.008304051,0.015051093,0.011937074,0.016608102,0.010899067,0.005709035,0.005709035,0.01141807,0.009861061,0.010380064,0.009342058,0.013494083,0.007266045,0.007785048,0.009342058,0.011937074,0.010899067,0.008304051,0.013494083,0.01453209,0.010899067,0.010380064,0.007785048,0.01297508,0.006747042,0.015051093,0.010380064,0.015570096,0.013494083,0.015051093,0.01141807,0.012456077,0.011937074,0.019203118,0.015570096,0.021279131,0.013494083,0.009861061,0.009861061,0.01297508,0.010899067,0.010899067,0.010899067,0.010899067,0.00155701,0.006228038,0.008823054,0.010380064,0.006747042,0.011937074,0.009861061,0.017646109,0.008304051,0.008304051,0.008823054,0.010380064,0.004152026,0.165406819,0.128229823,0
0.010897064,0.01193488,0.014010511,0.009859248,0.011415972,0.010378156,0.01193488,0.008302525,0.015048326,0.012453787,0.016086142,0.010897064,0.005707986,0.005707986,0.011415972,0.009859248,0.009859248,0.00934034,0.014010511,0.007264709,0.007783617,0.00934034,0.01193488,0.010897064,0.008302525,0.013491603,0.014010511,0.010897064,0.010378156,0.007783617,0.012972695,0.007264709,0.015048326,0.010378156,0.015567234,0.013491603,0.015048326,0.011415972,0.012453787,0.012453787,0.019199589,0.015048326,0.020756312,0.013491603,0.009859248,0.009859248,0.012972695,0.010897064,0.010897064,0.010897064,0.010897064,0.002075631,0.006226894,0.008821433,0.010378156,0.006745801,0.01193488,0.009859248,0.017642865,0.008302525,0.008821433,0.008821433,0.010378156,0.003632355,0.165716478,0.128568908,0
0.010092178,0.012110613,0.015138267,0.010092178,0.011606005,0.010092178,0.012110613,0.008578351,0.014633658,0.012615222,0.016147485,0.011101396,0.005550698,0.005550698,0.011101396,0.009587569,0.010596787,0.00908296,0.01362444,0.007064525,0.007569133,0.009587569,0.011606005,0.010596787,0.008578351,0.013119831,0.014129049,0.011101396,0.010092178,0.007569133,0.013119831,0.007064525,0.015138267,0.010596787,0.015138267,0.013119831,0.014633658,0.011101396,0.012615222,0.012110613,0.018670529,0.015138267,0.021193574,0.014633658,0.010596787,0.010596787,0.013119831,0.010596787,0.011606005,0.010596787,0.011101396,0.001513827,0.006559916,0.008578351,0.010596787,0.006559916,0.012110613,0.009587569,0.017661311,0.008073742,0.008578351,0.008578351,0.010092178,0.004036871,0.165434985,0.12912178,0
0.009704393,0.012615711,0.016012248,0.010189613,0.011160052,0.009704393,0.01358615,0.009219173,0.015041809,0.012615711,0.016012248,0.012615711,0.006793075,0.004852196,0.011645272,0.009219173,0.010674832,0.009219173,0.012130491,0.006307855,0.007278295,0.007278295,0.009704393,0.010674832,0.007763514,0.011160052,0.012615711,0.011645272,0.011645272,0.007763514,0.012130491,0.008248734,0.015527029,0.010189613,0.014556589,0.011645272,0.01407137,0.010674832,0.011645272,0.01358615,0.016497468,0.016012248,0.018438347,0.01407137,0.011645272,0.009704393,0.01310093,0.010189613,0.012615711,0.011645272,0.01310093,0.004366977,0.005822636,0.007763514,0.008248734,0.006307855,0.012615711,0.010189613,0.017953127,0.006307855,0.011645272,0.005822636,0.010189613,0.005337416,0.169648572,0.131635137,0
0.010048346,0.01105318,0.015574936,0.010048346,0.01105318,0.009545928,0.013062849,0.009545928,0.014570101,0.013062849,0.016077353,0.012058015,0.007033842,0.005024173,0.012058015,0.009043511,0.010048346,0.009545928,0.012058015,0.006531425,0.007033842,0.007536259,0.010550763,0.010550763,0.008038677,0.01105318,0.013565267,0.011555598,0.012058015,0.007536259,0.011555598,0.008541094,0.014570101,0.010550763,0.014570101,0.012058015,0.014570101,0.01105318,0.011555598,0.013062849,0.017082188,0.015574936,0.019594274,0.014067684,0.01105318,0.009545928,0.013565267,0.010048346,0.012058015,0.012058015,0.013565267,0.004521756,0.00552659,0.007536259,0.008541094,0.006531425,0.012058015,0.010550763,0.017082188,0.006531425,0.012058015,0.006029007,0.009545928,0.005024173,0.170126478,0.131513491,0
0.010441353,0.01096342,0.014617894,0.010441353,0.01096342,0.010441353,0.012007556,0.00887515,0.015662029,0.012529623,0.014617894,0.012007556,0.005742744,0.005220676,0.013051691,0.009397218,0.009397218,0.009397218,0.013573759,0.007831015,0.008353082,0.009919285,0.010441353,0.011485488,0.008353082,0.011485488,0.012007556,0.011485488,0.01096342,0.007831015,0.013051691,0.007308947,0.015139962,0.01096342,0.015139962,0.013051691,0.014095826,0.012007556,0.011485488,0.012007556,0.0177503,0.015139962,0.020360638,0.014095826,0.010441353,0.009397218,0.014095826,0.010441353,0.011485488,0.01096342,0.011485488,0.002088271,0.006786879,0.008353082,0.009397218,0.006786879,0.012529623,0.010441353,0.020360638,0.006786879,0.00887515,0.00887515,0.009397218,0.004176541,0.16592923,0.129801524,0
0.010331756,0.011881519,0.01394787,0.009815168,0.011364932,0.010331756,0.012398107,0.008265405,0.014981046,0.012398107,0.016530809,0.010848344,0.005682466,0.005682466,0.011364932,0.009815168,0.009815168,0.00929858,0.01394787,0.007232229,0.007748817,0.00929858,0.011881519,0.010848344,0.008265405,0.013431283,0.014464458,0.010848344,0.010331756,0.007748817,0.012914695,0.007232229,0.014981046,0.010331756,0.015497634,0.013431283,0.014981046,0.011364932,0.012398107,0.012398107,0.019113748,0.014981046,0.020663512,0.01394787,0.010331756,0.009815168,0.012914695,0.010848344,0.010848344,0.010848344,0.011364932,0.002066351,0.006199054,0.008781993,0.010331756,0.006715641,0.011881519,0.009815168,0.017563985,0.008265405,0.008781993,0.008781993,0.010331756,0.003616115,0.166011732,0.128845927,0
0.010441353,0.01096342,0.014617894,0.010441353,0.01096342,0.010441353,0.012007556,0.00887515,0.015662029,0.012529623,0.014617894,0.012007556,0.005742744,0.005220676,0.013051691,0.009397218,0.009397218,0.009397218,0.013573759,0.007831015,0.008353082,0.009919285,0.010441353,0.011485488,0.008353082,0.011485488,0.012007556,0.011485488,0.01096342,0.007831015,0.013051691,0.007308947,0.015139962,0.01096342,0.015139962,0.013051691,0.014095826,0.012007556,0.011485488,0.012007556,0.0177503,0.015139962,0.020360638,0.014095826,0.010441353,0.009397218,0.014095826,0.010441353,0.011485488,0.01096342,0.011485488,0.002088271,0.006786879,0.008353082,0.009397218,0.006786879,0.012529623,0.010441353,0.020360638,0.006786879,0.00887515,0.00887515,0.009397218,0.004176541,0.16592923,0.129801524,0
0.010478605,0.012050395,0.015193977,0.010478605,0.011002535,0.009430744,0.012574325,0.009430744,0.015717907,0.012574325,0.015193977,0.011526465,0.005239302,0.005239302,0.011526465,0.009954674,0.010478605,0.009430744,0.013098256,0.006811093,0.006811093,0.009954674,0.012574325,0.010478605,0.008382884,0.012050395,0.014146116,0.011526465,0.011526465,0.007335023,0.012050395,0.006811093,0.016241837,0.010478605,0.015193977,0.012574325,0.015193977,0.011526465,0.011526465,0.011526465,0.018861488,0.015193977,0.020433279,0.013622186,0.009954674,0.009954674,0.013622186,0.011002535,0.011002535,0.010478605,0.011526465,0.002095721,0.006811093,0.008906814,0.009430744,0.006287163,0.012050395,0.009954674,0.018337558,0.007858953,0.008382884,0.008906814,0.010478605,0.005239302,0.164945803,0.129320183,0
0.008850305,0.010412124,0.019783036,0.009370912,0.008850305,0.007288487,0.013015155,0.009370912,0.01093273,0.017700611,0.014576974,0.013015155,0.005726668,0.007288487,0.01093273,0.007288487,0.011973943,0.011453336,0.011973943,0.007288487,0.008850305,0.009370912,0.013535761,0.007809093,0.009891518,0.017700611,0.014576974,0.011453336,0.005726668,0.009891518,0.011973943,0.006247274,0.017180005,0.008329699,0.016138792,0.012494549,0.016659398,0.016659398,0.01509758,0.011453336,0.019783036,0.014576974,0.019783036,0.014056367,0.009891518,0.009370912,0.016659398,0.008329699,0.010412124,0.008329699,0.008329699,0.002082425,0.007809093,0.006767881,0.011973943,0.005206062,0.013535761,0.009891518,0.019262429,0.005726668,0.007809093,0.005206062,0.008850305,0.003644243,0.167289288,0.127289311,0
0.008887536,0.010455925,0.01934346,0.009410332,0.008887536,0.006796351,0.013592702,0.009410332,0.010978721,0.017252276,0.014115498,0.013069906,0.005750759,0.007841943,0.010455925,0.007319147,0.011501517,0.011501517,0.012024313,0.006273555,0.008887536,0.009410332,0.013592702,0.007841943,0.009933128,0.017775072,0.014638294,0.012024313,0.005750759,0.009410332,0.012024313,0.006273555,0.017252276,0.007841943,0.015683887,0.012547109,0.016206683,0.016729479,0.015161091,0.010455925,0.019866257,0.014638294,0.019866257,0.014115498,0.010978721,0.009410332,0.016729479,0.00836474,0.010455925,0.008887536,0.007841943,0.003136777,0.007319147,0.006796351,0.012024313,0.005750759,0.013069906,0.008887536,0.019866257,0.006273555,0.007841943,0.005227962,0.008887536,0.003659574,0.168270648,0.127522833,0
0.00852886,0.011539046,0.019064511,0.008027162,0.010033953,0.00652207,0.013545837,0.009532255,0.011037348,0.019064511,0.013545837,0.012040744,0.005016977,0.00652207,0.011037348,0.00652207,0.012040744,0.011037348,0.014047534,0.007023767,0.008027162,0.009532255,0.013044139,0.008027162,0.010535651,0.01505093,0.014549232,0.011037348,0.006020372,0.009030558,0.013044139,0.007525465,0.016054325,0.00852886,0.014047534,0.012040744,0.017559418,0.016556023,0.014047534,0.012040744,0.01705772,0.01505093,0.021071302,0.01505093,0.010033953,0.010033953,0.016556023,0.009030558,0.010535651,0.00852886,0.00852886,0.002006791,0.00852886,0.006020372,0.010535651,0.006020372,0.012542441,0.010535651,0.019064511,0.007525465,0.00852886,0.005518674,0.009030558,0.004515279,0.16746619,0.128651999,0
0.009182761,0.01134341,0.018905683,0.009182761,0.009722923,0.006481949,0.01350406,0.009182761,0.010263085,0.018365521,0.012963897,0.012963897,0.006481949,0.007022111,0.01134341,0.007562273,0.01134341,0.010263085,0.012423735,0.007562273,0.008642598,0.01134341,0.01350406,0.008102436,0.009182761,0.015124547,0.015124547,0.01134341,0.005941786,0.009722923,0.011883572,0.006481949,0.016745034,0.008102436,0.014584384,0.012423735,0.015664709,0.017825359,0.012423735,0.010263085,0.018905683,0.01350406,0.022146658,0.015664709,0.01134341,0.009182761,0.016745034,0.008102436,0.01134341,0.009182761,0.008642598,0.003240974,0.007022111,0.006481949,0.01134341,0.006481949,0.01350406,0.009182761,0.019986008,0.005401624,0.008642598,0.005401624,0.008102436,0.003240974,0.167771164,0.128937414,0
0.008849738,0.01179965,0.019174431,0.008849738,0.009833042,0.007866433,0.012782954,0.008849738,0.010324694,0.018682779,0.014257911,0.012291302,0.004916521,0.006883129,0.011307998,0.007374781,0.012291302,0.010816346,0.012782954,0.006883129,0.00934139,0.011307998,0.014749563,0.007374781,0.010324694,0.014257911,0.015732867,0.011307998,0.005408173,0.00934139,0.01179965,0.007374781,0.016716171,0.008849738,0.014749563,0.012782954,0.016224519,0.016224519,0.012782954,0.012782954,0.019666083,0.016224519,0.023107648,0.014257911,0.010816346,0.010324694,0.015241215,0.007374781,0.010816346,0.007866433,0.008849738,0.001966608,0.007374781,0.007374781,0.011307998,0.004916521,0.012291302,0.00934139,0.020157736,0.005899825,0.008358085,0.004424869,0.00934139,0.00245826,0.16528992,0.128697684,0
0.008823743,0.010899918,0.017647486,0.009342787,0.009342787,0.007266612,0.012976093,0.009342787,0.009342787,0.016090355,0.01401418,0.012457049,0.005190437,0.007785656,0.010380874,0.0083047,0.010899918,0.010899918,0.011418962,0.008823743,0.009342787,0.010899918,0.01401418,0.007266612,0.010380874,0.015571312,0.01401418,0.011418962,0.006228525,0.009861831,0.012976093,0.006747568,0.016090355,0.0083047,0.015052268,0.011418962,0.015052268,0.016090355,0.013495137,0.011418962,0.01816653,0.013495137,0.020761749,0.016090355,0.010380874,0.009342787,0.01816653,0.008823743,0.010899918,0.009342787,0.007785656,0.002076175,0.0083047,0.006747568,0.010899918,0.007785656,0.012976093,0.010899918,0.019723661,0.006747568,0.0083047,0.006747568,0.008823743,0.00415235,0.167524409,0.128133265,0
0.009598373,0.011518048,0.018716828,0.008158617,0.010078292,0.00719878,0.013437722,0.009118454,0.010078292,0.017277072,0.01439756,0.012957804,0.006238943,0.00719878,0.01055821,0.006718861,0.011038129,0.01055821,0.012477885,0.008158617,0.008638536,0.01055821,0.013437722,0.007678698,0.010078292,0.015357397,0.013917641,0.011518048,0.006238943,0.009118454,0.012957804,0.006238943,0.016797153,0.008158617,0.01439756,0.011518048,0.015357397,0.015837316,0.013437722,0.011518048,0.01775699,0.014877478,0.022556177,0.016317234,0.011997966,0.009598373,0.015837316,0.008638536,0.011038129,0.009598373,0.009118454,0.002879512,0.008158617,0.006718861,0.01055821,0.006238943,0.012957804,0.008638536,0.020636502,0.005279105,0.008158617,0.005279105,0.008158617,0.004319268,0.167717368,0.128721882,0
0.008348942,0.010436177,0.018785119,0.00939256,0.008870751,0.007827133,0.012001604,0.008870751,0.010436177,0.018263311,0.01408884,0.012523413,0.005218089,0.006783515,0.012001604,0.007827133,0.012001604,0.010436177,0.012523413,0.007305324,0.008870751,0.011479795,0.015654266,0.007827133,0.010436177,0.015132457,0.015654266,0.011479795,0.005739898,0.00939256,0.011479795,0.006783515,0.016697884,0.008870751,0.015654266,0.013045222,0.016697884,0.016697884,0.013567031,0.012001604,0.020872355,0.015654266,0.021915973,0.013045222,0.009914369,0.009914369,0.016176075,0.007827133,0.009914369,0.008348942,0.008348942,0.002087235,0.007305324,0.007827133,0.011479795,0.00469628,0.012523413,0.009914369,0.019828737,0.006783515,0.007827133,0.005218089,0.00939256,0.002609044,0.165821866,0.12764892,0
0.007914466,0.011377045,0.018302203,0.008903775,0.009398429,0.007914466,0.012861008,0.008903775,0.010882391,0.017807549,0.01434497,0.012861008,0.004946541,0.006925158,0.011377045,0.007419812,0.011377045,0.010882391,0.013355662,0.006925158,0.008903775,0.010882391,0.014839624,0.007914466,0.010882391,0.014839624,0.015828932,0.010882391,0.005441196,0.009398429,0.012366354,0.006925158,0.017312895,0.008903775,0.015334278,0.012861008,0.016323587,0.015828932,0.013850316,0.012861008,0.019786166,0.016818241,0.022259436,0.013850316,0.009893083,0.009893083,0.015828932,0.007914466,0.009893083,0.007914466,0.00840912,0.001978617,0.007914466,0.007914466,0.010882391,0.004451887,0.012861008,0.009398429,0.02028082,0.006430504,0.007914466,0.004946541,0.009398429,0.002967925,0.165099992,0.128039242,0
0.008500335,0.010625419,0.019657025,0.009031606,0.009031606,0.006906522,0.013281774,0.010625419,0.010625419,0.018063212,0.012750503,0.012750503,0.00584398,0.007437793,0.01115669,0.007969064,0.010625419,0.011687961,0.012219232,0.006906522,0.009031606,0.008500335,0.013281774,0.007969064,0.009031606,0.016469399,0.014344315,0.011687961,0.006375251,0.010094148,0.012219232,0.006375251,0.01700067,0.008500335,0.014875586,0.012750503,0.014875586,0.016469399,0.013281774,0.01115669,0.019125754,0.013281774,0.020719567,0.015406857,0.01115669,0.009031606,0.017531941,0.007969064,0.011687961,0.008500335,0.007437793,0.003718897,0.008500335,0.006906522,0.011687961,0.005312709,0.014344315,0.008500335,0.020719567,0.00584398,0.007969064,0.00584398,0.008500335,0.003718897,0.168151574,0.128445697,0
0.011181654,0.011714114,0.013311493,0.013311493,0.009584275,0.012246573,0.012779033,0.009051815,0.012246573,0.013311493,0.013843953,0.012246573,0.006389517,0.009051815,0.012779033,0.006389517,0.011181654,0.010649194,0.011714114,0.005857057,0.009584275,0.008519355,0.012246573,0.010116735,0.009051815,0.013311493,0.013311493,0.012246573,0.009584275,0.006389517,0.009051815,0.010649194,0.014376412,0.010116735,0.016506251,0.013311493,0.012246573,0.010649194,0.012246573,0.011714114,0.020233469,0.011714114,0.025025607,0.012779033,0.013311493,0.012246573,0.014376412,0.006389517,0.012779033,0.011181654,0.010116735,0.002129839,0.007986896,0.009051815,0.010649194,0.004792137,0.012779033,0.008519355,0.017571171,0.009051815,0.006921976,0.004792137,0.011714114,0.003194758,0.167908319,0.128712397,0
0.010588628,0.012101289,0.01361395,0.01310973,0.009580187,0.011597069,0.01361395,0.009075967,0.011597069,0.01310973,0.01411817,0.01310973,0.006554865,0.009075967,0.012101289,0.006050644,0.011092848,0.010588628,0.011597069,0.006050644,0.009075967,0.008067526,0.011597069,0.009580187,0.010084407,0.012605509,0.015126611,0.011597069,0.009075967,0.006050644,0.009075967,0.010588628,0.015126611,0.010084407,0.017143493,0.012605509,0.01310973,0.010588628,0.012605509,0.011092848,0.020673035,0.01310973,0.024202578,0.01361395,0.01310973,0.012605509,0.015126611,0.006050644,0.012605509,0.011092848,0.009580187,0.002016881,0.007563306,0.008571746,0.011597069,0.005042204,0.012605509,0.008571746,0.018151933,0.008571746,0.006554865,0.005042204,0.011092848,0.003025322,0.16768777,0.12892481,0
0.011099218,0.011627752,0.013741889,0.013213355,0.009513616,0.012156287,0.012684821,0.008985081,0.012156287,0.013213355,0.014798958,0.012156287,0.00634241,0.008985081,0.012684821,0.00634241,0.011099218,0.010570684,0.011627752,0.005813876,0.009513616,0.008456547,0.012684821,0.01004215,0.008985081,0.013741889,0.013213355,0.012156287,0.009513616,0.00634241,0.008985081,0.010570684,0.014798958,0.01004215,0.016913094,0.013213355,0.012156287,0.011099218,0.012156287,0.011627752,0.021141368,0.012156287,0.024841107,0.012684821,0.013213355,0.012156287,0.014270423,0.00634241,0.012684821,0.011099218,0.01004215,0.002114137,0.007928013,0.008985081,0.010570684,0.004756808,0.012684821,0.008456547,0.017441629,0.008985081,0.006870945,0.004756808,0.011627752,0.003171205,0.167385623,0.128606824,0
0.009569749,0.014354623,0.013397648,0.011483699,0.010048236,0.012440673,0.013876136,0.010048236,0.010048236,0.012919161,0.014354623,0.013397648,0.006220337,0.007655799,0.012440673,0.006220337,0.011483699,0.011962186,0.011005211,0.006698824,0.008134286,0.008134286,0.011483699,0.009569749,0.010048236,0.011962186,0.014833111,0.010526724,0.010048236,0.004784874,0.010526724,0.010048236,0.015311598,0.008134286,0.015311598,0.012919161,0.015311598,0.009569749,0.011483699,0.011962186,0.019617985,0.012440673,0.024881347,0.014354623,0.012919161,0.011483699,0.015790086,0.006698824,0.012440673,0.011962186,0.011005211,0.001435462,0.007655799,0.007177312,0.010526724,0.0038279,0.011962186,0.010526724,0.017704035,0.008612774,0.007655799,0.005263362,0.010048236,0.004306387,0.16967819,0.130294683,0
0.010294393,0.013725857,0.013725857,0.011274811,0.009313974,0.01176502,0.014216066,0.010294393,0.009804183,0.012745439,0.014216066,0.013235648,0.006372719,0.008333556,0.012255229,0.006372719,0.01176502,0.012255229,0.010784602,0.006862928,0.008333556,0.007843347,0.011274811,0.008823765,0.010294393,0.013235648,0.014706275,0.010294393,0.009313974,0.00588251,0.009313974,0.009804183,0.015196484,0.008823765,0.015196484,0.012745439,0.015196484,0.009313974,0.01176502,0.011274811,0.019608367,0.012745439,0.024510459,0.015196484,0.012255229,0.01176502,0.016667112,0.007353138,0.01176502,0.010784602,0.010294393,0.002451046,0.008823765,0.007353138,0.011274811,0.003921673,0.012745439,0.008823765,0.018627949,0.008823765,0.007353138,0.005392301,0.010784602,0.003921673,0.169206804,0.129303868,0
0.010943231,0.011490392,0.013131877,0.012584715,0.009848908,0.012584715,0.013131877,0.009848908,0.011490392,0.0142262,0.012584715,0.012037554,0.004924454,0.007660261,0.013131877,0.007660261,0.011490392,0.011490392,0.010943231,0.006565938,0.009301746,0.008754585,0.012584715,0.010396069,0.009848908,0.013131877,0.0142262,0.010943231,0.009848908,0.006018777,0.009848908,0.009301746,0.0142262,0.010396069,0.015320523,0.012584715,0.0142262,0.011490392,0.013679038,0.010396069,0.019150654,0.011490392,0.02516943,0.013679038,0.012037554,0.010943231,0.014773361,0.007660261,0.011490392,0.012037554,0.010943231,0.001094323,0.0071131,0.008207423,0.009301746,0.004377292,0.012037554,0.010943231,0.017509169,0.008754585,0.008754585,0.004377292,0.011490392,0.004377292,0.169210051,0.128781703,0
0.009731306,0.012975075,0.01343847,0.011584888,0.010194702,0.012048284,0.013901866,0.009731306,0.010658097,0.012975075,0.012511679,0.012975075,0.005097351,0.007877724,0.012975075,0.007414328,0.010658097,0.011121493,0.010658097,0.007414328,0.008804515,0.007877724,0.011584888,0.009731306,0.010194702,0.012048284,0.015755448,0.011121493,0.008804515,0.005560746,0.011121493,0.009267911,0.015292053,0.009731306,0.014365261,0.01343847,0.013901866,0.010658097,0.01343847,0.011121493,0.019462612,0.01343847,0.025486754,0.014365261,0.01343847,0.011121493,0.014828657,0.006487537,0.012048284,0.012048284,0.010658097,0.000926791,0.007414328,0.007414328,0.010194702,0.00417056,0.012511679,0.010658097,0.018999217,0.007414328,0.00834112,0.004633955,0.010658097,0.00417056,0.16963165,0.129714308,0
0.010610036,0.012125755,0.013136235,0.013136235,0.009599556,0.011620515,0.013641474,0.009094316,0.011620515,0.013136235,0.014146714,0.013136235,0.006568117,0.009094316,0.012125755,0.006062878,0.010610036,0.010610036,0.012125755,0.006062878,0.009094316,0.008083837,0.011620515,0.009599556,0.010104796,0.012630995,0.015157194,0.011620515,0.009094316,0.006062878,0.009094316,0.010610036,0.015157194,0.010104796,0.017178153,0.012630995,0.012630995,0.010610036,0.012630995,0.011115275,0.020714832,0.013136235,0.02425151,0.013641474,0.013136235,0.012630995,0.015157194,0.006062878,0.012630995,0.011115275,0.009599556,0.002020959,0.007578597,0.008589076,0.011620515,0.005052398,0.012630995,0.008083837,0.018188633,0.008589076,0.006568117,0.005052398,0.011115275,0.003031439,0.167559159,0.129147049,0
0.010616538,0.012133187,0.013144286,0.012638736,0.009605439,0.012133187,0.013649835,0.010110989,0.011122088,0.013649835,0.012638736,0.013144286,0.005561044,0.007583242,0.012638736,0.007077692,0.010616538,0.011122088,0.011627637,0.006572143,0.00909989,0.008594341,0.012133187,0.009605439,0.010616538,0.012638736,0.015672033,0.011122088,0.009605439,0.005561044,0.009605439,0.00909989,0.014660934,0.010110989,0.015672033,0.012638736,0.014155384,0.011122088,0.013649835,0.010110989,0.019716428,0.012638736,0.025277472,0.014155384,0.013144286,0.011122088,0.015166483,0.007077692,0.012638736,0.012133187,0.010110989,0.001011099,0.007077692,0.007583242,0.010110989,0.004549945,0.011627637,0.010110989,0.01819978,0.008088791,0.007583242,0.005055494,0.010616538,0.003538846,0.169352803,0.129450117,0
0.010970766,0.012965451,0.014461464,0.011968108,0.009474752,0.011968108,0.01246678,0.008976081,0.010970766,0.012965451,0.014461464,0.01246678,0.006981397,0.006981397,0.012965451,0.005984054,0.011968108,0.009973424,0.010472095,0.006482725,0.007480068,0.007480068,0.01246678,0.009973424,0.009474752,0.013962793,0.015458807,0.011968108,0.008976081,0.005485383,0.008976081,0.009474752,0.013962793,0.00847741,0.014461464,0.01246678,0.015458807,0.010970766,0.014960135,0.009474752,0.018450834,0.013962793,0.026429573,0.015458807,0.013464122,0.011469437,0.014960135,0.007480068,0.013464122,0.011469437,0.011469437,0.001994685,0.006981397,0.006981397,0.010970766,0.004488041,0.010472095,0.009973424,0.017453491,0.007480068,0.008976081,0.005485383,0.00847741,0.004488041,0.170918818,0.129445514,0
0.009276175,0.015623032,0.014158373,0.010252615,0.012205494,0.010252615,0.012205494,0.010252615,0.009764395,0.015134813,0.015623032,0.015134813,0.005370417,0.007323296,0.009276175,0.006346857,0.010252615,0.009764395,0.012693714,0.005858637,0.006835077,0.008787956,0.011229055,0.010252615,0.008299736,0.011717274,0.016599472,0.010740835,0.011717274,0.005370417,0.010252615,0.009276175,0.017087692,0.008787956,0.015623032,0.009276175,0.012205494,0.011717274,0.015623032,0.012205494,0.019040571,0.013181934,0.02001701,0.014646593,0.012205494,0.009276175,0.015134813,0.011229055,0.012693714,0.010740835,0.013181934,0.002929319,0.007323296,0.006346857,0.008299736,0.003905758,0.013670153,0.011717274,0.014646593,0.007323296,0.010252615,0.003905758,0.012693714,0.003417538,0.16953227,0.132313468,0
0.00993217,0.013408429,0.015394863,0.012415212,0.009435561,0.010925387,0.012415212,0.009435561,0.010428778,0.016884689,0.013905038,0.012415212,0.005462693,0.007449127,0.012911821,0.005462693,0.00993217,0.008938953,0.010925387,0.005959302,0.008442344,0.006952519,0.012415212,0.010925387,0.010428778,0.010925387,0.017877906,0.012415212,0.00993217,0.005959302,0.00993217,0.008938953,0.018871123,0.008442344,0.017381297,0.00993217,0.011918604,0.012415212,0.015891472,0.00993217,0.021354165,0.012911821,0.019367731,0.013905038,0.011918604,0.00993217,0.014898255,0.010925387,0.012415212,0.011421995,0.00993217,0.002979651,0.005959302,0.008442344,0.010925387,0.004469476,0.012415212,0.009435561,0.01638808,0.008938953,0.009435561,0.00645591,0.009435561,0.003972868,0.168416258,0.129379324,0
0.010087754,0.014891447,0.013930708,0.010568123,0.011048493,0.010568123,0.0124896,0.011048493,0.009607385,0.014891447,0.016332554,0.013930708,0.005764431,0.007685908,0.009127016,0.005764431,0.010087754,0.010087754,0.011528862,0.005284062,0.0062448,0.009607385,0.01296997,0.009607385,0.008166277,0.011048493,0.017773662,0.011528862,0.010568123,0.005764431,0.011528862,0.008166277,0.016332554,0.009607385,0.016812924,0.009127016,0.0124896,0.012009231,0.014891447,0.012009231,0.019695139,0.013450339,0.01921477,0.015371816,0.011528862,0.008166277,0.016332554,0.012009231,0.01296997,0.010568123,0.0124896,0.002882215,0.007205539,0.0062448,0.008166277,0.003362585,0.014411077,0.012009231,0.014411077,0.007685908,0.011048493,0.003362585,0.011528862,0.003362585,0.169400009,0.132143109,0
0.009477224,0.014215836,0.014215836,0.012636299,0.009477224,0.011056762,0.012636299,0.011056762,0.011056762,0.015268861,0.015268861,0.011056762,0.004738612,0.008424199,0.011583274,0.005791637,0.010003737,0.010530249,0.012636299,0.005265125,0.007371174,0.006844662,0.012109786,0.010003737,0.008950712,0.013162811,0.016321886,0.011583274,0.009477224,0.005265125,0.011056762,0.010003737,0.018427936,0.008950712,0.015795374,0.009477224,0.014742349,0.010530249,0.015268861,0.011056762,0.018954448,0.013689324,0.017374911,0.014742349,0.011056762,0.010530249,0.016848399,0.010003737,0.012636299,0.010530249,0.009477224,0.003159075,0.006844662,0.007897687,0.010003737,0.003685587,0.013689324,0.009477224,0.015795374,0.011056762,0.010530249,0.004738612,0.010530249,0.003685587,0.1702242,0.130040746,0
0.010610361,0.012732433,0.014323988,0.012201915,0.009549325,0.010079843,0.013262952,0.010079843,0.007957771,0.014323988,0.01379347,0.01379347,0.005835699,0.009018807,0.011671397,0.006366217,0.009549325,0.009549325,0.010079843,0.005835699,0.006366217,0.006896735,0.01379347,0.010610361,0.011671397,0.011671397,0.017507096,0.012201915,0.009549325,0.006366217,0.011671397,0.007427253,0.018037614,0.009018807,0.01644606,0.011671397,0.012201915,0.012732433,0.015385024,0.008488289,0.02175124,0.01379347,0.019629168,0.01379347,0.011671397,0.010610361,0.01644606,0.010079843,0.011671397,0.011671397,0.009018807,0.003183108,0.006896735,0.007957771,0.010610361,0.005835699,0.013262952,0.009018807,0.018037614,0.009018807,0.008488289,0.005305181,0.009549325,0.003713626,0.168897351,0.129757774,0
0.009577566,0.014366349,0.014845227,0.010535323,0.011014201,0.010535323,0.012450836,0.011014201,0.009577566,0.014845227,0.015802984,0.014366349,0.00574654,0.007662053,0.009098688,0.00574654,0.010056444,0.010535323,0.011493079,0.005267661,0.006225418,0.008140931,0.012929714,0.009098688,0.008140931,0.011014201,0.017718497,0.011493079,0.010535323,0.00574654,0.011014201,0.008619809,0.016760741,0.009577566,0.016281862,0.009098688,0.012450836,0.011493079,0.014845227,0.012450836,0.019155132,0.013408592,0.019155132,0.015324106,0.011493079,0.008619809,0.016760741,0.011971958,0.012929714,0.010535323,0.012450836,0.00287327,0.007662053,0.006225418,0.008140931,0.003352148,0.014845227,0.011971958,0.014366349,0.007662053,0.011014201,0.003352148,0.011971958,0.004788783,0.169576962,0.132218476,0
0.009276175,0.015623032,0.014158373,0.010252615,0.012205494,0.010252615,0.012205494,0.010252615,0.009764395,0.015134813,0.015623032,0.015134813,0.005370417,0.007323296,0.009276175,0.006346857,0.010252615,0.009764395,0.012693714,0.005858637,0.006835077,0.008787956,0.011229055,0.010252615,0.008299736,0.011717274,0.016599472,0.010740835,0.011717274,0.005370417,0.010252615,0.009276175,0.017087692,0.008787956,0.015623032,0.009276175,0.012205494,0.011717274,0.015623032,0.012205494,0.019040571,0.013181934,0.02001701,0.014646593,0.012205494,0.009276175,0.015134813,0.011229055,0.012693714,0.010740835,0.013181934,0.002929319,0.007323296,0.006346857,0.008299736,0.003905758,0.013670153,0.011717274,0.014646593,0.007323296,0.010252615,0.003905758,0.012693714,0.003417538,0.16953227,0.132313468,0
0.009101344,0.015328579,0.014370543,0.010538398,0.011975453,0.010538398,0.012454471,0.010538398,0.009101344,0.014849561,0.015328579,0.014849561,0.005269199,0.007185272,0.009101344,0.006706254,0.01005938,0.01005938,0.012454471,0.005748217,0.007185272,0.008622326,0.011017416,0.01005938,0.008143308,0.011017416,0.016765634,0.010538398,0.011496435,0.005269199,0.010538398,0.009101344,0.017244652,0.009101344,0.015328579,0.008622326,0.011975453,0.011496435,0.014849561,0.011975453,0.018681706,0.012933489,0.021076797,0.015807598,0.011496435,0.009101344,0.016286616,0.011975453,0.012933489,0.011017416,0.012454471,0.002874109,0.007185272,0.006227235,0.008143308,0.003832145,0.014370543,0.011496435,0.015328579,0.00766429,0.011017416,0.003832145,0.012933489,0.003353127,0.169276954,0.132793662,0
0.009286162,0.015639851,0.014173615,0.010263652,0.012218634,0.010263652,0.012218634,0.010263652,0.009774907,0.015639851,0.015639851,0.015151106,0.005376199,0.00733118,0.009286162,0.00635369,0.010752398,0.009774907,0.012707379,0.005864944,0.00733118,0.008797416,0.011241143,0.010263652,0.008308671,0.011241143,0.016617342,0.010752398,0.011241143,0.005376199,0.010263652,0.009286162,0.017106087,0.008797416,0.016128597,0.009286162,0.012218634,0.012218634,0.015151106,0.011729889,0.019549814,0.012707379,0.02003856,0.014662361,0.012218634,0.009286162,0.015151106,0.011241143,0.012218634,0.010752398,0.013196125,0.002932472,0.00733118,0.00635369,0.008308671,0.003909963,0.01368487,0.011729889,0.014662361,0.00733118,0.010263652,0.003909963,0.012707379,0.003421217,0.169071247,0.132022893,0
0.009519813,0.01427972,0.015231701,0.011423776,0.009995804,0.010947785,0.012851748,0.009519813,0.008091841,0.015231701,0.01475571,0.013803729,0.004759907,0.00713986,0.011899766,0.005711888,0.009519813,0.009519813,0.010947785,0.005711888,0.00761585,0.00761585,0.012851748,0.010471794,0.011423776,0.010947785,0.017611654,0.012851748,0.009519813,0.005711888,0.010947785,0.008567832,0.018087645,0.008567832,0.017135664,0.009995804,0.012375757,0.012375757,0.015707692,0.009995804,0.020467598,0.01475571,0.019515617,0.01427972,0.011899766,0.011423776,0.016659673,0.009519813,0.013327738,0.010947785,0.009043822,0.002379953,0.005711888,0.00761585,0.011423776,0.004759907,0.013803729,0.009519813,0.017135664,0.008567832,0.009519813,0.005235897,0.009043822,0.003331935,0.168709932,0.130155835,0
0.009999139,0.012104221,0.015261844,0.01105168,0.009472869,0.007894057,0.013683032,0.009999139,0.01157795,0.015788114,0.014209303,0.012630491,0.006841516,0.008420328,0.01105168,0.007367787,0.009999139,0.009999139,0.012630491,0.008420328,0.007894057,0.007894057,0.012104221,0.008420328,0.007367787,0.014209303,0.013683032,0.012104221,0.006841516,0.009472869,0.01157795,0.007367787,0.015261844,0.008420328,0.017366926,0.01157795,0.014209303,0.012630491,0.013683032,0.01157795,0.018419467,0.014209303,0.017366926,0.013156762,0.01157795,0.006841516,0.016840655,0.012104221,0.013156762,0.010525409,0.008946598,0.002105082,0.009472869,0.007894057,0.007894057,0.005262705,0.015261844,0.008420328,0.017893196,0.009472869,0.009472869,0.005788975,0.01157795,0.005788975,0.170309508,0.12817195,0
0.008221136,0.01402429,0.016442271,0.009671924,0.009188328,0.009188328,0.013540694,0.009671924,0.010639117,0.01402429,0.014991483,0.012089905,0.005803155,0.007253943,0.010155521,0.007253943,0.010639117,0.009671924,0.010155521,0.006770347,0.007253943,0.008221136,0.012089905,0.010155521,0.008704732,0.01402429,0.014991483,0.012573502,0.008704732,0.009188328,0.012089905,0.007737539,0.015958675,0.008704732,0.014991483,0.011122713,0.013057098,0.013057098,0.01402429,0.013057098,0.017409464,0.016442271,0.019343849,0.014507886,0.011606309,0.007253943,0.015958675,0.012089905,0.013540694,0.009188328,0.009671924,0.002901577,0.007737539,0.007253943,0.010639117,0.004835962,0.01402429,0.008704732,0.018376656,0.007737539,0.009671924,0.006770347,0.010639117,0.006286751,0.168382619,0.129919272,0
0.008704322,0.014023631,0.016441498,0.009671469,0.009671469,0.009187896,0.013540057,0.009187896,0.010638616,0.014023631,0.014990777,0.012089337,0.005802882,0.006770029,0.010155043,0.007737175,0.010155043,0.009671469,0.010155043,0.007253602,0.007253602,0.008220749,0.012089337,0.010155043,0.009187896,0.013540057,0.014990777,0.012089337,0.008704322,0.009187896,0.012089337,0.007253602,0.016441498,0.008704322,0.014990777,0.010638616,0.01257291,0.013056484,0.014023631,0.013056484,0.016925071,0.016441498,0.019342939,0.014990777,0.011605763,0.007253602,0.015957924,0.01257291,0.013540057,0.009187896,0.009671469,0.002901441,0.007737175,0.007253602,0.010155043,0.004835735,0.014023631,0.008704322,0.018375792,0.008220749,0.009671469,0.006770029,0.01112219,0.006286455,0.168379476,0.129955424,0
0.008704322,0.014023631,0.016441498,0.009671469,0.009671469,0.009187896,0.013540057,0.009187896,0.010638616,0.014023631,0.014990777,0.012089337,0.005802882,0.006770029,0.010155043,0.007737175,0.010155043,0.009671469,0.010155043,0.007253602,0.007253602,0.008220749,0.012089337,0.010155043,0.009187896,0.013540057,0.014990777,0.012089337,0.008704322,0.009187896,0.012089337,0.007253602,0.016441498,0.008704322,0.014990777,0.010638616,0.01257291,0.013056484,0.014023631,0.013056484,0.016925071,0.016441498,0.019342939,0.014990777,0.011605763,0.007253602,0.015957924,0.01257291,0.013540057,0.009187896,0.009671469,0.002901441,0.007737175,0.007253602,0.010155043,0.004835735,0.014023631,0.008704322,0.018375792,0.008220749,0.009671469,0.006770029,0.01112219,0.006286455,0.168379476,0.129955424,0
0.008704322,0.014023631,0.016441498,0.009671469,0.009671469,0.009187896,0.013540057,0.009187896,0.010638616,0.014023631,0.014990777,0.012089337,0.005802882,0.006770029,0.010155043,0.007737175,0.010155043,0.009671469,0.010155043,0.007253602,0.007253602,0.008220749,0.012089337,0.010155043,0.009187896,0.013540057,0.014990777,0.012089337,0.008704322,0.009187896,0.012089337,0.007253602,0.016441498,0.008704322,0.014990777,0.010638616,0.01257291,0.013056484,0.014023631,0.013056484,0.016925071,0.016441498,0.019342939,0.014990777,0.011605763,0.007253602,0.015957924,0.01257291,0.013540057,0.009187896,0.009671469,0.002901441,0.007737175,0.007253602,0.010155043,0.004835735,0.014023631,0.008704322,0.018375792,0.008220749,0.009671469,0.006770029,0.01112219,0.006286455,0.168379476,0.129955424,0
0.008552671,0.012577457,0.017105341,0.010061965,0.009055769,0.009055769,0.013583653,0.009055769,0.009558867,0.015092948,0.01458985,0.012074358,0.006540277,0.006540277,0.010565064,0.007043376,0.011068162,0.008552671,0.011068162,0.007043376,0.007546474,0.010061965,0.012074358,0.009558867,0.008552671,0.01458985,0.015596046,0.01157126,0.009055769,0.009055769,0.01157126,0.007546474,0.015596046,0.009055769,0.014086751,0.010565064,0.013583653,0.013583653,0.01458985,0.013583653,0.018111538,0.017105341,0.019620832,0.013583653,0.010565064,0.007043376,0.015092948,0.013080555,0.013080555,0.010565064,0.009055769,0.00301859,0.007546474,0.007043376,0.010061965,0.005030983,0.013080555,0.008552671,0.018614636,0.008552671,0.009558867,0.007043376,0.011068162,0.004527884,0.168922656,0.130261457,0
0.008704322,0.014023631,0.016441498,0.009671469,0.009671469,0.009187896,0.013540057,0.009187896,0.010638616,0.014023631,0.014990777,0.012089337,0.005802882,0.006770029,0.010155043,0.007737175,0.010155043,0.009671469,0.010155043,0.007253602,0.007253602,0.008220749,0.012089337,0.010155043,0.009187896,0.013540057,0.014990777,0.012089337,0.008704322,0.009187896,0.012089337,0.007253602,0.016441498,0.008704322,0.014990777,0.010638616,0.01257291,0.013056484,0.014023631,0.013056484,0.016925071,0.016441498,0.019342939,0.014990777,0.011605763,0.007253602,0.015957924,0.01257291,0.013540057,0.009187896,0.009671469,0.002901441,0.007737175,0.007253602,0.010155043,0.004835735,0.014023631,0.008704322,0.018375792,0.008220749,0.009671469,0.006770029,0.01112219,0.006286455,0.168379476,0.129955424,0
0.009793906,0.011426224,0.015779071,0.010882118,0.0092498,0.008161589,0.013058542,0.009793906,0.010882118,0.015234965,0.014146754,0.011426224,0.006529271,0.007073377,0.010338012,0.008705695,0.009793906,0.0092498,0.010882118,0.007073377,0.007617483,0.008705695,0.012514436,0.009793906,0.007617483,0.013058542,0.015234965,0.012514436,0.008705695,0.0092498,0.011426224,0.007617483,0.015234965,0.008705695,0.015779071,0.011426224,0.01197033,0.014146754,0.013058542,0.012514436,0.017955495,0.015234965,0.018499601,0.014146754,0.011426224,0.007073377,0.016323177,0.012514436,0.013058542,0.010338012,0.009793906,0.003264635,0.008161589,0.007617483,0.009793906,0.004896953,0.01469086,0.008161589,0.017955495,0.0092498,0.009793906,0.007073377,0.01197033,0.005441059,0.169008434,0.130183156,0
0.009793906,0.011426224,0.015779071,0.010882118,0.0092498,0.008161589,0.013058542,0.009793906,0.010882118,0.015234965,0.014146754,0.011426224,0.006529271,0.007073377,0.010338012,0.008705695,0.009793906,0.0092498,0.010882118,0.007073377,0.007617483,0.008705695,0.012514436,0.009793906,0.007617483,0.013058542,0.015234965,0.012514436,0.008705695,0.0092498,0.011426224,0.007617483,0.015234965,0.008705695,0.015779071,0.011426224,0.01197033,0.014146754,0.013058542,0.012514436,0.017955495,0.015234965,0.018499601,0.014146754,0.011426224,0.007073377,0.016323177,0.012514436,0.013058542,0.010338012,0.009793906,0.003264635,0.008161589,0.007617483,0.009793906,0.004896953,0.01469086,0.008161589,0.017955495,0.0092498,0.009793906,0.007073377,0.01197033,0.005441059,0.169008434,0.130183156,0
0.014428744,0.010945944,0.015921373,0.010945944,0.007463144,0.010448401,0.010448401,0.008955772,0.009453315,0.016418916,0.01542383,0.010448401,0.006965601,0.007463144,0.008955772,0.008955772,0.009950858,0.008955772,0.012936116,0.005970515,0.012438573,0.014926287,0.013433659,0.010448401,0.008955772,0.013433659,0.014926287,0.010448401,0.007960687,0.005970515,0.013931201,0.007463144,0.016418916,0.008458229,0.014428744,0.012438573,0.01194103,0.015921373,0.014926287,0.01194103,0.020896802,0.015921373,0.026369774,0.012438573,0.008458229,0.006965601,0.013931201,0.010945944,0.011443487,0.008955772,0.008458229,0.002985257,0.005970515,0.009950858,0.008955772,0.003980343,0.012438573,0.008955772,0.018906631,0.007463144,0.008458229,0.008458229,0.010448401,0.006965601,0.160610686,0.128400495,0
0.009479854,0.012972431,0.012473492,0.012473492,0.010477733,0.011974552,0.013471371,0.006486216,0.010477733,0.013471371,0.013471371,0.013970311,0.009479854,0.004989397,0.010976673,0.010477733,0.011974552,0.008481974,0.012473492,0.006985155,0.010477733,0.010477733,0.008481974,0.012473492,0.006985155,0.011475612,0.016963949,0.010477733,0.008481974,0.006985155,0.010477733,0.007484095,0.013970311,0.007983035,0.013471371,0.013471371,0.012473492,0.012473492,0.010976673,0.009479854,0.017961828,0.013970311,0.021454406,0.016465009,0.010976673,0.009978793,0.013970311,0.011475612,0.011974552,0.012972431,0.012972431,0.002993638,0.006486216,0.006486216,0.012972431,0.004989397,0.013471371,0.006486216,0.018460768,0.005488336,0.011974552,0.008980914,0.008481974,0.003991517,0.168929194,0.133054216,0
0.008914137,0.012875975,0.012875975,0.012380745,0.010399826,0.012380745,0.013866435,0.006437987,0.010895056,0.012875975,0.013371205,0.014856894,0.009409366,0.004952298,0.010895056,0.009904596,0.011885515,0.008914137,0.012875975,0.006437987,0.010895056,0.010399826,0.007923677,0.012380745,0.006933217,0.011390286,0.016837813,0.010895056,0.008418907,0.006437987,0.010399826,0.007428447,0.014361664,0.008418907,0.013371205,0.013371205,0.012380745,0.011885515,0.010895056,0.009409366,0.017828273,0.013866435,0.021294882,0.016837813,0.011390286,0.010399826,0.014856894,0.011390286,0.011885515,0.012875975,0.012875975,0.002971379,0.006437987,0.006437987,0.013371205,0.004457068,0.013866435,0.006437987,0.018323503,0.005447528,0.011885515,0.008914137,0.007923677,0.003961838,0.16915615,0.133065053,0
0.008771963,0.013157944,0.013157944,0.011695951,0.010721288,0.011208619,0.013645276,0.006335307,0.013157944,0.012670613,0.012670613,0.015107269,0.009259294,0.006822638,0.010721288,0.009746625,0.012183282,0.008771963,0.012183282,0.006822638,0.010721288,0.010721288,0.008284632,0.011208619,0.006822638,0.011695951,0.016081932,0.011208619,0.0077973,0.0077973,0.010233957,0.006335307,0.014132607,0.008284632,0.014619938,0.014132607,0.011695951,0.012183282,0.010721288,0.009259294,0.017056595,0.013157944,0.021442576,0.017056595,0.012670613,0.009259294,0.014619938,0.011695951,0.011695951,0.011695951,0.013157944,0.00389865,0.006822638,0.006822638,0.013157944,0.005360644,0.014132607,0.006335307,0.018518588,0.004873313,0.011208619,0.008284632,0.008284632,0.005360644,0.168818858,0.131860764,0
0.008687678,0.013514166,0.013031517,0.012066219,0.010618273,0.011583571,0.013514166,0.006274434,0.011100922,0.013031517,0.013514166,0.014479463,0.009652975,0.006274434,0.010618273,0.010135624,0.012066219,0.008687678,0.012548868,0.006757083,0.010618273,0.010618273,0.00772238,0.012548868,0.006757083,0.011100922,0.016892707,0.010618273,0.008205029,0.005791785,0.011100922,0.007239732,0.014479463,0.008205029,0.013031517,0.014479463,0.012066219,0.012066219,0.011100922,0.009170327,0.018340653,0.013514166,0.021236546,0.016892707,0.011583571,0.009652975,0.014479463,0.011583571,0.012066219,0.011583571,0.013514166,0.003378541,0.006757083,0.007239732,0.013031517,0.004343839,0.013996814,0.006757083,0.018340653,0.005309137,0.011100922,0.009652975,0.008205029,0.004343839,0.168454145,0.132670429,0
0.008914137,0.012875975,0.012875975,0.012380745,0.010399826,0.012380745,0.013866435,0.006437987,0.010895056,0.012875975,0.013371205,0.014856894,0.009409366,0.004952298,0.010895056,0.009904596,0.011885515,0.008914137,0.012875975,0.006437987,0.010895056,0.010399826,0.007923677,0.012380745,0.006933217,0.011390286,0.016837813,0.010895056,0.008418907,0.006437987,0.010399826,0.007428447,0.014361664,0.008418907,0.013371205,0.013371205,0.012380745,0.011885515,0.010895056,0.009409366,0.017828273,0.013866435,0.021294882,0.016837813,0.011390286,0.010399826,0.014856894,0.011390286,0.011885515,0.012875975,0.012875975,0.002971379,0.006437987,0.006437987,0.013371205,0.004457068,0.013866435,0.006437987,0.018323503,0.005447528,0.011885515,0.008914137,0.007923677,0.003961838,0.16915615,0.133065053,0
0.008771963,0.013157944,0.013157944,0.011695951,0.010721288,0.011208619,0.013645276,0.006335307,0.013157944,0.012670613,0.012670613,0.015107269,0.009259294,0.006822638,0.010721288,0.009746625,0.012183282,0.008771963,0.012183282,0.006822638,0.010721288,0.010721288,0.008284632,0.011208619,0.006822638,0.011695951,0.016081932,0.011208619,0.0077973,0.0077973,0.010233957,0.006335307,0.014132607,0.008284632,0.014619938,0.014132607,0.011695951,0.012183282,0.010721288,0.009259294,0.017056595,0.013157944,0.021442576,0.017056595,0.012670613,0.009259294,0.014619938,0.011695951,0.011695951,0.011695951,0.013157944,0.00389865,0.006822638,0.006822638,0.013157944,0.005360644,0.014132607,0.006335307,0.018518588,0.004873313,0.011208619,0.008284632,0.008284632,0.005360644,0.168818858,0.131860764,0
0.009835817,0.013278354,0.013770144,0.012786563,0.010819399,0.012294772,0.013770144,0.006393281,0.010819399,0.012786563,0.013770144,0.014261935,0.009835817,0.004917909,0.010819399,0.009835817,0.012294772,0.008852236,0.012786563,0.006393281,0.010819399,0.010327608,0.007868654,0.012294772,0.007376863,0.01131119,0.016229099,0.010819399,0.008360445,0.00590149,0.010327608,0.007376863,0.014753726,0.008360445,0.012786563,0.013278354,0.012294772,0.011802981,0.010819399,0.008852236,0.017212681,0.013278354,0.020163426,0.017704471,0.01131119,0.010327608,0.014753726,0.011802981,0.012786563,0.012786563,0.012786563,0.002950745,0.006393281,0.006393281,0.013278354,0.004426118,0.013770144,0.006393281,0.018196262,0.0054097,0.011802981,0.009344027,0.007868654,0.003934327,0.169335586,0.133304954,0
0.008546124,0.013573255,0.014075968,0.011562403,0.010556976,0.011562403,0.014578682,0.008546124,0.013573255,0.014075968,0.012065116,0.014075968,0.007540697,0.006032558,0.010556976,0.009048837,0.012065116,0.009048837,0.012065116,0.007037984,0.00955155,0.00955155,0.008546124,0.011562403,0.006535271,0.01105969,0.017594961,0.010054263,0.010556976,0.006032558,0.010054263,0.008043411,0.015081395,0.009048837,0.014075968,0.012065116,0.012567829,0.012065116,0.01105969,0.009048837,0.018600387,0.013070542,0.019605813,0.016589534,0.01105969,0.010556976,0.015584108,0.01105969,0.011562403,0.013573255,0.013573255,0.002513566,0.007540697,0.006032558,0.01105969,0.005529845,0.011562403,0.006535271,0.018600387,0.007540697,0.012065116,0.007540697,0.008546124,0.004021705,0.169483337,0.132248083,0
0.009275243,0.013668778,0.013180608,0.011716096,0.010739755,0.011716096,0.013668778,0.006346219,0.013180608,0.012692437,0.012692437,0.01464512,0.009275243,0.006834389,0.011227925,0.009763413,0.012204266,0.008787072,0.012204266,0.00732256,0.010739755,0.010739755,0.007810731,0.010739755,0.006834389,0.011716096,0.016109632,0.011227925,0.007810731,0.007810731,0.009763413,0.006346219,0.014156949,0.008298901,0.01464512,0.014156949,0.011716096,0.011716096,0.011227925,0.009275243,0.016597802,0.013180608,0.021479509,0.017085973,0.012204266,0.009275243,0.014156949,0.011716096,0.012204266,0.011716096,0.012692437,0.003905365,0.00732256,0.006346219,0.013180608,0.005369877,0.01464512,0.006346219,0.018062314,0.004393536,0.011227925,0.008298901,0.008298901,0.005369877,0.168895782,0.132043834,0
0.008932282,0.012902186,0.012902186,0.012405948,0.010420996,0.012405948,0.013894662,0.006451093,0.010917234,0.012902186,0.013398424,0.014887137,0.00942852,0.004962379,0.010917234,0.009924758,0.01190971,0.008932282,0.012902186,0.006451093,0.010917234,0.010420996,0.007939807,0.01190971,0.006947331,0.011413472,0.016872089,0.010917234,0.008436045,0.006451093,0.009924758,0.007443569,0.014390899,0.008436045,0.013398424,0.013398424,0.012405948,0.01190971,0.010917234,0.00942852,0.017864565,0.013894662,0.02133823,0.016872089,0.011413472,0.010420996,0.014887137,0.011413472,0.01190971,0.012902186,0.012902186,0.002977427,0.006451093,0.006451093,0.013398424,0.004466141,0.013894662,0.006451093,0.017864565,0.005458617,0.01190971,0.008932282,0.007939807,0.003969903,0.169284863,0.133004631,0
0.007538982,0.012062371,0.01658576,0.00804158,0.010051976,0.009549377,0.016083161,0.008544179,0.011057173,0.017088358,0.013067568,0.012564969,0.003518191,0.005528587,0.010051976,0.006533784,0.010554574,0.011057173,0.013570167,0.006031185,0.009549377,0.010554574,0.012564969,0.009549377,0.00804158,0.016083161,0.017590957,0.012062371,0.007036383,0.005528587,0.012564969,0.00804158,0.01658576,0.012564969,0.013570167,0.010051976,0.014575365,0.017088358,0.015077963,0.010051976,0.017590957,0.015580562,0.024124741,0.016083161,0.011559772,0.009549377,0.017088358,0.009549377,0.009549377,0.008544179,0.009549377,0.001507796,0.007036383,0.005025988,0.010554574,0.005025988,0.016083161,0.00804158,0.018596155,0.007036383,0.007036383,0.007036383,0.010051976,0.005528587,0.166256513,0.128597402,0
0.007605751,0.011662151,0.016732652,0.007098701,0.009633951,0.009126901,0.016225602,0.008619851,0.010141001,0.017746752,0.012676252,0.013690352,0.0040564,0.005577551,0.009633951,0.006084601,0.010648051,0.011155101,0.013690352,0.006084601,0.010648051,0.011662151,0.011662151,0.009633951,0.007605751,0.015718552,0.018253802,0.012169201,0.007098701,0.006084601,0.012169201,0.008112801,0.015718552,0.012169201,0.013690352,0.009633951,0.014197402,0.017239702,0.015211502,0.010141001,0.017239702,0.015718552,0.022817253,0.016225602,0.012169201,0.009126901,0.017746752,0.010141001,0.009126901,0.008619851,0.009633951,0.00253525,0.007098701,0.005577551,0.010648051,0.005070501,0.016225602,0.007605751,0.018760852,0.007098701,0.006591651,0.007605751,0.010141001,0.00354935,0.167087562,0.129126954,0
0.006920862,0.012358682,0.015819113,0.008403904,0.011369987,0.009886946,0.015819113,0.008403904,0.010381293,0.01631346,0.012358682,0.012853029,0.003460431,0.005932167,0.01087564,0.006426515,0.01087564,0.011864335,0.013347376,0.006920862,0.008898251,0.009886946,0.012358682,0.009886946,0.009392598,0.015819113,0.017796502,0.01087564,0.007415209,0.00543782,0.012358682,0.008403904,0.01631346,0.012358682,0.013347376,0.009886946,0.015819113,0.015819113,0.014830418,0.010381293,0.016807807,0.01631346,0.023728669,0.015819113,0.011369987,0.008898251,0.016807807,0.009392598,0.009392598,0.008898251,0.009392598,0.001483042,0.006920862,0.00543782,0.010381293,0.004943473,0.015324766,0.008403904,0.018785197,0.007415209,0.006920862,0.007415209,0.009886946,0.00543782,0.167489435,0.12905439,0
0.007307005,0.011482437,0.015135939,0.008872792,0.00991665,0.008350863,0.015135939,0.008872792,0.010438579,0.017223655,0.012526294,0.013048223,0.003653503,0.005219289,0.011482437,0.007828934,0.00991665,0.010438579,0.015135939,0.006785076,0.008872792,0.00991665,0.012004365,0.00991665,0.008872792,0.016179797,0.016701726,0.010438579,0.007307005,0.006263147,0.011482437,0.008350863,0.016701726,0.012004365,0.014092081,0.010438579,0.016701726,0.016701726,0.014092081,0.009394721,0.017745584,0.015657868,0.022964873,0.015657868,0.010438579,0.007828934,0.017223655,0.010960508,0.008872792,0.008350863,0.008872792,0.002087716,0.006263147,0.005741218,0.010960508,0.005219289,0.016179797,0.008350863,0.019833299,0.007307005,0.006785076,0.008872792,0.011482437,0.007307005,0.165815166,0.128014987,0
0.007340253,0.011534683,0.016253417,0.00838886,0.011534683,0.009437468,0.015204809,0.00838886,0.011010379,0.017826328,0.012058987,0.01258329,0.003670126,0.005767341,0.011010379,0.006815949,0.009961772,0.013107594,0.013107594,0.006291645,0.00838886,0.009961772,0.013631898,0.008913164,0.008913164,0.016777721,0.016777721,0.010486075,0.007340253,0.005767341,0.011534683,0.008913164,0.016777721,0.012058987,0.014156202,0.010486075,0.016253417,0.016777721,0.014156202,0.011010379,0.017302024,0.015204809,0.023069366,0.015204809,0.010486075,0.007864557,0.016777721,0.010486075,0.009437468,0.007864557,0.009437468,0.002097215,0.006291645,0.005243038,0.009961772,0.005243038,0.016253417,0.00838886,0.018874936,0.007340253,0.007340253,0.007340253,0.011534683,0.005243038,0.167386045,0.127949688,0
0.007441798,0.011906876,0.017364195,0.007937918,0.010418517,0.010914637,0.015379715,0.007937918,0.009922397,0.016868075,0.014387476,0.012402996,0.003472839,0.006449558,0.009922397,0.006449558,0.009426277,0.011906876,0.013395236,0.005953438,0.008930157,0.009922397,0.011410756,0.011906876,0.008930157,0.014387476,0.017364195,0.010418517,0.008434037,0.005457318,0.012402996,0.008930157,0.017860314,0.011410756,0.012899116,0.010418517,0.013891356,0.015875835,0.014883595,0.011410756,0.018356434,0.016868075,0.023813753,0.015875835,0.011906876,0.007441798,0.016371955,0.009922397,0.009922397,0.009426277,0.009922397,0.001984479,0.007441798,0.005457318,0.009426277,0.004465079,0.015379715,0.007937918,0.018852554,0.006945678,0.007441798,0.007441798,0.010418517,0.004961198,0.165892481,0.129121217,0
0.007525249,0.011037032,0.017057231,0.008528616,0.011037032,0.010033665,0.016053865,0.008026932,0.009531982,0.017057231,0.013043765,0.013043765,0.004013466,0.005518516,0.010033665,0.006521883,0.010033665,0.013043765,0.014548815,0.006020199,0.009030299,0.010033665,0.012542082,0.009030299,0.009030299,0.016555548,0.017558915,0.011037032,0.007525249,0.005518516,0.011037032,0.009030299,0.016555548,0.011538715,0.013545448,0.009531982,0.015552181,0.016555548,0.015552181,0.011538715,0.016555548,0.017558915,0.023077431,0.015050498,0.010535349,0.008528616,0.017558915,0.009531982,0.010033665,0.009531982,0.007525249,0.002006733,0.007525249,0.004515149,0.010033665,0.004515149,0.016053865,0.008026932,0.018562281,0.007023566,0.007023566,0.007023566,0.011037032,0.004515149,0.168547636,0.128092414,0
0.006688409,0.011833339,0.016463776,0.008231888,0.010804353,0.009260874,0.017492762,0.008231888,0.011318846,0.016463776,0.013376818,0.011318846,0.004630437,0.004630437,0.011833339,0.006688409,0.01028986,0.011833339,0.012347832,0.007202902,0.009775367,0.009260874,0.013376818,0.009775367,0.009260874,0.013376818,0.01543479,0.012862325,0.008746381,0.00514493,0.011318846,0.008231888,0.01543479,0.012862325,0.013376818,0.01028986,0.016463776,0.017492762,0.013376818,0.01028986,0.016463776,0.017492762,0.021094213,0.013891311,0.01028986,0.008231888,0.016978269,0.01028986,0.010804353,0.008746381,0.01028986,0.002057972,0.004630437,0.006173916,0.006688409,0.00514493,0.014920297,0.01028986,0.019550734,0.007717395,0.008231888,0.004630437,0.012347832,0.006173916,0.170132511,0.129642504,0
0.006861572,0.013233031,0.016173705,0.007841796,0.011272582,0.009312133,0.015683593,0.008822021,0.01078247,0.01715393,0.013233031,0.013233031,0.003430786,0.005391235,0.010292358,0.006861572,0.01078247,0.012252807,0.014703368,0.005881347,0.008822021,0.010292358,0.012252807,0.010292358,0.009312133,0.016173705,0.016663817,0.010292358,0.007351684,0.005881347,0.012252807,0.006861572,0.01715393,0.011272582,0.013723144,0.010292358,0.016663817,0.016663817,0.014213256,0.009802245,0.016173705,0.016663817,0.022545165,0.016173705,0.011272582,0.007841796,0.016663817,0.01078247,0.009312133,0.008331909,0.009802245,0.001960449,0.006861572,0.005391235,0.010292358,0.003430786,0.016173705,0.007841796,0.019114379,0.006861572,0.006861572,0.006861572,0.01078247,0.006861572,0.166798133,0.128910529,0
0.005923663,0.012340965,0.018264627,0.007404579,0.012340965,0.009872772,0.012834603,0.00691094,0.01036641,0.015302796,0.014809157,0.011353687,0.003949109,0.005430024,0.012340965,0.007404579,0.012340965,0.01036641,0.013328242,0.00691094,0.008885494,0.008391856,0.012834603,0.010860049,0.011353687,0.014315519,0.01382188,0.011847326,0.005923663,0.007404579,0.01036641,0.007898217,0.016290073,0.011847326,0.013328242,0.012834603,0.012340965,0.015796435,0.015302796,0.011353687,0.016290073,0.016783712,0.024681929,0.017770989,0.009379133,0.008885494,0.01727735,0.012340965,0.009872772,0.007404579,0.00691094,0.001974554,0.009379133,0.00691094,0.01036641,0.002468193,0.015796435,0.008391856,0.022213736,0.00691094,0.00691094,0.007404579,0.013328242,0.003949109,0.164617456,0.128985736,0
0.008986284,0.011824058,0.016080718,0.01229702,0.010405171,0.008986284,0.011824058,0.01229702,0.011351095,0.015607756,0.015607756,0.011351095,0.005675548,0.009459246,0.011351095,0.005202585,0.010878133,0.010405171,0.012769982,0.007567397,0.009459246,0.008513322,0.010405171,0.011824058,0.009459246,0.008986284,0.017026643,0.009932208,0.008986284,0.007094435,0.012769982,0.009932208,0.017972568,0.01229702,0.016553681,0.009932208,0.012769982,0.013715907,0.013715907,0.010878133,0.022702191,0.014661832,0.020337379,0.015134794,0.010405171,0.009459246,0.017026643,0.007094435,0.011351095,0.008986284,0.008513322,0.001891849,0.008986284,0.008986284,0.009459246,0.003783698,0.012769982,0.011824058,0.019864417,0.007567397,0.00614851,0.005202585,0.010878133,0.002364812,0.16382231,0.128626079,0
0.009157268,0.011192216,0.01577085,0.013227164,0.009666005,0.009157268,0.012718427,0.011700953,0.01220969,0.016788324,0.014753375,0.010683479,0.006104845,0.00864853,0.011192216,0.006104845,0.010683479,0.009666005,0.013227164,0.007122319,0.009666005,0.009157268,0.011192216,0.011700953,0.009666005,0.009157268,0.017297061,0.010683479,0.009157268,0.007122319,0.011700953,0.009666005,0.018314535,0.012718427,0.016279587,0.009666005,0.013227164,0.014753375,0.013735901,0.010174742,0.023401906,0.013735901,0.019840746,0.014244638,0.010174742,0.009666005,0.016788324,0.006613582,0.011192216,0.009666005,0.009157268,0.002034948,0.008139793,0.00864853,0.009157268,0.004578634,0.011700953,0.011700953,0.019332009,0.007631056,0.006613582,0.005087371,0.010683479,0.002034948,0.164682008,0.128682183,0
0.00911712,0.011516363,0.01535515,0.012476059,0.010076817,0.008637272,0.011996211,0.012476059,0.011996211,0.015834998,0.01535515,0.011036514,0.005758181,0.009596969,0.011516363,0.005278333,0.010556666,0.010076817,0.012955908,0.007677575,0.009596969,0.008637272,0.010556666,0.011996211,0.009596969,0.009596969,0.017274544,0.009596969,0.00911712,0.007197727,0.012476059,0.010076817,0.017754392,0.012476059,0.016794695,0.010076817,0.012955908,0.014395453,0.013915605,0.011036514,0.023032725,0.014875302,0.019673786,0.014395453,0.009596969,0.00911712,0.016794695,0.007197727,0.011036514,0.00911712,0.008637272,0.001919394,0.008637272,0.00911712,0.009596969,0.003838788,0.012476059,0.011996211,0.019673786,0.007677575,0.00623803,0.005278333,0.011036514,0.002399242,0.163791477,0.128432076,0
0.009470056,0.011463751,0.015949567,0.012959023,0.010466904,0.008473208,0.011962175,0.011962175,0.011962175,0.016447991,0.015451143,0.010965328,0.005981088,0.008971632,0.011463751,0.005981088,0.010965328,0.00996848,0.013457447,0.00747636,0.009470056,0.008971632,0.010965328,0.010965328,0.009470056,0.009470056,0.016946415,0.00996848,0.008473208,0.00747636,0.012460599,0.00996848,0.018441687,0.011962175,0.016447991,0.00996848,0.013457447,0.013955871,0.013955871,0.010965328,0.023425927,0.014454295,0.019438535,0.013955871,0.00996848,0.009470056,0.016447991,0.006479512,0.010965328,0.009470056,0.008971632,0.001993696,0.008473208,0.008971632,0.008971632,0.003987392,0.011962175,0.012460599,0.019438535,0.00747636,0.006977936,0.004485816,0.010965328,0.001993696,0.164640877,0.128593922,0
0.008784863,0.012021392,0.015720282,0.012021392,0.010171947,0.009709586,0.011559031,0.012021392,0.011559031,0.015720282,0.015720282,0.011096669,0.005548335,0.009709586,0.011096669,0.005085973,0.010634308,0.010634308,0.012483753,0.00739778,0.009247224,0.008784863,0.010171947,0.013408475,0.009247224,0.008784863,0.016645004,0.009709586,0.009247224,0.00739778,0.012946114,0.010171947,0.018032088,0.012021392,0.016182643,0.010171947,0.012483753,0.013870837,0.013408475,0.010634308,0.023118061,0.014333198,0.020806255,0.01525792,0.010171947,0.009247224,0.017569726,0.006935418,0.011096669,0.008784863,0.009709586,0.001849445,0.009247224,0.009247224,0.009247224,0.00369889,0.012483753,0.011559031,0.020343894,0.007860141,0.006473057,0.005085973,0.010634308,0.002311806,0.16316894,0.128493668,0
0.009172976,0.012069706,0.015932012,0.012069706,0.010138553,0.009172976,0.013518071,0.011586918,0.011586918,0.015932012,0.014966435,0.010138553,0.005793459,0.008690188,0.011104129,0.006276247,0.010621341,0.010621341,0.012552494,0.007724612,0.009655765,0.008690188,0.010621341,0.010621341,0.009655765,0.009172976,0.018828741,0.010138553,0.008690188,0.006759035,0.012069706,0.010138553,0.018345953,0.012552494,0.015932012,0.009655765,0.013035282,0.013518071,0.014000859,0.011104129,0.022691047,0.014966435,0.020759894,0.014966435,0.009655765,0.009172976,0.017380377,0.006759035,0.011104129,0.009172976,0.008690188,0.001931153,0.008690188,0.0082074,0.009655765,0.004345094,0.012552494,0.011586918,0.018828741,0.007724612,0.006759035,0.006276247,0.010138553,0.001931153,0.164750956,0.128447066,0
0.008903767,0.010882382,0.015334266,0.012860997,0.010387729,0.009398421,0.011377036,0.01187169,0.011377036,0.016818227,0.015334266,0.010882382,0.005935845,0.009398421,0.011377036,0.005441191,0.010387729,0.010387729,0.013355651,0.007419806,0.009893075,0.009398421,0.010882382,0.01187169,0.009893075,0.008903767,0.017312881,0.010387729,0.008903767,0.006925152,0.01187169,0.010387729,0.017807535,0.01187169,0.016818227,0.009893075,0.013355651,0.014344959,0.014839612,0.010387729,0.02374338,0.014344959,0.020280804,0.013850305,0.009893075,0.009398421,0.016818227,0.006430499,0.010882382,0.009893075,0.008903767,0.001978615,0.008409114,0.008903767,0.009398421,0.00395723,0.011377036,0.012366344,0.019291496,0.007419806,0.006925152,0.004946537,0.010387729,0.001978615,0.164796627,0.128343168,0
0.01058192,0.01225275,0.016708295,0.011695807,0.010024977,0.007797204,0.01225275,0.011695807,0.01225275,0.017822182,0.017265238,0.008911091,0.006126375,0.008354148,0.011138863,0.006126375,0.011138863,0.007797204,0.013366636,0.007797204,0.008354148,0.008911091,0.010024977,0.011695807,0.010024977,0.009468034,0.016708295,0.009468034,0.008911091,0.006683318,0.012809693,0.01058192,0.017822182,0.01225275,0.017265238,0.010024977,0.013923579,0.013923579,0.015594409,0.011695807,0.02283467,0.015594409,0.020606897,0.014480523,0.010024977,0.008354148,0.016151352,0.006126375,0.011695807,0.009468034,0.008911091,0.002227773,0.007240261,0.008354148,0.007797204,0.003898602,0.01225275,0.01225275,0.018936068,0.007797204,0.007240261,0.004455545,0.011138863,0.002227773,0.164451425,0.128230745,0
0.009162912,0.011708166,0.015780571,0.012726267,0.009671963,0.009162912,0.013235318,0.011708166,0.012217216,0.016289622,0.01527152,0.010181014,0.006108608,0.008653861,0.010690064,0.006108608,0.010690064,0.009671963,0.012726267,0.007126709,0.009671963,0.009162912,0.011199115,0.011199115,0.009162912,0.009162912,0.018325824,0.010690064,0.009162912,0.007126709,0.011708166,0.010181014,0.017816774,0.012726267,0.016289622,0.009671963,0.012726267,0.014253419,0.013744368,0.010690064,0.023416331,0.014253419,0.021889179,0.014253419,0.010181014,0.009162912,0.016798672,0.006617659,0.011199115,0.009671963,0.009162912,0.002036203,0.008144811,0.008653861,0.009671963,0.004581456,0.011708166,0.011708166,0.018325824,0.00763576,0.006617659,0.006108608,0.010181014,0.002036203,0.16424013,0.128179431,0
0.008463572,0.011754961,0.016456946,0.011754961,0.011284763,0.009874167,0.011284763,0.011754961,0.01222516,0.015516549,0.01504635,0.01222516,0.006582778,0.00893377,0.011284763,0.005642381,0.011284763,0.009874167,0.012695358,0.007052977,0.009403969,0.007993374,0.009874167,0.010814564,0.007993374,0.00893377,0.016927144,0.010344366,0.009403969,0.006582778,0.013635755,0.009403969,0.017397342,0.01222516,0.01504635,0.011284763,0.011754961,0.012695358,0.013635755,0.011284763,0.023039724,0.013635755,0.02115893,0.01504635,0.011754961,0.009874167,0.016456946,0.00611258,0.011284763,0.010344366,0.010344366,0.002350992,0.008463572,0.007993374,0.009403969,0.005172183,0.012695358,0.011284763,0.019748335,0.006582778,0.006582778,0.005642381,0.00893377,0.003761588,0.165080946,0.129621387,0
0.01111232,0.012170636,0.016403901,0.011641478,0.008466529,0.010583162,0.013228952,0.008466529,0.012699794,0.015345584,0.01375811,0.013228952,0.006349897,0.006349897,0.013228952,0.006879055,0.010054004,0.009524846,0.010583162,0.007937371,0.006879055,0.008995687,0.010583162,0.010054004,0.009524846,0.010583162,0.013228952,0.011641478,0.005291581,0.006879055,0.01375811,0.007937371,0.017462217,0.008466529,0.018520533,0.012170636,0.012699794,0.011641478,0.012170636,0.010583162,0.017462217,0.012699794,0.025399588,0.014816426,0.013228952,0.011641478,0.017462217,0.008995687,0.012699794,0.010583162,0.009524846,0.001058316,0.010054004,0.005291581,0.008995687,0.004762423,0.016933059,0.008466529,0.017462217,0.011641478,0.008995687,0.004233265,0.010583162,0.004762423,0.167246921,0.127914509,0
0.010553446,0.012664135,0.016885514,0.011081118,0.008442757,0.011081118,0.013191808,0.008442757,0.013191808,0.015302497,0.01371948,0.013191808,0.006332068,0.00685974,0.013191808,0.006332068,0.010025774,0.009498101,0.010553446,0.007915085,0.007387412,0.009498101,0.010553446,0.010025774,0.009498101,0.010553446,0.013191808,0.011608791,0.005276723,0.00685974,0.01371948,0.007915085,0.017940858,0.008442757,0.018468531,0.012664135,0.012664135,0.011608791,0.012136463,0.010553446,0.017413186,0.012664135,0.02532827,0.014247152,0.013191808,0.011608791,0.017413186,0.008970429,0.012664135,0.010553446,0.009498101,0.001055345,0.010025774,0.005276723,0.008970429,0.004749051,0.017413186,0.008442757,0.017413186,0.011608791,0.008970429,0.003693706,0.010553446,0.004221378,0.167035169,0.127994638,0
0.011448267,0.014310333,0.0171724,0.01030344,0.007441373,0.01030344,0.014310333,0.009158613,0.014310333,0.014882747,0.014882747,0.012593093,0.005724133,0.00515172,0.012593093,0.007441373,0.010875853,0.008013787,0.010875853,0.00686896,0.00686896,0.0085862,0.009731027,0.010875853,0.01030344,0.010875853,0.01202068,0.010875853,0.00515172,0.008013787,0.014882747,0.008013787,0.017744813,0.009158613,0.01888964,0.012593093,0.012593093,0.01202068,0.01202068,0.011448267,0.0171724,0.01373792,0.0257586,0.014310333,0.013165507,0.01030344,0.016599987,0.009158613,0.013165507,0.009731027,0.009731027,0.001144827,0.009731027,0.00515172,0.008013787,0.004579307,0.0171724,0.0085862,0.017744813,0.011448267,0.009731027,0.004006893,0.010875853,0.004579307,0.165161833,0.127907697,0
0.012318117,0.013857881,0.01899043,0.010778352,0.007185568,0.011291607,0.012831372,0.008212078,0.011804862,0.015397646,0.015910901,0.012318117,0.006672313,0.005645803,0.013857881,0.007698823,0.010778352,0.008212078,0.011804862,0.006672313,0.007185568,0.009238588,0.010778352,0.009238588,0.010778352,0.011291607,0.012831372,0.010778352,0.006159058,0.006159058,0.012831372,0.007698823,0.01899043,0.007698823,0.01693741,0.014884391,0.013857881,0.010778352,0.013344626,0.010265097,0.02001694,0.011804862,0.026689253,0.014884391,0.011804862,0.011804862,0.015910901,0.008725333,0.013857881,0.009238588,0.007698823,0.001539765,0.009238588,0.005132549,0.008725333,0.005132549,0.015910901,0.009751842,0.018477175,0.010265097,0.007698823,0.004619294,0.011804862,0.003079529,0.164801999,0.127419546,0
0.012842529,0.01395927,0.019542979,0.010050675,0.007258821,0.010609046,0.01395927,0.008375562,0.012284158,0.016192754,0.016192754,0.011167416,0.006142079,0.004466967,0.01395927,0.008375562,0.011167416,0.007817191,0.011725787,0.006142079,0.00670045,0.008933933,0.009492304,0.010609046,0.012842529,0.009492304,0.012842529,0.010609046,0.005583708,0.00670045,0.014517641,0.007258821,0.018426237,0.009492304,0.017309495,0.015076012,0.01395927,0.011167416,0.014517641,0.010609046,0.020101349,0.0134009,0.025126687,0.01395927,0.011167416,0.010609046,0.015076012,0.008933933,0.01395927,0.008933933,0.007258821,0.001675112,0.008933933,0.005025337,0.007817191,0.004466967,0.015634383,0.011167416,0.018426237,0.010050675,0.008933933,0.004466967,0.011725787,0.003350225,0.1644984,0.126929034,0
0.012738852,0.013269638,0.018577493,0.011146496,0.007430997,0.01061571,0.012738852,0.007961783,0.011677281,0.015923565,0.01539278,0.011677281,0.006900212,0.005838641,0.014331209,0.007961783,0.010084925,0.008492568,0.011146496,0.006900212,0.006900212,0.009023354,0.01061571,0.009554139,0.011146496,0.011146496,0.012738852,0.011146496,0.005838641,0.006369426,0.013269638,0.007430997,0.019108278,0.007961783,0.017515922,0.01539278,0.012738852,0.011146496,0.013800423,0.01061571,0.020700635,0.011146496,0.023885348,0.014861994,0.011677281,0.011677281,0.016454351,0.009023354,0.013800423,0.009023354,0.007430997,0.001592357,0.009554139,0.005307855,0.009023354,0.00477707,0.016454351,0.010084925,0.018577493,0.01061571,0.007961783,0.00477707,0.011677281,0.002653928,0.165706456,0.127287256,0
0.012846895,0.012846895,0.017129193,0.011241033,0.008564597,0.010705746,0.013382182,0.009099884,0.012311608,0.015523332,0.014452757,0.012846895,0.005352873,0.00588816,0.013382182,0.007494022,0.010705746,0.010170459,0.010705746,0.007494022,0.006958735,0.009635171,0.011241033,0.010170459,0.009635171,0.010170459,0.013382182,0.011776321,0.005352873,0.006423448,0.01391747,0.007494022,0.017664481,0.008564597,0.018199768,0.012311608,0.012846895,0.011241033,0.012311608,0.010170459,0.017664481,0.012311608,0.024623216,0.014452757,0.01391747,0.012846895,0.015523332,0.008564597,0.012846895,0.010170459,0.009099884,0.001070575,0.010705746,0.006423448,0.008029309,0.003747011,0.017129193,0.008564597,0.017129193,0.011241033,0.008564597,0.003747011,0.011241033,0.005352873,0.166122018,0.127298752,0
0.00995046,0.012569002,0.017806086,0.011521585,0.008379335,0.011521585,0.013092711,0.008903043,0.012045294,0.014663836,0.014140127,0.013092711,0.005760793,0.006284501,0.013092711,0.007331918,0.010997877,0.010474168,0.010474168,0.007331918,0.007331918,0.00995046,0.010997877,0.010474168,0.009426752,0.010474168,0.013616419,0.011521585,0.005237084,0.006284501,0.014140127,0.007331918,0.017806086,0.008379335,0.017806086,0.012569002,0.012569002,0.011521585,0.012045294,0.00995046,0.017806086,0.012569002,0.02670913,0.015187544,0.013616419,0.012569002,0.016234961,0.008379335,0.013092711,0.010474168,0.007855626,0.001047417,0.010997877,0.005760793,0.008379335,0.003665959,0.017282378,0.008379335,0.017806086,0.010997877,0.008379335,0.003665959,0.010997877,0.005237084,0.165976848,0.128064199,0
0.012393135,0.014458657,0.018589702,0.010843993,0.006712948,0.009811232,0.013942277,0.007745709,0.012393135,0.016007799,0.014975038,0.011876754,0.006196567,0.006196567,0.014975038,0.00826209,0.010843993,0.007229329,0.011876754,0.007745709,0.006196567,0.00877847,0.00877847,0.009811232,0.011360373,0.010843993,0.013425896,0.010327612,0.005680187,0.006712948,0.013942277,0.007229329,0.019622463,0.007745709,0.01704056,0.015491418,0.014975038,0.010327612,0.013942277,0.011876754,0.019622463,0.013425896,0.023237128,0.013942277,0.010843993,0.010843993,0.014975038,0.009294851,0.013425896,0.00877847,0.007229329,0.001549142,0.009811232,0.005163806,0.009294851,0.004131045,0.01652418,0.010843993,0.018589702,0.009811232,0.00826209,0.004647426,0.011876754,0.004131045,0.16514708,0.127411481,0
0.012975373,0.014103667,0.019745133,0.01015464,0.006205613,0.010718787,0.01353952,0.0084622,0.01184708,0.01523196,0.0169244,0.011282933,0.006205613,0.004513173,0.014103667,0.0084622,0.011282933,0.00676976,0.011282933,0.006205613,0.00676976,0.009026347,0.009026347,0.010718787,0.011282933,0.01015464,0.01184708,0.011282933,0.005641467,0.00676976,0.014667813,0.007333907,0.019180987,0.0084622,0.0169244,0.01523196,0.01353952,0.011282933,0.014103667,0.010718787,0.02030928,0.012975373,0.0253866,0.014667813,0.010718787,0.01015464,0.016360253,0.01015464,0.01353952,0.009026347,0.007333907,0.00169244,0.009026347,0.004513173,0.0084622,0.004513173,0.016360253,0.011282933,0.019180987,0.01015464,0.009026347,0.00507732,0.01184708,0.00338488,0.163945326,0.126922318,0
0.010633986,0.012084075,0.015950979,0.014017527,0.008700534,0.009183897,0.013050801,0.010150623,0.016434342,0.014017527,0.014984253,0.012084075,0.008700534,0.006283719,0.014017527,0.006767082,0.008217171,0.009183897,0.011600712,0.006767082,0.008700534,0.006767082,0.007733808,0.007733808,0.011600712,0.009183897,0.012567438,0.009183897,0.008700534,0.005800356,0.011600712,0.011117349,0.01933452,0.010633986,0.018851157,0.010633986,0.011600712,0.009183897,0.014017527,0.012567438,0.016434342,0.012567438,0.022234698,0.014984253,0.014017527,0.00966726,0.013534164,0.008700534,0.01450089,0.009183897,0.011117349,0.004350267,0.006767082,0.005800356,0.007733808,0.006767082,0.014984253,0.011117349,0.016434342,0.00966726,0.007733808,0.005316993,0.013534164,0.005316993,0.168452371,0.128737835,0
0.010646683,0.011614564,0.016453965,0.014034264,0.008710923,0.009194863,0.013066384,0.010162743,0.016453965,0.013550324,0.015970025,0.012098504,0.008710923,0.006291222,0.013550324,0.006775162,0.008226983,0.009194863,0.011130624,0.006775162,0.008226983,0.006775162,0.007743042,0.008226983,0.011614564,0.009194863,0.012098504,0.009194863,0.008710923,0.005807282,0.012098504,0.011130624,0.019357606,0.011130624,0.018873666,0.010162743,0.011614564,0.009194863,0.014034264,0.012582444,0.016453965,0.012582444,0.022261247,0.015002145,0.014034264,0.009678803,0.013550324,0.008710923,0.014518205,0.009194863,0.011614564,0.004355461,0.006775162,0.005807282,0.007259102,0.006775162,0.015002145,0.011614564,0.015970025,0.009678803,0.008226983,0.004839402,0.013550324,0.005323342,0.168464658,0.128370299,0
0.010646683,0.011614564,0.016453965,0.014034264,0.008710923,0.009194863,0.013066384,0.010162743,0.016453965,0.013550324,0.015970025,0.012098504,0.008710923,0.006291222,0.013550324,0.006775162,0.008226983,0.009194863,0.011130624,0.006775162,0.008226983,0.006775162,0.007743042,0.008226983,0.011614564,0.009194863,0.012098504,0.009194863,0.008710923,0.005807282,0.012098504,0.011130624,0.019357606,0.011130624,0.018873666,0.010162743,0.011614564,0.009194863,0.014034264,0.012582444,0.016453965,0.012582444,0.022261247,0.015002145,0.014034264,0.009678803,0.013550324,0.008710923,0.014518205,0.009194863,0.011614564,0.004355461,0.006775162,0.005807282,0.007259102,0.006775162,0.015002145,0.011614564,0.015970025,0.009678803,0.008226983,0.004839402,0.013550324,0.005323342,0.168464658,0.128370299,0
0.010633986,0.012084075,0.015950979,0.014017527,0.008700534,0.009183897,0.013050801,0.010150623,0.016434342,0.014017527,0.014984253,0.012084075,0.008700534,0.006283719,0.014017527,0.006767082,0.008217171,0.009183897,0.011600712,0.006767082,0.008700534,0.006767082,0.007733808,0.007733808,0.011600712,0.009183897,0.012567438,0.009183897,0.008700534,0.005800356,0.011600712,0.011117349,0.01933452,0.010633986,0.018851157,0.010633986,0.011600712,0.009183897,0.014017527,0.012567438,0.016434342,0.012567438,0.022234698,0.014984253,0.014017527,0.00966726,0.013534164,0.008700534,0.01450089,0.009183897,0.011117349,0.004350267,0.006767082,0.005800356,0.007733808,0.006767082,0.014984253,0.011117349,0.016434342,0.00966726,0.007733808,0.005316993,0.013534164,0.005316993,0.168452371,0.128737835,0
0.010633986,0.012084075,0.015950979,0.014017527,0.008700534,0.009183897,0.013050801,0.010150623,0.016434342,0.014017527,0.014984253,0.012084075,0.008700534,0.006283719,0.014017527,0.006767082,0.008217171,0.009183897,0.011600712,0.006767082,0.008700534,0.006767082,0.007733808,0.007733808,0.011600712,0.009183897,0.012567438,0.009183897,0.008700534,0.005800356,0.011600712,0.011117349,0.01933452,0.010633986,0.018851157,0.010633986,0.011600712,0.009183897,0.014017527,0.012567438,0.016434342,0.012567438,0.022234698,0.014984253,0.014017527,0.00966726,0.013534164,0.008700534,0.01450089,0.009183897,0.011117349,0.004350267,0.006767082,0.005800356,0.007733808,0.006767082,0.014984253,0.011117349,0.016434342,0.00966726,0.007733808,0.005316993,0.013534164,0.005316993,0.168452371,0.128737835,0
0.010646683,0.011614564,0.016453965,0.014034264,0.008710923,0.009194863,0.013066384,0.010162743,0.016453965,0.013550324,0.015970025,0.012098504,0.008710923,0.006291222,0.013550324,0.006775162,0.008226983,0.009194863,0.011130624,0.006775162,0.008226983,0.006775162,0.007743042,0.008226983,0.011614564,0.009194863,0.012098504,0.009194863,0.008710923,0.005807282,0.012098504,0.011130624,0.019357606,0.011130624,0.018873666,0.010162743,0.011614564,0.009194863,0.014034264,0.012582444,0.016453965,0.012582444,0.022261247,0.015002145,0.014034264,0.009678803,0.013550324,0.008710923,0.014518205,0.009194863,0.011614564,0.004355461,0.006775162,0.005807282,0.007259102,0.006775162,0.015002145,0.011614564,0.015970025,0.009678803,0.008226983,0.004839402,0.013550324,0.005323342,0.168464658,0.128370299,0
0.01131716,0.010288328,0.015432491,0.014918075,0.008230662,0.007716246,0.011831577,0.010802744,0.016461324,0.015432491,0.014403659,0.013374826,0.008745078,0.006172997,0.014918075,0.006172997,0.008745078,0.008230662,0.010802744,0.006687413,0.008230662,0.007716246,0.008745078,0.007201829,0.009773911,0.010288328,0.01131716,0.009259495,0.010288328,0.006172997,0.01131716,0.010802744,0.01851899,0.010802744,0.020576655,0.010802744,0.01131716,0.009773911,0.013374826,0.01286041,0.017490157,0.010802744,0.021091072,0.013889242,0.013889242,0.010288328,0.014403659,0.008745078,0.013889242,0.009259495,0.01286041,0.003600915,0.006687413,0.006687413,0.006687413,0.007716246,0.016461324,0.010802744,0.016461324,0.010802744,0.006687413,0.005144164,0.013889242,0.006172997,0.167954271,0.127809704,0
0.011367859,0.009817696,0.016018346,0.014984904,0.008267534,0.007750813,0.011884579,0.010334417,0.016018346,0.015501625,0.014984904,0.012918021,0.008784254,0.006717371,0.014984904,0.006717371,0.008267534,0.008784254,0.010851138,0.006717371,0.008267534,0.007750813,0.008267534,0.007234092,0.011367859,0.009817696,0.011367859,0.008784254,0.009300975,0.00620065,0.011367859,0.010334417,0.019635392,0.010334417,0.020668834,0.011367859,0.011367859,0.009817696,0.013951463,0.0124013,0.017051788,0.010851138,0.021185555,0.014468184,0.013434742,0.009300975,0.014468184,0.009300975,0.013434742,0.009300975,0.011884579,0.004133767,0.006717371,0.00620065,0.007234092,0.007234092,0.017051788,0.011367859,0.016018346,0.010334417,0.007234092,0.005167208,0.013951463,0.005683929,0.168038082,0.127671406,0
0.010779133,0.009239257,0.016938637,0.014885469,0.007186089,0.007186089,0.011805717,0.010265841,0.016938637,0.016938637,0.014372177,0.012319009,0.008725965,0.006672796,0.015398761,0.006672796,0.008725965,0.008212673,0.011805717,0.006159504,0.008725965,0.007186089,0.008212673,0.007186089,0.010779133,0.010265841,0.011292425,0.009239257,0.009752549,0.006672796,0.011292425,0.010265841,0.018478513,0.010265841,0.020531681,0.011292425,0.011805717,0.010779133,0.014372177,0.013345593,0.015912053,0.011292425,0.018991805,0.014885469,0.013858885,0.009752549,0.014372177,0.008212673,0.014372177,0.008725965,0.011292425,0.00513292,0.007186089,0.006159504,0.007186089,0.007186089,0.016425345,0.011805717,0.016425345,0.009752549,0.007186089,0.004619628,0.013345593,0.00513292,0.169394898,0.128421595,0
0.008947983,0.012715555,0.016954073,0.013657448,0.008947983,0.008947983,0.012715555,0.00941893,0.015070287,0.015070287,0.01601218,0.011773662,0.00800609,0.006122304,0.014128394,0.006593251,0.008477037,0.008947983,0.011302715,0.006593251,0.00800609,0.006122304,0.00800609,0.00800609,0.010831769,0.00941893,0.012715555,0.010360823,0.008477037,0.006122304,0.011773662,0.011302715,0.020250699,0.009889876,0.018837859,0.009889876,0.011773662,0.009889876,0.013657448,0.014128394,0.01601218,0.013186501,0.022134484,0.015070287,0.014128394,0.00941893,0.015070287,0.00800609,0.014599341,0.008477037,0.010831769,0.004238518,0.006593251,0.005651358,0.008947983,0.006122304,0.016954073,0.011773662,0.015541234,0.00941893,0.007535144,0.005651358,0.012715555,0.005180411,0.16883998,0.128036927,0
0.008522759,0.01253347,0.01253347,0.011029453,0.010528114,0.009024098,0.012032131,0.008522759,0.011029453,0.016042841,0.014538825,0.012032131,0.007018743,0.007018743,0.011530792,0.009024098,0.009024098,0.009525437,0.014037486,0.007018743,0.007520082,0.008522759,0.010026776,0.013536147,0.009024098,0.01253347,0.014538825,0.009525437,0.008522759,0.008522759,0.01253347,0.010026776,0.014538825,0.009525437,0.016042841,0.014037486,0.013034808,0.013034808,0.014037486,0.01253347,0.021056229,0.015040164,0.020053551,0.013536147,0.007520082,0.008021421,0.015541502,0.009525437,0.012032131,0.008522759,0.011029453,0.002506694,0.008522759,0.009024098,0.009525437,0.005013388,0.013034808,0.009024098,0.02055489,0.005514727,0.011029453,0.008522759,0.009024098,0.008021421,0.164010485,0.130605844,0
0.008741533,0.010798365,0.012340988,0.01182678,0.010798365,0.010284157,0.010284157,0.008227326,0.011312573,0.015940443,0.01439782,0.012340988,0.00719891,0.00719891,0.012340988,0.009255741,0.008741533,0.009769949,0.014912028,0.00719891,0.007713118,0.009769949,0.011312573,0.013883612,0.008227326,0.01182678,0.01439782,0.009255741,0.008741533,0.008741533,0.01182678,0.010284157,0.013883612,0.009769949,0.015940443,0.01439782,0.013369404,0.013369404,0.012855196,0.012340988,0.021082522,0.014912028,0.018511482,0.012855196,0.008227326,0.008227326,0.01439782,0.009255741,0.012340988,0.009255741,0.010798365,0.002571039,0.008741533,0.009255741,0.009769949,0.005142078,0.013369404,0.008741533,0.020054106,0.005656286,0.010798365,0.008741533,0.009255741,0.00719891,0.16407707,0.130943975,0
0.010812274,0.01130374,0.013269608,0.011795207,0.010320807,0.009337873,0.01130374,0.007863472,0.010320807,0.016709877,0.014252542,0.012286674,0.007372005,0.007372005,0.011795207,0.008846406,0.008846406,0.009337873,0.014744009,0.007372005,0.008846406,0.008354939,0.010320807,0.013761075,0.009337873,0.012286674,0.014252542,0.00982934,0.008354939,0.007863472,0.012778141,0.008846406,0.015726943,0.009337873,0.015726943,0.013761075,0.012778141,0.014252542,0.014252542,0.01130374,0.022116014,0.014744009,0.02113308,0.012778141,0.006880538,0.008846406,0.015235476,0.00982934,0.011795207,0.008354939,0.00982934,0.002457335,0.008354939,0.009337873,0.00982934,0.00491467,0.013269608,0.008846406,0.02113308,0.005897604,0.00982934,0.008354939,0.009337873,0.006880538,0.162902292,0.129876727,0
0.008616606,0.01216462,0.01165776,0.011150901,0.010137183,0.009123465,0.010644042,0.009630324,0.010137183,0.016219493,0.012671479,0.01216462,0.008109746,0.007096028,0.014192056,0.008616606,0.009630324,0.009630324,0.014192056,0.007096028,0.008616606,0.009123465,0.009123465,0.01216462,0.008616606,0.01165776,0.013178338,0.009123465,0.009123465,0.007602887,0.013178338,0.008616606,0.014192056,0.009123465,0.013178338,0.016219493,0.013178338,0.01165776,0.012671479,0.01165776,0.019260648,0.013178338,0.021794943,0.014698915,0.006589169,0.009123465,0.016219493,0.011150901,0.011150901,0.008616606,0.01216462,0.003548014,0.008616606,0.009123465,0.010137183,0.005068591,0.015205774,0.008109746,0.021288084,0.006589169,0.01165776,0.009123465,0.007602887,0.006589169,0.165120109,0.13338683,0
0.008956584,0.011064015,0.012644589,0.012117731,0.010010299,0.008956584,0.010537157,0.008429726,0.011590873,0.016332594,0.015278878,0.012117731,0.00737601,0.00737601,0.011590873,0.009483441,0.008956584,0.008956584,0.01475202,0.006322294,0.00737601,0.008956584,0.010010299,0.013698304,0.00737601,0.012644589,0.013698304,0.010010299,0.008429726,0.008956584,0.012117731,0.010537157,0.014225162,0.008956584,0.016859451,0.01475202,0.012644589,0.012644589,0.013698304,0.012644589,0.02212803,0.01475202,0.019493741,0.012644589,0.007902868,0.007902868,0.015278878,0.009483441,0.012117731,0.008956584,0.011064015,0.002634289,0.008956584,0.009483441,0.009483441,0.005268579,0.013698304,0.008429726,0.020547457,0.005795436,0.011064015,0.008956584,0.009483441,0.007902868,0.163262452,0.130221158,0
0.008466652,0.010583315,0.012699978,0.012170812,0.010583315,0.009524983,0.010583315,0.008995817,0.01111248,0.015345806,0.013758309,0.012699978,0.007937486,0.006879155,0.012170812,0.009524983,0.008995817,0.008995817,0.013758309,0.006879155,0.007937486,0.008466652,0.010583315,0.012699978,0.009524983,0.011641646,0.013758309,0.010054149,0.008466652,0.007937486,0.012699978,0.010054149,0.014287475,0.01111248,0.01481664,0.01481664,0.012170812,0.012170812,0.013758309,0.012170812,0.020637464,0.014287475,0.019579132,0.012699978,0.00740832,0.008466652,0.015345806,0.010583315,0.012170812,0.008995817,0.011641646,0.002645829,0.007937486,0.009524983,0.009524983,0.005291657,0.013758309,0.008995817,0.020108298,0.006349989,0.011641646,0.008995817,0.008995817,0.006349989,0.164646558,0.132621351,0
0.00934753,0.009897385,0.013196513,0.012646658,0.010997094,0.008797675,0.00934753,0.008797675,0.012096803,0.015945786,0.013746368,0.012646658,0.008247821,0.008247821,0.012646658,0.008797675,0.00934753,0.008797675,0.014296222,0.006598256,0.007697966,0.008247821,0.010997094,0.012646658,0.007697966,0.010997094,0.013746368,0.009897385,0.008797675,0.008247821,0.013196513,0.008797675,0.014296222,0.009897385,0.014846077,0.015395932,0.012096803,0.012646658,0.012096803,0.012096803,0.020344624,0.013746368,0.019244915,0.013746368,0.007697966,0.008797675,0.015395932,0.010447239,0.012096803,0.00934753,0.012096803,0.003299128,0.008247821,0.009897385,0.009897385,0.005498547,0.014296222,0.007697966,0.020344624,0.006598256,0.012096803,0.008247821,0.007697966,0.006598256,0.164407573,0.133427969,0
0.008274335,0.013141591,0.013628316,0.011194688,0.011194688,0.009734512,0.011681414,0.009247786,0.011194688,0.014601767,0.012654865,0.013628316,0.007300884,0.007300884,0.012654865,0.008274335,0.010221237,0.009734512,0.014601767,0.007787609,0.008274335,0.007787609,0.009247786,0.011681414,0.00876106,0.012168139,0.013141591,0.009734512,0.009247786,0.007300884,0.012654865,0.009247786,0.015575218,0.010221237,0.014115042,0.013628316,0.013141591,0.012168139,0.012654865,0.012168139,0.019955749,0.014115042,0.019955749,0.014115042,0.007787609,0.00876106,0.01654867,0.010221237,0.012168139,0.00876106,0.009734512,0.002920353,0.009734512,0.007787609,0.010221237,0.005353981,0.013628316,0.009247786,0.022389377,0.005840707,0.00876106,0.009734512,0.009247786,0.005353981,0.165263211,0.131418331,0
0.008430896,0.012398376,0.013886182,0.011406506,0.010910571,0.009422766,0.009918701,0.009422766,0.011406506,0.015869922,0.013390246,0.012894311,0.007439026,0.006943091,0.011902441,0.008430896,0.009918701,0.008926831,0.014382117,0.006943091,0.008430896,0.007934961,0.009422766,0.012398376,0.008430896,0.012398376,0.013886182,0.009918701,0.008926831,0.008430896,0.012894311,0.008926831,0.014878052,0.009422766,0.014878052,0.013390246,0.012398376,0.012398376,0.014382117,0.012398376,0.019341467,0.014382117,0.020333337,0.014878052,0.007439026,0.008430896,0.015869922,0.010910571,0.012894311,0.008926831,0.010414636,0.00297561,0.008430896,0.008430896,0.010414636,0.004959351,0.013390246,0.008926831,0.021325207,0.005455286,0.011406506,0.008430896,0.008430896,0.006447156,0.164944346,0.131819747,0
0.007262147,0.01193067,0.012968119,0.010374496,0.011411945,0.009337046,0.009337046,0.008299596,0.01193067,0.016080468,0.012449395,0.012449395,0.009337046,0.009337046,0.011411945,0.009337046,0.009337046,0.009337046,0.013486844,0.008299596,0.007262147,0.008299596,0.009337046,0.012968119,0.009337046,0.01193067,0.014005569,0.009337046,0.009337046,0.008818321,0.01193067,0.009337046,0.013486844,0.008818321,0.015043019,0.015561743,0.013486844,0.011411945,0.015043019,0.01193067,0.018674092,0.013486844,0.019192817,0.013486844,0.007780872,0.007262147,0.015561743,0.009855771,0.012449395,0.008299596,0.011411945,0.005187248,0.008299596,0.008818321,0.010374496,0.006224697,0.012968119,0.010374496,0.019192817,0.005187248,0.011411945,0.008299596,0.008818321,0.008299596,0.16759221,0.131091891,0
0.010325001,0.011357501,0.013422501,0.013938751,0.008260001,0.009292501,0.012906251,0.011873751,0.014455001,0.014455001,0.013422501,0.012390001,0.007227501,0.007227501,0.009808751,0.007227501,0.008776251,0.008776251,0.014455001,0.0051625,0.006711251,0.006711251,0.011873751,0.010841251,0.008260001,0.012906251,0.013422501,0.011873751,0.008776251,0.00567875,0.014971251,0.009292501,0.018068752,0.010325001,0.014971251,0.010325001,0.014455001,0.013422501,0.013938751,0.009292501,0.018068752,0.012390001,0.021682502,0.013938751,0.012906251,0.011357501,0.017552502,0.006711251,0.011873751,0.011873751,0.011873751,0.002065,0.007743751,0.006711251,0.007743751,0.006195001,0.012906251,0.011357501,0.017552502,0.010325001,0.009292501,0.00413,0.009808751,0.00361375,0.170243519,0.129205171,0
0.011500322,0.013417042,0.013417042,0.012937862,0.009104421,0.011021142,0.012937862,0.010541961,0.013896222,0.015333762,0.013896222,0.011979502,0.006708521,0.004791801,0.010541961,0.008146061,0.008625241,0.010062781,0.011979502,0.005270981,0.007187701,0.005270981,0.011021142,0.011021142,0.008625241,0.011979502,0.015333762,0.010541961,0.010062781,0.005750161,0.013896222,0.008625241,0.019167203,0.009583601,0.015333762,0.009583601,0.012937862,0.011979502,0.014375402,0.011021142,0.017729662,0.012937862,0.021083923,0.015812942,0.012458682,0.010541961,0.016771302,0.008146061,0.011979502,0.010541961,0.014375402,0.00191672,0.006708521,0.006229341,0.008146061,0.005750161,0.013417042,0.010062781,0.017250482,0.009583601,0.009583601,0.005750161,0.009583601,0.004312621,0.169005939,0.130911985,0
0.011416724,0.011913104,0.013402242,0.012905862,0.009927586,0.009431207,0.013402242,0.010920345,0.014395,0.016380517,0.013402242,0.011913104,0.00694931,0.005956552,0.010423966,0.006452931,0.008438448,0.010423966,0.013898621,0.004963793,0.006452931,0.005956552,0.010920345,0.010423966,0.008934828,0.012409483,0.01489138,0.010920345,0.008438448,0.006452931,0.01489138,0.009431207,0.018366035,0.010423966,0.015884138,0.009431207,0.013898621,0.012409483,0.015387759,0.012905862,0.017373276,0.014395,0.019855173,0.013402242,0.013402242,0.010423966,0.015884138,0.00694931,0.011416724,0.010920345,0.012905862,0.002481897,0.00744569,0.005956552,0.00744569,0.005460172,0.012905862,0.011416724,0.016876897,0.010423966,0.008934828,0.003474655,0.010423966,0.003474655,0.171093406,0.129508136,0
0.011388735,0.013015697,0.013558018,0.013558018,0.007050169,0.008134811,0.014100339,0.011931056,0.014642659,0.01518498,0.013558018,0.011931056,0.007050169,0.00759249,0.009761773,0.00759249,0.009219452,0.006507849,0.014100339,0.005423207,0.005965528,0.005423207,0.010846414,0.010846414,0.008677131,0.013015697,0.014100339,0.011931056,0.008677131,0.005965528,0.015727301,0.008134811,0.018438904,0.010846414,0.01518498,0.010846414,0.014642659,0.013015697,0.014642659,0.009219452,0.018438904,0.012473376,0.021692829,0.014100339,0.012473376,0.011388735,0.017354263,0.006507849,0.012473376,0.010846414,0.012473376,0.002169283,0.00759249,0.007050169,0.008134811,0.006507849,0.013558018,0.010846414,0.017354263,0.009761773,0.009761773,0.004338566,0.008677131,0.003253924,0.169255899,0.130065738,0
0.010983841,0.011483106,0.013480168,0.012980902,0.008986779,0.00998531,0.012980902,0.010983841,0.014478699,0.016975026,0.013480168,0.011982371,0.006989717,0.005991186,0.00998531,0.006490451,0.008986779,0.00998531,0.013480168,0.004493389,0.006490451,0.005991186,0.011483106,0.010983841,0.008487513,0.012980902,0.014478699,0.010983841,0.008986779,0.005991186,0.014478699,0.00998531,0.017474292,0.010484575,0.016475761,0.009486044,0.013979433,0.012980902,0.014478699,0.011982371,0.017973557,0.011982371,0.021468416,0.013979433,0.013480168,0.010983841,0.015976495,0.006989717,0.011483106,0.010983841,0.013480168,0.002496327,0.007488982,0.005991186,0.007988248,0.00549192,0.012980902,0.011483106,0.016475761,0.010484575,0.008986779,0.003994124,0.010484575,0.003494858,0.170358059,0.129172475,0
0.011170965,0.012234867,0.013830719,0.013298768,0.008511212,0.009043163,0.012766818,0.011702916,0.013298768,0.014894621,0.013830719,0.012766818,0.00691536,0.00744731,0.009575113,0.00691536,0.009043163,0.008511212,0.01436267,0.005319507,0.006383409,0.006383409,0.011702916,0.011170965,0.007979261,0.013298768,0.013830719,0.012234867,0.008511212,0.005851458,0.014894621,0.008511212,0.018086325,0.010107064,0.01436267,0.010107064,0.01436267,0.013298768,0.014894621,0.008511212,0.018086325,0.013298768,0.022873882,0.01436267,0.012766818,0.011702916,0.018086325,0.006383409,0.012234867,0.011170965,0.012234867,0.002127803,0.007979261,0.00691536,0.007979261,0.006383409,0.013298768,0.009575113,0.018086325,0.009575113,0.009575113,0.004255606,0.007979261,0.004787557,0.169400903,0.128956076,0
0.009458178,0.011449374,0.014436167,0.012444971,0.009458178,0.010951575,0.01294277,0.010951575,0.012444971,0.014933966,0.013938368,0.013938368,0.006471385,0.005475787,0.010453776,0.007964782,0.007964782,0.010951575,0.011947173,0.00448019,0.006471385,0.005973586,0.010951575,0.012444971,0.008462581,0.010951575,0.015431765,0.010951575,0.010951575,0.004977989,0.014933966,0.008462581,0.017920759,0.010453776,0.014933966,0.010453776,0.01294277,0.01294277,0.013938368,0.009955977,0.019414155,0.011947173,0.023894345,0.013938368,0.01294277,0.011449374,0.016427362,0.006969184,0.012444971,0.011449374,0.013440569,0.002986793,0.006471385,0.006471385,0.007964782,0.005973586,0.013440569,0.011947173,0.015929563,0.008960379,0.009955977,0.004977989,0.008462581,0.003982391,0.169630041,0.130962565,0
0.009212695,0.011976503,0.015200946,0.011976503,0.00967333,0.010594599,0.012897773,0.010133964,0.012897773,0.014740312,0.013358407,0.012897773,0.006909521,0.006909521,0.010133964,0.007370156,0.008291425,0.010594599,0.012437138,0.005066982,0.006448886,0.005988252,0.010133964,0.012897773,0.007830791,0.010594599,0.016122216,0.010594599,0.00967333,0.005066982,0.016122216,0.00875206,0.017964755,0.00967333,0.013819042,0.011515868,0.012897773,0.012437138,0.014279677,0.010594599,0.01842539,0.013358407,0.023492372,0.015200946,0.011976503,0.010133964,0.016582851,0.008291425,0.012897773,0.011055234,0.011976503,0.002763808,0.007370156,0.006448886,0.007830791,0.005988252,0.013819042,0.011515868,0.017964755,0.008291425,0.010133964,0.005527617,0.00875206,0.004145713,0.16888764,0.130486922,0
0.009212695,0.011976503,0.015200946,0.011976503,0.00967333,0.010594599,0.012897773,0.010133964,0.012897773,0.014740312,0.013358407,0.012897773,0.006909521,0.006909521,0.010133964,0.007370156,0.008291425,0.010594599,0.012437138,0.005066982,0.006448886,0.005988252,0.010133964,0.012897773,0.007830791,0.010594599,0.016122216,0.010594599,0.00967333,0.005066982,0.016122216,0.00875206,0.017964755,0.00967333,0.013819042,0.011515868,0.012897773,0.012437138,0.014279677,0.010594599,0.01842539,0.013358407,0.023492372,0.015200946,0.011976503,0.010133964,0.016582851,0.008291425,0.012897773,0.011055234,0.011976503,0.002763808,0.007370156,0.006448886,0.007830791,0.005988252,0.013819042,0.011515868,0.017964755,0.008291425,0.010133964,0.005527617,0.00875206,0.004145713,0.16888764,0.130486922,0
0.010886762,0.01237132,0.012866173,0.012866173,0.007917645,0.010886762,0.012866173,0.010886762,0.013361026,0.01583529,0.013361026,0.01237132,0.006433086,0.006927939,0.010391909,0.006927939,0.00890735,0.009402203,0.013361026,0.005938234,0.007422792,0.005938234,0.011876467,0.010886762,0.007917645,0.013361026,0.014350731,0.010886762,0.00890735,0.005938234,0.014845584,0.00890735,0.017814701,0.009897056,0.015340437,0.009897056,0.013855878,0.01237132,0.014350731,0.010886762,0.018309554,0.011876467,0.022268376,0.015340437,0.012866173,0.010391909,0.017319848,0.007917645,0.011381614,0.010886762,0.013361026,0.001979411,0.007917645,0.006927939,0.007422792,0.005938234,0.013361026,0.010391909,0.017814701,0.009897056,0.009402203,0.004948528,0.009402203,0.002969117,0.169539251,0.129749181,0
0.007537688,0.012248743,0.015546482,0.010835427,0.00942211,0.010364321,0.012248743,0.009893216,0.011306532,0.015546482,0.013190954,0.012248743,0.005182161,0.007537688,0.011777638,0.006124372,0.010364321,0.009893216,0.01366206,0.007066583,0.010364321,0.00942211,0.011306532,0.010835427,0.008951005,0.012248743,0.016017587,0.010364321,0.006124372,0.007066583,0.015075376,0.008008794,0.018373115,0.009893216,0.015075376,0.011306532,0.015075376,0.014133165,0.01366206,0.010835427,0.020728643,0.015075376,0.02308417,0.015546482,0.011306532,0.010835427,0.016959798,0.008008794,0.009893216,0.009893216,0.008008794,0.001413317,0.006124372,0.008479899,0.010364321,0.004711055,0.013190954,0.010835427,0.022141959,0.008951005,0.006595477,0.00423995,0.011306532,0.003297739,0.165525152,0.127345471,0
0.00820871,0.011286976,0.015391331,0.010773931,0.010260887,0.009747843,0.01180002,0.010260887,0.011286976,0.016930464,0.011286976,0.011286976,0.005130444,0.006669577,0.012826109,0.006156532,0.009747843,0.010773931,0.013852198,0.007182621,0.010773931,0.010260887,0.011286976,0.011286976,0.00820871,0.010773931,0.018469597,0.011286976,0.005643488,0.006669577,0.015391331,0.00820871,0.018469597,0.010260887,0.013852198,0.011286976,0.014878286,0.015391331,0.014365242,0.010260887,0.022060907,0.015904375,0.02360004,0.014878286,0.010773931,0.010260887,0.016417419,0.00820871,0.009234798,0.009747843,0.007695665,0.001539133,0.005130444,0.00820871,0.011286976,0.004104355,0.012313064,0.011286976,0.023086996,0.00820871,0.007182621,0.005130444,0.010260887,0.002565222,0.165627331,0.127397551,0
0.008176749,0.01124303,0.016353498,0.010731983,0.009709889,0.010220936,0.01124303,0.009709889,0.010731983,0.015331404,0.013287217,0.01124303,0.005621515,0.007154655,0.01277617,0.006643608,0.010220936,0.010220936,0.01277617,0.007665702,0.01124303,0.010220936,0.012265123,0.010220936,0.009198842,0.011754076,0.016864545,0.011754076,0.005621515,0.006132562,0.013798264,0.009198842,0.018397685,0.009709889,0.013287217,0.012265123,0.013798264,0.014820357,0.015331404,0.010220936,0.022997106,0.015842451,0.0240192,0.013798264,0.010731983,0.010220936,0.015331404,0.008687796,0.009709889,0.009709889,0.008176749,0.00153314,0.006132562,0.008687796,0.010731983,0.004088374,0.010731983,0.01124303,0.022486059,0.008176749,0.007665702,0.006132562,0.010731983,0.002555234,0.165528333,0.12718289,0
0.008220121,0.011816424,0.01489897,0.010275151,0.009761394,0.009247636,0.012843939,0.010788909,0.011302667,0.015926485,0.011816424,0.012843939,0.005137576,0.007192606,0.011302667,0.006678848,0.009761394,0.010788909,0.014385212,0.007192606,0.011816424,0.010275151,0.010788909,0.010275151,0.007706364,0.010788909,0.017981515,0.011302667,0.005651333,0.006165091,0.01489897,0.008220121,0.017981515,0.010275151,0.014385212,0.011302667,0.014385212,0.01489897,0.013357697,0.009761394,0.022091576,0.01489897,0.023119091,0.015412727,0.011302667,0.009761394,0.016954,0.009247636,0.009761394,0.009761394,0.008220121,0.001541273,0.005651333,0.008733879,0.010788909,0.004110061,0.012843939,0.010788909,0.022605333,0.007706364,0.007192606,0.006165091,0.010788909,0.003082545,0.165147698,0.127921884,0
0.008517803,0.013027228,0.017035606,0.010521992,0.010020945,0.010020945,0.013027228,0.00901885,0.011023039,0.016534559,0.011524086,0.013027228,0.006513614,0.008016756,0.012526181,0.006012567,0.012526181,0.010020945,0.011023039,0.008016756,0.010020945,0.010521992,0.00901885,0.011524086,0.009519898,0.011023039,0.015031417,0.012025134,0.006513614,0.006513614,0.013528275,0.007014661,0.018037701,0.00901885,0.01453037,0.012526181,0.014029323,0.013528275,0.015031417,0.00901885,0.021545031,0.013528275,0.023048173,0.013528275,0.012025134,0.010020945,0.01453037,0.010020945,0.010020945,0.010020945,0.009519898,0.002004189,0.007515709,0.007014661,0.010521992,0.004509425,0.012025134,0.010521992,0.022046078,0.008016756,0.006513614,0.005010472,0.012025134,0.003507331,0.167033227,0.127993309,0
0.007871466,0.011315232,0.015250965,0.010331299,0.010331299,0.010331299,0.012791132,0.009839332,0.009839332,0.016726865,0.012299165,0.011315232,0.005411633,0.006887532,0.012791132,0.005411633,0.009839332,0.011807199,0.013775065,0.007871466,0.010823265,0.010331299,0.012791132,0.010331299,0.008855399,0.011807199,0.018202764,0.012299165,0.005903599,0.005903599,0.014267032,0.007871466,0.017710798,0.010823265,0.013775065,0.010331299,0.017218831,0.015742931,0.014758998,0.009839332,0.022630464,0.015742931,0.023614397,0.013775065,0.010331299,0.009839332,0.016234898,0.008363432,0.009347366,0.009839332,0.007379499,0.001967866,0.004919666,0.007871466,0.010823265,0.003935733,0.011315232,0.012791132,0.021646531,0.007379499,0.006887532,0.004919666,0.009839332,0.002459833,0.167991184,0.126528702,0
0.008012489,0.012254395,0.017438947,0.009897781,0.010369104,0.009426458,0.012725718,0.009426458,0.010369104,0.016496301,0.013197041,0.01131175,0.005655875,0.007069843,0.012725718,0.005655875,0.010840427,0.010369104,0.013668364,0.007541166,0.010369104,0.009426458,0.010840427,0.009897781,0.009426458,0.010840427,0.016024978,0.01131175,0.005655875,0.006598521,0.01461101,0.007541166,0.018381593,0.009426458,0.012725718,0.01131175,0.016024978,0.015553656,0.013197041,0.010369104,0.019324239,0.016967624,0.024980113,0.015553656,0.011783072,0.008955135,0.016967624,0.008955135,0.010369104,0.009897781,0.007069843,0.002356614,0.005655875,0.006127198,0.010840427,0.004713229,0.012725718,0.010840427,0.023094822,0.008483812,0.006598521,0.004713229,0.010840427,0.002827937,0.167491522,0.127880748,0
0.007658542,0.011009154,0.016274402,0.010530495,0.010530495,0.009094519,0.013402448,0.009573177,0.011009154,0.015795743,0.012445131,0.011487813,0.006222565,0.006222565,0.01292379,0.006222565,0.010530495,0.011487813,0.013881107,0.007179883,0.010530495,0.010051836,0.011009154,0.011009154,0.010530495,0.011966472,0.015317084,0.010530495,0.006701224,0.005265248,0.014838425,0.007179883,0.017710378,0.009573177,0.013402448,0.011966472,0.017231719,0.016274402,0.013881107,0.009573177,0.020103673,0.017710378,0.024890261,0.013881107,0.010051836,0.00861586,0.017231719,0.00861586,0.009573177,0.010530495,0.007179883,0.001914635,0.004786589,0.006701224,0.010051836,0.003829271,0.011487813,0.011487813,0.023932944,0.00861586,0.006222565,0.005265248,0.010530495,0.003350612,0.168223608,0.127190532,0
0.008028522,0.012278917,0.017473843,0.010389853,0.010862119,0.008973054,0.012278917,0.00944532,0.010862119,0.016057045,0.013695715,0.012278917,0.005667192,0.00708399,0.012278917,0.005667192,0.011806651,0.010862119,0.014167981,0.006611724,0.010389853,0.00944532,0.008973054,0.011334385,0.010389853,0.011806651,0.013223449,0.010862119,0.005667192,0.006139458,0.016057045,0.00708399,0.018418375,0.008973054,0.013695715,0.011334385,0.017001577,0.016529311,0.013223449,0.00944532,0.018418375,0.017473843,0.025974631,0.014167981,0.011334385,0.00944532,0.016529311,0.008973054,0.009917587,0.00944532,0.00708399,0.00236133,0.005194926,0.005194926,0.011806651,0.00472266,0.012751183,0.010862119,0.023613301,0.008973054,0.006139458,0.004250394,0.011334385,0.003305862,0.166753514,0.127208779,0
0.008140862,0.010535234,0.016281725,0.010056359,0.010535234,0.010056359,0.011492982,0.009098611,0.010056359,0.015323976,0.014366228,0.012450731,0.004788743,0.006225365,0.012929605,0.005746491,0.009577485,0.011014108,0.013408479,0.008140862,0.010056359,0.009098611,0.011492982,0.011014108,0.008140862,0.011492982,0.018197222,0.011492982,0.007183114,0.006225365,0.014845102,0.008140862,0.017239473,0.010056359,0.014366228,0.010535234,0.016281725,0.015802851,0.015323976,0.011014108,0.02250709,0.018676096,0.025380336,0.013887353,0.011014108,0.011014108,0.016760599,0.006225365,0.010056359,0.009577485,0.008140862,0.000957749,0.005267617,0.00670424,0.011014108,0.005267617,0.011492982,0.012929605,0.022028216,0.007661988,0.005746491,0.004788743,0.009577485,0.001915497,0.16666151,0.126520085,0
0.008958395,0.01273035,0.015559317,0.010372878,0.010372878,0.010372878,0.010844373,0.0084869,0.010844373,0.015559317,0.015087823,0.013201845,0.005186439,0.008958395,0.010844373,0.007543911,0.010372878,0.009429889,0.013201845,0.006600922,0.007543911,0.007543911,0.010844373,0.011787361,0.008958395,0.013201845,0.015087823,0.009429889,0.010844373,0.0084869,0.012258856,0.009429889,0.016030812,0.008958395,0.015087823,0.01273035,0.012258856,0.011315867,0.015559317,0.014144834,0.018388284,0.016030812,0.018859778,0.013673339,0.009901384,0.0084869,0.014616328,0.009429889,0.012258856,0.008958395,0.010844373,0.002828967,0.009429889,0.0084869,0.009429889,0.006600922,0.014616328,0.0084869,0.018388284,0.006129428,0.008958395,0.007543911,0.009901384,0.006600922,0.1646544,0.130461385,0
0.008456802,0.011441556,0.014923769,0.010944097,0.010446638,0.009949179,0.010944097,0.008954261,0.011939015,0.015421228,0.013928851,0.011441556,0.005472048,0.007959343,0.011939015,0.008954261,0.010446638,0.00945172,0.013431392,0.006964425,0.008456802,0.007461884,0.010446638,0.009949179,0.008954261,0.013928851,0.015918687,0.009949179,0.010944097,0.007959343,0.011441556,0.008954261,0.01442631,0.00945172,0.014923769,0.012933933,0.013928851,0.011441556,0.015918687,0.013431392,0.016913604,0.016913604,0.017908522,0.014923769,0.008456802,0.00945172,0.015421228,0.008954261,0.011939015,0.009949179,0.00945172,0.003482213,0.007461884,0.007461884,0.011441556,0.006964425,0.013928851,0.008456802,0.01890344,0.005969507,0.009949179,0.007959343,0.008954261,0.005472048,0.167380189,0.131700145,0
0.009255407,0.010283785,0.01388311,0.011312164,0.011312164,0.010283785,0.010797975,0.009769596,0.009769596,0.015425678,0.016454056,0.010797975,0.00719865,0.00719865,0.009769596,0.010797975,0.011312164,0.012340542,0.012854732,0.005656082,0.008227028,0.009255407,0.011312164,0.009255407,0.00668446,0.012340542,0.014911489,0.013368921,0.00668446,0.00719865,0.012340542,0.008741217,0.014911489,0.008227028,0.015939867,0.014911489,0.012854732,0.010797975,0.016454056,0.010283785,0.022110138,0.012854732,0.018510813,0.01388311,0.009255407,0.008741217,0.017482435,0.009255407,0.009255407,0.011312164,0.009769596,0.003085136,0.009769596,0.007712839,0.008741217,0.005656082,0.014911489,0.009769596,0.017996624,0.00668446,0.010283785,0.008741217,0.009769596,0.00719865,0.167976342,0.128098558,0
0.0084901,0.010987188,0.015481947,0.011486606,0.01048777,0.008989517,0.009988353,0.008989517,0.012984858,0.015481947,0.014982529,0.012485441,0.005993012,0.007990682,0.01048777,0.0084901,0.009988353,0.008989517,0.014982529,0.006991847,0.007990682,0.006991847,0.009988353,0.010987188,0.007990682,0.013484276,0.014982529,0.011486606,0.009488935,0.007491264,0.011986023,0.01048777,0.014982529,0.01048777,0.014982529,0.011986023,0.013484276,0.012485441,0.016480782,0.013484276,0.017479617,0.017479617,0.017979035,0.013484276,0.0084901,0.009988353,0.013983694,0.009488935,0.012984858,0.007990682,0.01048777,0.002497088,0.008989517,0.007491264,0.011486606,0.005993012,0.013983694,0.008989517,0.018478452,0.004994176,0.009988353,0.0084901,0.009988353,0.005993012,0.165007922,0.131312633,0
0.008497295,0.012995863,0.014495386,0.011496341,0.010496659,0.008997136,0.010496659,0.009496977,0.012496022,0.01649475,0.014495386,0.011996182,0.006497932,0.007997454,0.009996818,0.008497295,0.0109965,0.009496977,0.014995227,0.006497932,0.008497295,0.006997773,0.009996818,0.010496659,0.008497295,0.013995545,0.015495068,0.010496659,0.007997454,0.008497295,0.011996182,0.009996818,0.015495068,0.009496977,0.015994909,0.011996182,0.013995545,0.012496022,0.015994909,0.012995863,0.017494431,0.01649475,0.017994272,0.014495386,0.007997454,0.008497295,0.015495068,0.009996818,0.011996182,0.007497613,0.009996818,0.002999045,0.008997136,0.007497613,0.011996182,0.00549825,0.014495386,0.008497295,0.018494113,0.004998409,0.009996818,0.008997136,0.009496977,0.00549825,0.164839247,0.130884929,0
0.008997547,0.012496593,0.014995912,0.011496866,0.010497138,0.009497411,0.010997002,0.008997547,0.01199673,0.016995367,0.013996185,0.012496593,0.005998365,0.00799782,0.010497138,0.008497684,0.010997002,0.009997275,0.014995912,0.006498229,0.008497684,0.006998092,0.009997275,0.010997002,0.008497684,0.013496321,0.015495776,0.010497138,0.00799782,0.00799782,0.01199673,0.009997275,0.014995912,0.009997275,0.015495776,0.01199673,0.014496048,0.01199673,0.016495503,0.012496593,0.017995094,0.01599564,0.016995367,0.013996185,0.008497684,0.008997547,0.015495776,0.008997547,0.012496593,0.007497956,0.009997275,0.002999182,0.008997547,0.00799782,0.010497138,0.005498501,0.013996185,0.008997547,0.018494958,0.004998637,0.010497138,0.00799782,0.008997547,0.007497956,0.165524194,0.130667666,0
0.008240325,0.012118125,0.0155112,0.01066395,0.01066395,0.010179225,0.01066395,0.009209775,0.01260285,0.015026475,0.014057025,0.01260285,0.005331975,0.008240325,0.0116334,0.008240325,0.01066395,0.009209775,0.014057025,0.00678615,0.008240325,0.008240325,0.010179225,0.010179225,0.00872505,0.0135723,0.015026475,0.010179225,0.01066395,0.0077556,0.0116334,0.009209775,0.015026475,0.0096945,0.015026475,0.01260285,0.0135723,0.0116334,0.0155112,0.013087575,0.016480651,0.016965376,0.017450101,0.01454175,0.009209775,0.0096945,0.015026475,0.009209775,0.01260285,0.0096945,0.009209775,0.003393075,0.008240325,0.007270875,0.011148675,0.00678615,0.01454175,0.008240325,0.018904276,0.0058167,0.0096945,0.0077556,0.009209775,0.005331975,0.166589865,0.131528313,0
0.008062273,0.011856283,0.015650294,0.010433529,0.010433529,0.010433529,0.010433529,0.008536524,0.012330534,0.015176042,0.01422754,0.012330534,0.005216765,0.008062273,0.011382032,0.009010775,0.010433529,0.009485026,0.013753288,0.006639519,0.008062273,0.00711377,0.010433529,0.01090778,0.008536524,0.013279037,0.015176042,0.010433529,0.010433529,0.008536524,0.012330534,0.008536524,0.015176042,0.009010775,0.014701791,0.013279037,0.013279037,0.011382032,0.015650294,0.013753288,0.017073048,0.017073048,0.01802155,0.01422754,0.009485026,0.009485026,0.014701791,0.009010775,0.012330534,0.009485026,0.009959278,0.003319759,0.008536524,0.007588021,0.01090778,0.00711377,0.01422754,0.008536524,0.018970053,0.005691016,0.009959278,0.008062273,0.009010775,0.005691016,0.166413855,0.131219934,0
0.008981049,0.012473679,0.015467362,0.011475785,0.010477891,0.009479996,0.010976838,0.008981049,0.011974732,0.016964204,0.013970521,0.012473679,0.005987366,0.007983155,0.010477891,0.008482102,0.010976838,0.009978944,0.014968415,0.006486313,0.008482102,0.00698526,0.009978944,0.010976838,0.008482102,0.013471574,0.015467362,0.010477891,0.007983155,0.007983155,0.011974732,0.009978944,0.015467362,0.009978944,0.015467362,0.011974732,0.014469468,0.011974732,0.016465257,0.012473679,0.017962098,0.01596631,0.016964204,0.013970521,0.008482102,0.008981049,0.015467362,0.008981049,0.012473679,0.007484208,0.009978944,0.002993683,0.008981049,0.007983155,0.010477891,0.005488419,0.014469468,0.008981049,0.018461046,0.004989472,0.010477891,0.007983155,0.008981049,0.007484208,0.165355633,0.130629901,0
0.009510206,0.010566895,0.014793653,0.011623585,0.010038551,0.010038551,0.010038551,0.008453516,0.01109524,0.015850343,0.014265309,0.013208619,0.005811792,0.008453516,0.01109524,0.008453516,0.010038551,0.008981861,0.013736964,0.006340137,0.007925172,0.008453516,0.011623585,0.010566895,0.007396827,0.014265309,0.015321998,0.009510206,0.01109524,0.008453516,0.01109524,0.009510206,0.014793653,0.008981861,0.015321998,0.012680274,0.012680274,0.011623585,0.015321998,0.014265309,0.019020412,0.015321998,0.018492067,0.013208619,0.008981861,0.008453516,0.015321998,0.010038551,0.01215193,0.010038551,0.010566895,0.003170069,0.008453516,0.008453516,0.009510206,0.006868482,0.014793653,0.007925172,0.017963722,0.006868482,0.010038551,0.007925172,0.010038551,0.006340137,0.165823806,0.130949309,0
0.009316382,0.013239069,0.011277726,0.010297054,0.011277726,0.009316382,0.012748733,0.00833571,0.011277726,0.013729405,0.013239069,0.015690749,0.007355039,0.007845374,0.009806718,0.00833571,0.009806718,0.009316382,0.014219741,0.005884031,0.00833571,0.009806718,0.007355039,0.012748733,0.007355039,0.012748733,0.018142428,0.011277726,0.008826046,0.007355039,0.013729405,0.007355039,0.013729405,0.009806718,0.015690749,0.013729405,0.012258398,0.012258398,0.014219741,0.010297054,0.017161757,0.015200413,0.020594108,0.015200413,0.01078739,0.010297054,0.014219741,0.011277726,0.011277726,0.009316382,0.012258398,0.003432351,0.007355039,0.006864703,0.015200413,0.005884031,0.017161757,0.007355039,0.016181085,0.004413023,0.009806718,0.009806718,0.007355039,0.003922687,0.166034275,0.13229505,0
0.00910503,0.013657545,0.011634205,0.0101167,0.011634205,0.0101167,0.013657545,0.00809336,0.00910503,0.012645875,0.012645875,0.01618672,0.006575855,0.00809336,0.0101167,0.00708169,0.009610865,0.009610865,0.01517505,0.005564185,0.00809336,0.0101167,0.007587525,0.012645875,0.00809336,0.011634205,0.01922173,0.01112837,0.00708169,0.007587525,0.01416338,0.00809336,0.014669215,0.009610865,0.01315171,0.01416338,0.01214004,0.011634205,0.01315171,0.0101167,0.017704225,0.015680885,0.02529175,0.01517505,0.010622535,0.010622535,0.01517505,0.011634205,0.01112837,0.010622535,0.010622535,0.00202334,0.00809336,0.006575855,0.015680885,0.00607002,0.016692555,0.00708169,0.016692555,0.005564185,0.0101167,0.0101167,0.006575855,0.003540845,0.16476332,0.13162019,0
0.009175657,0.012073232,0.013039091,0.011107374,0.011590303,0.010624445,0.012556162,0.007726869,0.011107374,0.01400495,0.012556162,0.015936667,0.008692727,0.006278081,0.010624445,0.008209798,0.010624445,0.009175657,0.013039091,0.005312222,0.008692727,0.010624445,0.008692727,0.010624445,0.006278081,0.010141515,0.018834243,0.012073232,0.008209798,0.006278081,0.013039091,0.008209798,0.01352202,0.009175657,0.014487879,0.01352202,0.011107374,0.011590303,0.011590303,0.011107374,0.018834243,0.014970808,0.021248889,0.015453738,0.012073232,0.011590303,0.01400495,0.011107374,0.012073232,0.012073232,0.012556162,0.003863434,0.00676101,0.005795152,0.014487879,0.006278081,0.014487879,0.006278081,0.017868384,0.005312222,0.011590303,0.009658586,0.006278081,0.003380505,0.168054925,0.132663449,0
0.009085867,0.01211449,0.011104949,0.011104949,0.011104949,0.009085867,0.01261926,0.009085867,0.010600178,0.01312403,0.01312403,0.015647882,0.008076326,0.008076326,0.010095408,0.008076326,0.009590638,0.009590638,0.014133571,0.006057245,0.008581097,0.009590638,0.007066786,0.01211449,0.007571556,0.01312403,0.018171734,0.010600178,0.008581097,0.007571556,0.014133571,0.007571556,0.01312403,0.010095408,0.015647882,0.013628801,0.011609719,0.01211449,0.014638342,0.010600178,0.018171734,0.015647882,0.020695586,0.014638342,0.009590638,0.010095408,0.014638342,0.011609719,0.011104949,0.010095408,0.011609719,0.003533393,0.008076326,0.006562015,0.015143112,0.006057245,0.016152653,0.007066786,0.017162194,0.005047704,0.010095408,0.010095408,0.007066786,0.003533393,0.16643318,0.132440731,0
0.009316382,0.013239069,0.011277726,0.010297054,0.011277726,0.009316382,0.012748733,0.00833571,0.011277726,0.013729405,0.013239069,0.015690749,0.007355039,0.007845374,0.009806718,0.00833571,0.009806718,0.009316382,0.014219741,0.005884031,0.00833571,0.009806718,0.007355039,0.012748733,0.007355039,0.012748733,0.018142428,0.011277726,0.008826046,0.007355039,0.013729405,0.007355039,0.013729405,0.009806718,0.015690749,0.013729405,0.012258398,0.012258398,0.014219741,0.010297054,0.017161757,0.015200413,0.020594108,0.015200413,0.01078739,0.010297054,0.014219741,0.011277726,0.011277726,0.009316382,0.012258398,0.003432351,0.007355039,0.006864703,0.015200413,0.005884031,0.017161757,0.007355039,0.016181085,0.004413023,0.009806718,0.009806718,0.007355039,0.003922687,0.166034275,0.13229505,0
0.009253889,0.013150263,0.011202076,0.010227982,0.012176169,0.011202076,0.012176169,0.008766842,0.009253889,0.013150263,0.012663216,0.015585497,0.007305702,0.008279795,0.009740936,0.007305702,0.009740936,0.010715029,0.013150263,0.005357515,0.007792748,0.010227982,0.008279795,0.01363731,0.006818655,0.011689123,0.019968918,0.011689123,0.007305702,0.007305702,0.014124357,0.008279795,0.013150263,0.010227982,0.014124357,0.01363731,0.011689123,0.011689123,0.014124357,0.009740936,0.019481871,0.014611403,0.021917105,0.015585497,0.012176169,0.009740936,0.015585497,0.010227982,0.011202076,0.010227982,0.012176169,0.003409327,0.007305702,0.006818655,0.015585497,0.004870468,0.015585497,0.007792748,0.017046637,0.004870468,0.010227982,0.009253889,0.005844561,0.003409327,0.167200841,0.131938843,0
0.009411483,0.012025783,0.011502923,0.010980063,0.012548643,0.009411483,0.012025783,0.008365762,0.010457203,0.013071504,0.011502923,0.017254385,0.007842902,0.007842902,0.010457203,0.007842902,0.009934343,0.010457203,0.013594364,0.005751462,0.007842902,0.010980063,0.007842902,0.012548643,0.006797182,0.012025783,0.018822965,0.010457203,0.007320042,0.007842902,0.013594364,0.007320042,0.013594364,0.009411483,0.014640084,0.013594364,0.012025783,0.011502923,0.013071504,0.010457203,0.017777245,0.014640084,0.020391546,0.015685804,0.010980063,0.009934343,0.015685804,0.012025783,0.010980063,0.010457203,0.012025783,0.003660021,0.007320042,0.007320042,0.015162944,0.005228601,0.016208664,0.007320042,0.017777245,0.005228601,0.010980063,0.009411483,0.006797182,0.003660021,0.167392026,0.131975379,0
0.009316115,0.013729011,0.011277402,0.010296758,0.011277402,0.009806437,0.012748368,0.008335471,0.011277402,0.013238689,0.013238689,0.015690299,0.007354827,0.007845149,0.009806437,0.008335471,0.009806437,0.009316115,0.014219333,0.005883862,0.008335471,0.009806437,0.007354827,0.012748368,0.007354827,0.012748368,0.018141908,0.011277402,0.008825793,0.007354827,0.013729011,0.007354827,0.013729011,0.009806437,0.015690299,0.013729011,0.012258046,0.011767724,0.014219333,0.010296758,0.017161264,0.015199977,0.020593517,0.015199977,0.01078708,0.010296758,0.014219333,0.011277402,0.011767724,0.009316115,0.011767724,0.003432253,0.007354827,0.006864506,0.015199977,0.005883862,0.017161264,0.007354827,0.01618062,0.004412896,0.009806437,0.009806437,0.007354827,0.003922575,0.16602302,0.13232644,0
0.011207673,0.012328441,0.012328441,0.011768057,0.011768057,0.009526522,0.011768057,0.007845371,0.01064729,0.012888824,0.012328441,0.016251126,0.007845371,0.007845371,0.01064729,0.010086906,0.010086906,0.009526522,0.012888824,0.00616422,0.008966139,0.01064729,0.007845371,0.011207673,0.00616422,0.01064729,0.01681151,0.011768057,0.008405755,0.007845371,0.012888824,0.006724604,0.014009592,0.008405755,0.014009592,0.014569975,0.011768057,0.011207673,0.010086906,0.010086906,0.017932277,0.012888824,0.022415346,0.015130359,0.011768057,0.010086906,0.015130359,0.012328441,0.012328441,0.01064729,0.012888824,0.003922686,0.00616422,0.007284988,0.015690742,0.007284988,0.016251126,0.006724604,0.01681151,0.005603837,0.011768057,0.01064729,0.006724604,0.002801918,0.167068052,0.131891989,0
0.009080439,0.012107253,0.011602784,0.010593846,0.011602784,0.009584908,0.012107253,0.008575971,0.012611721,0.01311619,0.011098315,0.016143003,0.008071502,0.009080439,0.010089377,0.008575971,0.009080439,0.010593846,0.014125128,0.006053626,0.009080439,0.010089377,0.007567033,0.010593846,0.006558095,0.012107253,0.019169817,0.010593846,0.009080439,0.006558095,0.01311619,0.007567033,0.012611721,0.008575971,0.015638535,0.015134066,0.012611721,0.011602784,0.014125128,0.009080439,0.01765641,0.015134066,0.019169817,0.014629597,0.009584908,0.009584908,0.016143003,0.011602784,0.012107253,0.010593846,0.011602784,0.004035751,0.006558095,0.006053626,0.014629597,0.008071502,0.015134066,0.007062564,0.017151941,0.005549157,0.011602784,0.010089377,0.006053626,0.004035751,0.168474065,0.1323321,0
0.01182593,0.01238907,0.01182593,0.01182593,0.01238907,0.009573372,0.011262791,0.009573372,0.009010233,0.013515349,0.014078488,0.014641628,0.005631395,0.007320814,0.01182593,0.007320814,0.010699651,0.010699651,0.013515349,0.006194535,0.009573372,0.013515349,0.009573372,0.01238907,0.006757674,0.01182593,0.015767907,0.01182593,0.007883953,0.007883953,0.014078488,0.006757674,0.014078488,0.009573372,0.014641628,0.012952209,0.01238907,0.014078488,0.011262791,0.009573372,0.019146744,0.013515349,0.02365186,0.014641628,0.010699651,0.009573372,0.016894186,0.011262791,0.011262791,0.010136512,0.011262791,0.001126279,0.006757674,0.007883953,0.014078488,0.005631395,0.016331046,0.008447093,0.017457325,0.007320814,0.009010233,0.009573372,0.006757674,0.002815698,0.164719827,0.128540061,0
0.010549259,0.014568024,0.012056296,0.010549259,0.012558642,0.010046913,0.012056296,0.009042222,0.009042222,0.013060987,0.014568024,0.01507037,0.004521111,0.007535185,0.011051605,0.006530494,0.010549259,0.010549259,0.014065679,0.006028148,0.009042222,0.012056296,0.008539876,0.013060987,0.007032839,0.012056296,0.018084444,0.01155395,0.008037531,0.007535185,0.014065679,0.007032839,0.014568024,0.010046913,0.01507037,0.012056296,0.012558642,0.013563333,0.013563333,0.009544568,0.019089135,0.01507037,0.023610246,0.015572716,0.011051605,0.009544568,0.017582098,0.010549259,0.012056296,0.008539876,0.010046913,0.001004691,0.007032839,0.007535185,0.014568024,0.005023457,0.016577407,0.009042222,0.017079753,0.006530494,0.008037531,0.009544568,0.006530494,0.003014074,0.164098595,0.128598702,0
0.011034159,0.012137575,0.011585867,0.011585867,0.012137575,0.009379035,0.011585867,0.009379035,0.008827327,0.013240991,0.014344406,0.014896114,0.005517079,0.007172203,0.011585867,0.007172203,0.010482451,0.010482451,0.013240991,0.006068787,0.009379035,0.013240991,0.009379035,0.012689283,0.007172203,0.011585867,0.017102946,0.011585867,0.007723911,0.007723911,0.013792698,0.007172203,0.013792698,0.009930743,0.01599953,0.012689283,0.012137575,0.014344406,0.012137575,0.009379035,0.019309778,0.013792698,0.023723441,0.015447822,0.010482451,0.009379035,0.018206362,0.011034159,0.011034159,0.009930743,0.010482451,0.001103416,0.006620495,0.007723911,0.014344406,0.005517079,0.017102946,0.008827327,0.017102946,0.007172203,0.008827327,0.009930743,0.006620495,0.00275854,0.164463671,0.128246751,0
0.010038425,0.014053796,0.01204611,0.010540347,0.012548032,0.010038425,0.01204611,0.009034583,0.009034583,0.013049953,0.014555717,0.015057638,0.005019213,0.007528819,0.011042268,0.006524976,0.010540347,0.010540347,0.014053796,0.006023055,0.009034583,0.01204611,0.008532662,0.013049953,0.007026898,0.01204611,0.018069166,0.011544189,0.00803074,0.007528819,0.014053796,0.007026898,0.014053796,0.010038425,0.015057638,0.012548032,0.012548032,0.013551874,0.013551874,0.009536504,0.019073008,0.015057638,0.0235903,0.015559559,0.011042268,0.009536504,0.017567244,0.010540347,0.01204611,0.009034583,0.010038425,0.001003843,0.007026898,0.007528819,0.014555717,0.005019213,0.016563402,0.009034583,0.017065323,0.006524976,0.00803074,0.009536504,0.006524976,0.003011528,0.164658615,0.128636239,0
0.011141344,0.012255478,0.012255478,0.011698411,0.012255478,0.008913075,0.011141344,0.009470142,0.008913075,0.013369612,0.013369612,0.015597881,0.006127739,0.006684806,0.011698411,0.00779894,0.011141344,0.010584276,0.012812545,0.006127739,0.009470142,0.013369612,0.008913075,0.012255478,0.006684806,0.012255478,0.017269082,0.011698411,0.007241873,0.00779894,0.013369612,0.007241873,0.013926679,0.009470142,0.015597881,0.012812545,0.012812545,0.013926679,0.012812545,0.008913075,0.019497351,0.013369612,0.024510956,0.015040814,0.010584276,0.010027209,0.01782615,0.010027209,0.011141344,0.009470142,0.010584276,0.001671202,0.006127739,0.00779894,0.015040814,0.005013605,0.016712015,0.008913075,0.017269082,0.006684806,0.008913075,0.009470142,0.006684806,0.003342403,0.165093982,0.12798777,0
0.012852486,0.012338386,0.010796088,0.011310187,0.012852486,0.009767889,0.011310187,0.009767889,0.008225591,0.012852486,0.011310187,0.014394784,0.005655094,0.007197392,0.011310187,0.007197392,0.00873969,0.011310187,0.013880685,0.006169193,0.00873969,0.013366585,0.00873969,0.013366585,0.007711491,0.011310187,0.01850758,0.011824287,0.008225591,0.007197392,0.013880685,0.007711491,0.014394784,0.010796088,0.011824287,0.012338386,0.012338386,0.012852486,0.014394784,0.00873969,0.01850758,0.015422983,0.032902364,0.014394784,0.010796088,0.009767889,0.016451182,0.009767889,0.011824287,0.00925379,0.010281989,0.001542298,0.006169193,0.007711491,0.014908884,0.005140994,0.014908884,0.00873969,0.01850758,0.006169193,0.008225591,0.009767889,0.006683293,0.002570497,0.164130001,0.127955081,0
0.010937929,0.012031722,0.012031722,0.011484826,0.012031722,0.00929724,0.011484826,0.00929724,0.008750343,0.013125515,0.013125515,0.015313101,0.006015861,0.006562757,0.011484826,0.00765655,0.010937929,0.010391033,0.012578618,0.006015861,0.00929724,0.013125515,0.00929724,0.012578618,0.006562757,0.012031722,0.017500687,0.012031722,0.00765655,0.00765655,0.013672411,0.007109654,0.013672411,0.009844136,0.015313101,0.012578618,0.012578618,0.014219308,0.012578618,0.008750343,0.019141376,0.013672411,0.024063444,0.015313101,0.010391033,0.009844136,0.018047583,0.010937929,0.010937929,0.009844136,0.010391033,0.001640689,0.006015861,0.00765655,0.014766204,0.005468965,0.01695379,0.009844136,0.017500687,0.006562757,0.008750343,0.009844136,0.007109654,0.003281379,0.165299871,0.128109909,0
0.01106071,0.012166781,0.011613745,0.011613745,0.012166781,0.009401603,0.011613745,0.009401603,0.008848568,0.013272852,0.014378923,0.014931958,0.005530355,0.007189461,0.011613745,0.007189461,0.010507674,0.010507674,0.013272852,0.00608339,0.009401603,0.013272852,0.009401603,0.012719816,0.007189461,0.01106071,0.0171441,0.011613745,0.007742497,0.007742497,0.013825887,0.007189461,0.013825887,0.009954639,0.016038029,0.012719816,0.012166781,0.013825887,0.012166781,0.008848568,0.019356242,0.013825887,0.023780526,0.015484994,0.010507674,0.009401603,0.018250171,0.01106071,0.01106071,0.009954639,0.010507674,0.001106071,0.006636426,0.007742497,0.014378923,0.005530355,0.0171441,0.008848568,0.0171441,0.007189461,0.008848568,0.009954639,0.006636426,0.002765177,0.164358076,0.128309534,0
0.010938169,0.012578894,0.011485078,0.011485078,0.012031986,0.009297444,0.011485078,0.009297444,0.008750535,0.013125803,0.01421962,0.014766528,0.005469085,0.007656718,0.011485078,0.00710981,0.010391261,0.010391261,0.013125803,0.006015993,0.009297444,0.013125803,0.009297444,0.012578894,0.007656718,0.012578894,0.016954162,0.010938169,0.008203627,0.007656718,0.013672711,0.00710981,0.013672711,0.009844352,0.015860345,0.013125803,0.012031986,0.01421962,0.013125803,0.009297444,0.019141796,0.013672711,0.023517064,0.015313437,0.010391261,0.008750535,0.018594887,0.010938169,0.011485078,0.009844352,0.010391261,0.001093817,0.006562901,0.007656718,0.01421962,0.005469085,0.016954162,0.009297444,0.016954162,0.00710981,0.008750535,0.009844352,0.006562901,0.002734542,0.16510773,0.128286548,0
0.012440499,0.012440499,0.010885437,0.011403791,0.012958853,0.009848729,0.011403791,0.009848729,0.00881202,0.012440499,0.012958853,0.012440499,0.005701895,0.007256958,0.011403791,0.007256958,0.00881202,0.011403791,0.013995562,0.00622025,0.009330374,0.019179103,0.007256958,0.013477208,0.007775312,0.00881202,0.018660749,0.011922145,0.008293666,0.007256958,0.013995562,0.007775312,0.014513916,0.010885437,0.011403791,0.012440499,0.011922145,0.011922145,0.013477208,0.00881202,0.016587332,0.016068978,0.041468331,0.01503227,0.010885437,0.009848729,0.013477208,0.009848729,0.011922145,0.009330374,0.010367083,0.001555062,0.00622025,0.007775312,0.01503227,0.005183541,0.016068978,0.00881202,0.016068978,0.004665187,0.008293666,0.009848729,0.006738604,0.002591771,0.160487652,0.12677541,0
0.008172159,0.011090787,0.014593141,0.011090787,0.007004708,0.008172159,0.014009416,0.00933961,0.009923336,0.01751177,0.011674513,0.012841964,0.007004708,0.005253531,0.011674513,0.011674513,0.009923336,0.007588433,0.014009416,0.006420982,0.008172159,0.010507062,0.011090787,0.00933961,0.008172159,0.015176867,0.015760593,0.010507062,0.010507062,0.008755885,0.01342569,0.003502354,0.01751177,0.008172159,0.014009416,0.012258239,0.015760593,0.01342569,0.012258239,0.012841964,0.018679221,0.015176867,0.025683929,0.014593141,0.011090787,0.00933961,0.016928044,0.007004708,0.00933961,0.011674513,0.00933961,0.005837257,0.007004708,0.007004708,0.012258239,0.004669805,0.015176867,0.006420982,0.020430398,0.006420982,0.007588433,0.007588433,0.007004708,0.002918628,0.168960081,0.131736585,0
0.00865234,0.011197146,0.014759874,0.009670262,0.010179223,0.008143379,0.01323299,0.006616495,0.011197146,0.015268835,0.011197146,0.01323299,0.006616495,0.008143379,0.012724029,0.009670262,0.00865234,0.008143379,0.012724029,0.009670262,0.007634417,0.011706107,0.01323299,0.00865234,0.008143379,0.014250913,0.01730468,0.012215068,0.008143379,0.006107534,0.009670262,0.006107534,0.014759874,0.007634417,0.014759874,0.014250913,0.014759874,0.014250913,0.01323299,0.010179223,0.018831563,0.014250913,0.021376369,0.014759874,0.012215068,0.009161301,0.016795718,0.009161301,0.012215068,0.011197146,0.00865234,0.003562728,0.006616495,0.007125456,0.012215068,0.00458065,0.01323299,0.00865234,0.019340524,0.006616495,0.00865234,0.007125456,0.009161301,0.006616495,0.171105404,0.130090916,0
0.014974308,0.013525182,0.015940393,0.00869476,0.010626929,0.009177802,0.013525182,0.007728675,0.010143886,0.015457351,0.013525182,0.011593013,0.005796506,0.006279549,0.012559097,0.00869476,0.009660844,0.009177802,0.014974308,0.009660844,0.00869476,0.010143886,0.011109971,0.00869476,0.009660844,0.014974308,0.015940393,0.010143886,0.007245633,0.006279549,0.011109971,0.006762591,0.016906477,0.008211717,0.012559097,0.011593013,0.016906477,0.01304214,0.014491266,0.011109971,0.017389519,0.015457351,0.02415211,0.015940393,0.010143886,0.009177802,0.016423435,0.00869476,0.011593013,0.010143886,0.007245633,0.003381295,0.007245633,0.006279549,0.011593013,0.003864338,0.012076055,0.009660844,0.019321688,0.006762591,0.009177802,0.007245633,0.007728675,0.004830422,0.168708739,0.128464853,0
0.009066603,0.011199921,0.014933228,0.010133262,0.010133262,0.007999944,0.011733251,0.008533273,0.011199921,0.016533217,0.01279991,0.01226658,0.006399955,0.006399955,0.013866569,0.010133262,0.008533273,0.009066603,0.013866569,0.010133262,0.009066603,0.009599932,0.011199921,0.009066603,0.009066603,0.013333239,0.014933228,0.010133262,0.009066603,0.008533273,0.010133262,0.005866625,0.015466558,0.007466614,0.015999887,0.013333239,0.014399899,0.014399899,0.013333239,0.010666592,0.018133206,0.013866569,0.022399842,0.015466558,0.009599932,0.009066603,0.017066547,0.009599932,0.011733251,0.011199921,0.007999944,0.003199977,0.007999944,0.006933285,0.011199921,0.005333296,0.013866569,0.009066603,0.019733194,0.007466614,0.009066603,0.007466614,0.009066603,0.004799966,0.169105753,0.129565851,0
0.00824786,0.013584711,0.016010553,0.008733029,0.010188533,0.00824786,0.014555048,0.006307187,0.010188533,0.014555048,0.013099543,0.012614375,0.006307187,0.00824786,0.012129207,0.009218197,0.009218197,0.00824786,0.013584711,0.009703365,0.007762692,0.01115887,0.012614375,0.008733029,0.010188533,0.01406988,0.016980889,0.01115887,0.007277524,0.006307187,0.010673702,0.006307187,0.016010553,0.007762692,0.01406988,0.013584711,0.015525384,0.013584711,0.013099543,0.01115887,0.018436394,0.016010553,0.021832572,0.015525384,0.01115887,0.009218197,0.016010553,0.008733029,0.013099543,0.009703365,0.006792356,0.003881346,0.007277524,0.007277524,0.012129207,0.004366514,0.012614375,0.008733029,0.019891899,0.006307187,0.008733029,0.007277524,0.008733029,0.005822019,0.16935294,0.13006409,0
0.009211564,0.009211564,0.015544514,0.009211564,0.008060118,0.005757227,0.011514455,0.010363009,0.0126659,0.01899885,0.012090177,0.013817346,0.00633295,0.005757227,0.013817346,0.009787286,0.010363009,0.00633295,0.015544514,0.010363009,0.009787286,0.010363009,0.010363009,0.010363009,0.009211564,0.013817346,0.0126659,0.012090177,0.008060118,0.007484396,0.0126659,0.006908673,0.014393068,0.009787286,0.016120237,0.013241623,0.016695959,0.017271682,0.0126659,0.009211564,0.017847405,0.013817346,0.020150296,0.012090177,0.009787286,0.0126659,0.014968791,0.008060118,0.009211564,0.010363009,0.010363009,0.003454336,0.007484396,0.007484396,0.013241623,0.005181505,0.013817346,0.009211564,0.01899885,0.007484396,0.009211564,0.007484396,0.008060118,0.003454336,0.167583062,0.130610926,0
0.009281574,0.013189606,0.016120629,0.00879307,0.010258582,0.007816063,0.014655117,0.006839055,0.010258582,0.014655117,0.013189606,0.012701102,0.006350551,0.007327559,0.012212598,0.009281574,0.009281574,0.008304567,0.01367811,0.009770078,0.007816063,0.01123559,0.012212598,0.008304567,0.010258582,0.014166614,0.017097637,0.010258582,0.007816063,0.006350551,0.010747086,0.006350551,0.016120629,0.007816063,0.014166614,0.013189606,0.015632125,0.01367811,0.013189606,0.01123559,0.018563149,0.016120629,0.021982676,0.015632125,0.010747086,0.009281574,0.016120629,0.00879307,0.013189606,0.010258582,0.006839055,0.003419527,0.007327559,0.006839055,0.011724094,0.004885039,0.012212598,0.00879307,0.02002866,0.006350551,0.00879307,0.007327559,0.008304567,0.005862047,0.169097028,0.129899855,0
0.010368528,0.011520586,0.016128821,0.009216469,0.00864044,0.006336323,0.013824704,0.00864044,0.010368528,0.01728088,0.012096616,0.011520586,0.005760293,0.00806441,0.012096616,0.010368528,0.009216469,0.006912352,0.012096616,0.009792498,0.00806441,0.009216469,0.010368528,0.009792498,0.009216469,0.012672645,0.01670485,0.012096616,0.00864044,0.00806441,0.010368528,0.006336323,0.014976762,0.00806441,0.014976762,0.013248674,0.014976762,0.013824704,0.012672645,0.011520586,0.018432938,0.013824704,0.021313085,0.01670485,0.011520586,0.00806441,0.018432938,0.009216469,0.012672645,0.010368528,0.00806441,0.004032205,0.006336323,0.00806441,0.013824704,0.003456176,0.013248674,0.009216469,0.020161026,0.006912352,0.009216469,0.00806441,0.00864044,0.004032205,0.169932546,0.13019183,0
0.009302745,0.011886841,0.016538214,0.009302745,0.009819564,0.008785926,0.011886841,0.008785926,0.010336384,0.015504575,0.013954118,0.012920479,0.005685011,0.005685011,0.013437299,0.009819564,0.009819564,0.008269107,0.013954118,0.009819564,0.008785926,0.010336384,0.011886841,0.009302745,0.009819564,0.013954118,0.014987756,0.010336384,0.008269107,0.007235469,0.009819564,0.006718649,0.015504575,0.007752288,0.014470937,0.01240366,0.016021395,0.014470937,0.012920479,0.010336384,0.017571852,0.014470937,0.021706406,0.015504575,0.010853203,0.009819564,0.016538214,0.009302745,0.01240366,0.011370022,0.007752288,0.003100915,0.007235469,0.006718649,0.01240366,0.003617734,0.01240366,0.009819564,0.01860549,0.007752288,0.009819564,0.007235469,0.008785926,0.004651373,0.16971336,0.129996653,0
0.009013794,0.011517625,0.016024522,0.00951456,0.010015326,0.00951456,0.012018391,0.008513027,0.010015326,0.015523756,0.01352069,0.013019924,0.006009196,0.006009196,0.01352069,0.00951456,0.00951456,0.009013794,0.014021457,0.010015326,0.009013794,0.009013794,0.012018391,0.00951456,0.010015326,0.01352069,0.016525288,0.010015326,0.008012261,0.007010728,0.00951456,0.007010728,0.015523756,0.008012261,0.014021457,0.012519158,0.016024522,0.01352069,0.01352069,0.010516092,0.017526821,0.015022989,0.020531419,0.016024522,0.011016859,0.010015326,0.016024522,0.009013794,0.012018391,0.011517625,0.008012261,0.003004598,0.007511495,0.007010728,0.012519158,0.003004598,0.012519158,0.00951456,0.01902912,0.007010728,0.00951456,0.007010728,0.009013794,0.005007663,0.170266057,0.130664179,0
0.008967727,0.010960556,0.015444419,0.012455177,0.009964142,0.010462349,0.01195697,0.009465934,0.01195697,0.017437248,0.014448005,0.011458763,0.007473106,0.006974899,0.01195697,0.008967727,0.010960556,0.009465934,0.012953384,0.006974899,0.007473106,0.005978485,0.01195697,0.009964142,0.010462349,0.009964142,0.014448005,0.011458763,0.006476692,0.006476692,0.012953384,0.00846952,0.015444419,0.010960556,0.015942626,0.013451591,0.014448005,0.012455177,0.012455177,0.009465934,0.018931869,0.010960556,0.023415733,0.014946212,0.013949798,0.011458763,0.014448005,0.006974899,0.012455177,0.010462349,0.010960556,0.002491035,0.00846952,0.006476692,0.009964142,0.005978485,0.014448005,0.010462349,0.015942626,0.008967727,0.00846952,0.005978485,0.009964142,0.001992828,0.169087777,0.130931283,0
0.008210042,0.011858949,0.015051743,0.010490609,0.011402836,0.010946722,0.012315063,0.008666155,0.012315063,0.015507856,0.013683403,0.011858949,0.007297815,0.008210042,0.012315063,0.007753928,0.010946722,0.010490609,0.012771176,0.008210042,0.007297815,0.005929475,0.011858949,0.010946722,0.009122269,0.009578382,0.01733231,0.011402836,0.005473361,0.006841701,0.014139516,0.009122269,0.01596397,0.010490609,0.015507856,0.014139516,0.013227289,0.011858949,0.013227289,0.010946722,0.01870065,0.013227289,0.021893444,0.01459563,0.014139516,0.011858949,0.013683403,0.006385588,0.010490609,0.010490609,0.010034495,0.002736681,0.010490609,0.007297815,0.010034495,0.005017248,0.015507856,0.010946722,0.015507856,0.008210042,0.006841701,0.005929475,0.010034495,0.003192794,0.168677504,0.129363933,0
0.008437339,0.011249785,0.014999713,0.010781044,0.010781044,0.009843562,0.012656008,0.009374821,0.012656008,0.015468454,0.01359349,0.012187267,0.006562375,0.007968598,0.012656008,0.007968598,0.011249785,0.009843562,0.01359349,0.007968598,0.007499857,0.006093634,0.011718526,0.009374821,0.009374821,0.010312303,0.016874678,0.011249785,0.005624893,0.006562375,0.01359349,0.00890608,0.015468454,0.010781044,0.015937196,0.01359349,0.014062231,0.011718526,0.013124749,0.010781044,0.017343419,0.013124749,0.022030829,0.015468454,0.014530972,0.012187267,0.014062231,0.006562375,0.010312303,0.010781044,0.009374821,0.002812446,0.010312303,0.007031116,0.010312303,0.005156151,0.015937196,0.010781044,0.015468454,0.008437339,0.007031116,0.006093634,0.010312303,0.003281187,0.169080227,0.12968317,0
0.009574573,0.011010759,0.014840588,0.011010759,0.008617116,0.011010759,0.012446945,0.009574573,0.01053203,0.015798046,0.012925674,0.009095844,0.00718093,0.006702201,0.013404402,0.009095844,0.010053302,0.009574573,0.011489488,0.008617116,0.008138387,0.008138387,0.012446945,0.008617116,0.01053203,0.01053203,0.017234232,0.01053203,0.006223473,0.003829829,0.013404402,0.009095844,0.016276774,0.010053302,0.012925674,0.013404402,0.015798046,0.012925674,0.013883131,0.010053302,0.01771296,0.013404402,0.025851347,0.016755503,0.012446945,0.01053203,0.015319317,0.00718093,0.01053203,0.011010759,0.009095844,0.002872372,0.00718093,0.005266015,0.010053302,0.004308558,0.013883131,0.012925674,0.01771296,0.009095844,0.007659659,0.005744744,0.011968216,0.004308558,0.170239743,0.130337689,0
0.008582954,0.010967108,0.014781754,0.010967108,0.010490277,0.010490277,0.012874431,0.009536615,0.0123976,0.015735416,0.013351262,0.011920769,0.006675631,0.007152462,0.012874431,0.007629292,0.010967108,0.010013446,0.013351262,0.008106123,0.008106123,0.0061988,0.011920769,0.009059785,0.009536615,0.010490277,0.016689077,0.011443939,0.005721969,0.0061988,0.012874431,0.009536615,0.015735416,0.010967108,0.015258585,0.012874431,0.014304923,0.011920769,0.013351262,0.010490277,0.017165908,0.012874431,0.023364708,0.015258585,0.014304923,0.0123976,0.014304923,0.0061988,0.010490277,0.011443939,0.010013446,0.002384154,0.009536615,0.006675631,0.010013446,0.005245139,0.015735416,0.010967108,0.015258585,0.008582954,0.007629292,0.005721969,0.010490277,0.002860985,0.169948642,0.12958695,0
0.00858486,0.010969543,0.014785036,0.010969543,0.010492606,0.010492606,0.01287729,0.009061796,0.012400353,0.015738909,0.013354226,0.011923416,0.00715405,0.007630986,0.01287729,0.007630986,0.010969543,0.01001567,0.013354226,0.008107923,0.007630986,0.006200176,0.011923416,0.009538733,0.009538733,0.010492606,0.017169719,0.01144648,0.00572324,0.006200176,0.013354226,0.009061796,0.015738909,0.010969543,0.015738909,0.013354226,0.014308099,0.011923416,0.013354226,0.010492606,0.018123593,0.01287729,0.021939086,0.014785036,0.013831163,0.012400353,0.014308099,0.006200176,0.010492606,0.010969543,0.009538733,0.00286162,0.01001567,0.006677113,0.010492606,0.005246303,0.015738909,0.010969543,0.015261973,0.00858486,0.00715405,0.006200176,0.01001567,0.002384683,0.169834565,0.129545497,0
0.008582771,0.010966874,0.014781439,0.010966874,0.010490053,0.009536412,0.012874156,0.010013233,0.012397336,0.01573508,0.013350977,0.012397336,0.006675488,0.00762913,0.012874156,0.00762913,0.010966874,0.010013233,0.013350977,0.00810595,0.00762913,0.006198668,0.011920515,0.008582771,0.009536412,0.010490053,0.017165542,0.011443694,0.005721847,0.006198668,0.012874156,0.009536412,0.01573508,0.010966874,0.01573508,0.012874156,0.014304618,0.011920515,0.013350977,0.010490053,0.017642362,0.012874156,0.022410568,0.014781439,0.014304618,0.012397336,0.014304618,0.006198668,0.010490053,0.010966874,0.010013233,0.002860924,0.010013233,0.006675488,0.010490053,0.005245027,0.01573508,0.010966874,0.014781439,0.008582771,0.00762913,0.006198668,0.010013233,0.002860924,0.169955308,0.129595227,0
0.008581677,0.010965476,0.014779555,0.010965476,0.010488716,0.009535197,0.012872515,0.010011956,0.012395755,0.015733074,0.013349275,0.012395755,0.007151397,0.007628157,0.012872515,0.007628157,0.010965476,0.010011956,0.013349275,0.008104917,0.007628157,0.006197878,0.011918996,0.008581677,0.009535197,0.010488716,0.017163354,0.011442236,0.005721118,0.006197878,0.012872515,0.009535197,0.015733074,0.010965476,0.015733074,0.013349275,0.014302795,0.011918996,0.013349275,0.010488716,0.018116873,0.012872515,0.021930952,0.014302795,0.013826035,0.012395755,0.014302795,0.006197878,0.010488716,0.010965476,0.010011956,0.002860559,0.010011956,0.006674638,0.010488716,0.005244358,0.015733074,0.010965476,0.014779555,0.008581677,0.007628157,0.006197878,0.010011956,0.002860559,0.169954107,0.129685709,0
0.008587326,0.010972694,0.014789283,0.010972694,0.01049562,0.009541473,0.012880988,0.010018547,0.012403915,0.01574343,0.013358062,0.012403915,0.006679031,0.007633178,0.012880988,0.007633178,0.010972694,0.010018547,0.013358062,0.008110252,0.007633178,0.006201957,0.011926841,0.008110252,0.009541473,0.01049562,0.017174651,0.011449768,0.005724884,0.006201957,0.012880988,0.009541473,0.01574343,0.010972694,0.01574343,0.012880988,0.014312209,0.011449768,0.013358062,0.010972694,0.017651725,0.012880988,0.022422461,0.014789283,0.014312209,0.012403915,0.014312209,0.006201957,0.01049562,0.010972694,0.010018547,0.002862442,0.010018547,0.006679031,0.01049562,0.00524781,0.01574343,0.010972694,0.014789283,0.008587326,0.007633178,0.006201957,0.010018547,0.002862442,0.170043937,0.129611951,0
0.008577102,0.010959631,0.014771676,0.010959631,0.010006619,0.010483125,0.012865653,0.009530114,0.012389148,0.015724687,0.013342159,0.012389148,0.007147585,0.007147585,0.012865653,0.007624091,0.010483125,0.010006619,0.013342159,0.008100596,0.008100596,0.006194574,0.012389148,0.009053608,0.010006619,0.010483125,0.016677699,0.011436136,0.005718068,0.006194574,0.012389148,0.009530114,0.015724687,0.010483125,0.015724687,0.013342159,0.01429517,0.012389148,0.013342159,0.010006619,0.01763071,0.012865653,0.022395767,0.014771676,0.01429517,0.012389148,0.01429517,0.006194574,0.010959631,0.011436136,0.010006619,0.002382528,0.009530114,0.006671079,0.010006619,0.005241562,0.015248182,0.010959631,0.015248182,0.008577102,0.007624091,0.005718068,0.010483125,0.002859034,0.170163512,0.129849651,0
0.007649756,0.01223961,0.015299512,0.010199675,0.009179707,0.008669724,0.011729626,0.009179707,0.013259577,0.015809496,0.012749593,0.01223961,0.005609821,0.007649756,0.010709658,0.009179707,0.00815974,0.009179707,0.013769561,0.00815974,0.00815974,0.009689691,0.012749593,0.009689691,0.007139772,0.013259577,0.017339447,0.008669724,0.009689691,0.007649756,0.011219642,0.009689691,0.017339447,0.007649756,0.014789528,0.01223961,0.013259577,0.014279545,0.011729626,0.014279545,0.019379382,0.015809496,0.021419317,0.016829463,0.00815974,0.00815974,0.016829463,0.009179707,0.01223961,0.009689691,0.010199675,0.002039935,0.008669724,0.007649756,0.010199675,0.005099837,0.01223961,0.009179707,0.021929301,0.004589854,0.010709658,0.00815974,0.009179707,0.006629789,0.164010034,0.130682459,0
0.007009018,0.012516104,0.015019324,0.009512239,0.009011595,0.009512239,0.01201546,0.010012883,0.013016748,0.016521257,0.012516104,0.011514815,0.006508374,0.007509662,0.010513527,0.008010306,0.008010306,0.009011595,0.014018036,0.007009018,0.007009018,0.009512239,0.012516104,0.009011595,0.008010306,0.01201546,0.017021901,0.009011595,0.010513527,0.008010306,0.01201546,0.009512239,0.016020613,0.009011595,0.015019324,0.013016748,0.013016748,0.013016748,0.01201546,0.01451868,0.018523833,0.015519969,0.022028343,0.017522545,0.008510951,0.008010306,0.016521257,0.009512239,0.012516104,0.010012883,0.009512239,0.003003865,0.009011595,0.00600773,0.009512239,0.006508374,0.013517392,0.008510951,0.022028343,0.004505797,0.009512239,0.007509662,0.010012883,0.007509662,0.164133469,0.131960858,0
0.007464174,0.012440289,0.015425959,0.008957008,0.00945462,0.00945462,0.010947455,0.010449843,0.012937901,0.01592357,0.013435512,0.011942678,0.00646895,0.007464174,0.010449843,0.007961785,0.008459397,0.00945462,0.013933124,0.007464174,0.007961785,0.00945462,0.012937901,0.007961785,0.007464174,0.011942678,0.016421182,0.00945462,0.009952231,0.007961785,0.011942678,0.00945462,0.01592357,0.008957008,0.014928347,0.012937901,0.012937901,0.013435512,0.011445066,0.013933124,0.01890924,0.014928347,0.021894909,0.017914017,0.00945462,0.008957008,0.016421182,0.008957008,0.012440289,0.00945462,0.010449843,0.002985669,0.008957008,0.005971339,0.009952231,0.00646895,0.013435512,0.008957008,0.021894909,0.004478504,0.00945462,0.006966562,0.009952231,0.006966562,0.164310826,0.131568802,0
0.007614893,0.013801993,0.014753855,0.008566754,0.009042685,0.009994547,0.011422339,0.010470478,0.013326062,0.015705716,0.013326062,0.01189827,0.0061871,0.008090824,0.009994547,0.007614893,0.008090824,0.009518616,0.013801993,0.007138962,0.007614893,0.009042685,0.012850132,0.009518616,0.007614893,0.01189827,0.016181647,0.009518616,0.009518616,0.008566754,0.012850132,0.009994547,0.016657578,0.008566754,0.015229786,0.013326062,0.012374201,0.013326062,0.011422339,0.014753855,0.019037232,0.015229786,0.021892817,0.017133509,0.009518616,0.008566754,0.015705716,0.009042685,0.01189827,0.009042685,0.010470478,0.002855585,0.009518616,0.006663031,0.009518616,0.0061871,0.013801993,0.009042685,0.021892817,0.004283377,0.009042685,0.006663031,0.010470478,0.007614893,0.16277548,0.130943215,0
0.007614893,0.013801993,0.014753855,0.008566754,0.009042685,0.009994547,0.011422339,0.010470478,0.013326062,0.015705716,0.013326062,0.01189827,0.0061871,0.008090824,0.009994547,0.007614893,0.008090824,0.009518616,0.013801993,0.007138962,0.007614893,0.009042685,0.012850132,0.009518616,0.007614893,0.01189827,0.016181647,0.009518616,0.009518616,0.008566754,0.012850132,0.009994547,0.016657578,0.008566754,0.015229786,0.013326062,0.012374201,0.013326062,0.011422339,0.014753855,0.019037232,0.015229786,0.021892817,0.017133509,0.009518616,0.008566754,0.015705716,0.009042685,0.01189827,0.009042685,0.010470478,0.002855585,0.009518616,0.006663031,0.009518616,0.0061871,0.013801993,0.009042685,0.021892817,0.004283377,0.009042685,0.006663031,0.010470478,0.007614893,0.16277548,0.130943215,0
0.007010964,0.013020361,0.015023494,0.009514879,0.009514879,0.009514879,0.012018795,0.011017229,0.013521144,0.01602506,0.012018795,0.011518012,0.006510181,0.007511747,0.010516446,0.00801253,0.00801253,0.009514879,0.014021928,0.007010964,0.007010964,0.009514879,0.012519578,0.009014096,0.00801253,0.011518012,0.017026626,0.009014096,0.010516446,0.00801253,0.012018795,0.009514879,0.016525843,0.009514879,0.014522711,0.013020361,0.013020361,0.013020361,0.011518012,0.013521144,0.018528976,0.015023494,0.022034458,0.017527409,0.008513313,0.00801253,0.016525843,0.009514879,0.012519578,0.010015663,0.009514879,0.003004699,0.009014096,0.006009398,0.009514879,0.006510181,0.013521144,0.008513313,0.022034458,0.004507048,0.009514879,0.007511747,0.010015663,0.007511747,0.163964531,0.131934393,0
0.007007898,0.012514104,0.014516361,0.009510719,0.009010155,0.009010155,0.011512976,0.011012412,0.013014668,0.016018053,0.013515233,0.011512976,0.006507334,0.008009027,0.010511848,0.008009027,0.008009027,0.009510719,0.014015797,0.007508463,0.008009027,0.009510719,0.013014668,0.007508463,0.008009027,0.012514104,0.016518618,0.009010155,0.010511848,0.008009027,0.011512976,0.009510719,0.016018053,0.009010155,0.015016925,0.013014668,0.013014668,0.013515233,0.011512976,0.014516361,0.019021438,0.015016925,0.021524259,0.017519746,0.008509591,0.008509591,0.016518618,0.009010155,0.01201354,0.009510719,0.010511848,0.003003385,0.009010155,0.00600677,0.010011283,0.006507334,0.013014668,0.009010155,0.021524259,0.004505078,0.009510719,0.007007898,0.010011283,0.007508463,0.164312808,0.131893969,0
0.008112886,0.01135804,0.014062336,0.009735463,0.008653745,0.009194604,0.010817181,0.010817181,0.014062336,0.015684913,0.012439758,0.01135804,0.007031168,0.008112886,0.010817181,0.008653745,0.008112886,0.009194604,0.013521476,0.007572027,0.008112886,0.010276322,0.012980617,0.008112886,0.00594945,0.012439758,0.016225772,0.009735463,0.010276322,0.008653745,0.011898899,0.008653745,0.015684913,0.008653745,0.015684913,0.014062336,0.012439758,0.013521476,0.010817181,0.014062336,0.020011785,0.014062336,0.022175221,0.016766631,0.008653745,0.007572027,0.016766631,0.009735463,0.011898899,0.010276322,0.010276322,0.003245154,0.009194604,0.006490309,0.009735463,0.006490309,0.014062336,0.008653745,0.022175221,0.004867732,0.009735463,0.007031168,0.010276322,0.006490309,0.164438186,0.13136332,0
0.006822634,0.012670607,0.015594593,0.008771958,0.009259289,0.00974662,0.011208613,0.010233951,0.0141326,0.017543917,0.013645269,0.011208613,0.005360641,0.007309965,0.00974662,0.007797296,0.008284627,0.00974662,0.013645269,0.007797296,0.008771958,0.00974662,0.013645269,0.007309965,0.007797296,0.012183276,0.016569255,0.00974662,0.00974662,0.008284627,0.012183276,0.009259289,0.016081924,0.009259289,0.016569255,0.011695945,0.012670607,0.013645269,0.011208613,0.015594593,0.018031248,0.014619931,0.021442565,0.018518579,0.010233951,0.008284627,0.016569255,0.009259289,0.012670607,0.008771958,0.010233951,0.001949324,0.008771958,0.006335303,0.010233951,0.006335303,0.013645269,0.008771958,0.020955234,0.00487331,0.008771958,0.007797296,0.00974662,0.006335303,0.163524332,0.130820349,0
0.007008624,0.012014785,0.015018481,0.010012321,0.009511705,0.009511705,0.012014785,0.010512937,0.013016017,0.016520329,0.012014785,0.012515401,0.005506776,0.006508008,0.010012321,0.009011089,0.008009856,0.010012321,0.014017249,0.006508008,0.00750924,0.009511705,0.013016017,0.009511705,0.008009856,0.012515401,0.018022177,0.009011089,0.010512937,0.00750924,0.011013553,0.010012321,0.016520329,0.009011089,0.014517865,0.012515401,0.013516633,0.013516633,0.012515401,0.013516633,0.019524025,0.015519097,0.021526489,0.016520329,0.008510473,0.008510473,0.016520329,0.009011089,0.012014785,0.010512937,0.010512937,0.002002464,0.008009856,0.007008624,0.010012321,0.005506776,0.012014785,0.008510473,0.021526489,0.004505544,0.010512937,0.008009856,0.009511705,0.007008624,0.16424603,0.131887831,0
0.012068086,0.012616635,0.012616635,0.010970987,0.010970987,0.010422438,0.013165185,0.00877679,0.012616635,0.011519537,0.012068086,0.014810833,0.006034043,0.00822824,0.010422438,0.00822824,0.010422438,0.009325339,0.011519537,0.006582592,0.00822824,0.010970987,0.009873888,0.012616635,0.007679691,0.010970987,0.014810833,0.013165185,0.009325339,0.00877679,0.012068086,0.007679691,0.014262283,0.009325339,0.014262283,0.013713734,0.011519537,0.013165185,0.011519537,0.009325339,0.01700503,0.013713734,0.023587622,0.013713734,0.010970987,0.009873888,0.015907931,0.010970987,0.011519537,0.011519537,0.012616635,0.001645648,0.007131142,0.007131142,0.012616635,0.007131142,0.014262283,0.009325339,0.01755358,0.006034043,0.010970987,0.007131142,0.00877679,0.006034043,0.165819801,0.130391369,0
0.009273286,0.013177827,0.013665895,0.010737489,0.011713624,0.010737489,0.01268976,0.007809083,0.014153963,0.013665895,0.011225557,0.014153963,0.005856812,0.007809083,0.011225557,0.007809083,0.011225557,0.010249421,0.013177827,0.006832948,0.010249421,0.010737489,0.008785218,0.011713624,0.007321015,0.010737489,0.016106233,0.012201692,0.007321015,0.009273286,0.012201692,0.006832948,0.015130098,0.010249421,0.015130098,0.011713624,0.011713624,0.013665895,0.01268976,0.008297151,0.016594301,0.014153963,0.024891452,0.015618166,0.012201692,0.010249421,0.015618166,0.009761354,0.011225557,0.009273286,0.011225557,0.003416474,0.007809083,0.006832948,0.012201692,0.007809083,0.014153963,0.007809083,0.01903464,0.005856812,0.009761354,0.007321015,0.007809083,0.005856812,0.165507795,0.128746338,0
0.010693488,0.013239557,0.012221129,0.010184274,0.011711915,0.011202702,0.01374877,0.007638206,0.011202702,0.012730343,0.011202702,0.014257984,0.005601351,0.008147419,0.010184274,0.007638206,0.010693488,0.010184274,0.012221129,0.006619778,0.008147419,0.010693488,0.010184274,0.012221129,0.009165847,0.011711915,0.018331694,0.012221129,0.007128992,0.008147419,0.012221129,0.008147419,0.014257984,0.011202702,0.014767198,0.013239557,0.012221129,0.012730343,0.014257984,0.008656633,0.01782248,0.014767198,0.025460686,0.014257984,0.010693488,0.010693488,0.015276411,0.010184274,0.011202702,0.009675061,0.010184274,0.001527641,0.007638206,0.006619778,0.013239557,0.007128992,0.014767198,0.008656633,0.017313266,0.006110565,0.009165847,0.007638206,0.009165847,0.005601351,0.164664107,0.129565686,0
0.009813374,0.011879348,0.012912334,0.010329867,0.010846361,0.010329867,0.013945321,0.008780387,0.012912334,0.012395841,0.011879348,0.015494801,0.006714414,0.008263894,0.009813374,0.007747401,0.010329867,0.010329867,0.012395841,0.006714414,0.010329867,0.010846361,0.008780387,0.011879348,0.007747401,0.011362854,0.018593761,0.011362854,0.009296881,0.008780387,0.011362854,0.007747401,0.013945321,0.009813374,0.017044281,0.012912334,0.011879348,0.013428828,0.011879348,0.008780387,0.019110255,0.014978308,0.024275189,0.013945321,0.011362854,0.009813374,0.014978308,0.010329867,0.010846361,0.011879348,0.010329867,0.002582467,0.006714414,0.007230907,0.014461814,0.007747401,0.013945321,0.006714414,0.017560775,0.005681427,0.008263894,0.009813374,0.007747401,0.00464844,0.164689566,0.128747498,0
0.009709602,0.014308888,0.013286824,0.010220634,0.010220634,0.010220634,0.015330951,0.007665476,0.011753729,0.011753729,0.011753729,0.013286824,0.005621349,0.007154444,0.010731666,0.007665476,0.010220634,0.009709602,0.011753729,0.00613238,0.007665476,0.013286824,0.010731666,0.011242697,0.009198571,0.012775793,0.019930236,0.013286824,0.008176507,0.008176507,0.010731666,0.008176507,0.015330951,0.010220634,0.013286824,0.012775793,0.012264761,0.012775793,0.013797856,0.009709602,0.018397141,0.016353014,0.028106744,0.014308888,0.010220634,0.011753729,0.014819919,0.009709602,0.011753729,0.009198571,0.010220634,0.002044127,0.007665476,0.006643412,0.015330951,0.006643412,0.012264761,0.007665476,0.017375078,0.005621349,0.009198571,0.009198571,0.007154444,0.00306619,0.164431562,0.128811594,0
0.009393363,0.012854075,0.014337238,0.00988775,0.011370913,0.00988775,0.01384285,0.0079102,0.015326013,0.012854075,0.0118653,0.0158204,0.006921425,0.008404588,0.00988775,0.007415813,0.010382138,0.00988775,0.012359688,0.006427038,0.009393363,0.010382138,0.0079102,0.011370913,0.007415813,0.011370913,0.016809175,0.0118653,0.00988775,0.008898975,0.011370913,0.0079102,0.014337238,0.00988775,0.016809175,0.012854075,0.0118653,0.012359688,0.0118653,0.00988775,0.016809175,0.015326013,0.022247438,0.01384285,0.012854075,0.009393363,0.014831625,0.00988775,0.012359688,0.010382138,0.0118653,0.003460713,0.006427038,0.006427038,0.01384285,0.008898975,0.014337238,0.006427038,0.017303563,0.005438263,0.008898975,0.008898975,0.007415813,0.00593265,0.166078979,0.128924435,0
0.010048234,0.013062704,0.011555469,0.011053057,0.011555469,0.011053057,0.015574762,0.008540999,0.01205788,0.013062704,0.011555469,0.01205788,0.007033764,0.008540999,0.010048234,0.007536175,0.009545822,0.010550645,0.013062704,0.006531352,0.007536175,0.011555469,0.010048234,0.01205788,0.00904341,0.011555469,0.018086821,0.012560292,0.010048234,0.007536175,0.010550645,0.007033764,0.014569939,0.011053057,0.013565115,0.012560292,0.013062704,0.01205788,0.013565115,0.008038587,0.018086821,0.014067527,0.024618173,0.015574762,0.010550645,0.00904341,0.015574762,0.010550645,0.011555469,0.011555469,0.010550645,0.00301447,0.007536175,0.006531352,0.01205788,0.006531352,0.012560292,0.008038587,0.018086821,0.005526529,0.009545822,0.007536175,0.008038587,0.00602894,0.168186839,0.128939214,0
0.010697213,0.014772341,0.012734777,0.010187822,0.011206604,0.011206604,0.014772341,0.008659648,0.012225386,0.012225386,0.012225386,0.01426295,0.005603302,0.007640866,0.009169039,0.007131475,0.010697213,0.010187822,0.013244168,0.005603302,0.008659648,0.013244168,0.010697213,0.010187822,0.008150257,0.012225386,0.019356861,0.012734777,0.008659648,0.008150257,0.011206604,0.007640866,0.015791124,0.010697213,0.014772341,0.011715995,0.012225386,0.012225386,0.013244168,0.009678431,0.019356861,0.015791124,0.025978945,0.013753559,0.010697213,0.009678431,0.016300515,0.009678431,0.011206604,0.010187822,0.010187822,0.002037564,0.007640866,0.006112693,0.013753559,0.006622084,0.013753559,0.007131475,0.017319297,0.005603302,0.008659648,0.008659648,0.007131475,0.00458452,0.164202672,0.128253116,0
0.009939716,0.012032288,0.013601717,0.010462859,0.010986002,0.010462859,0.01412486,0.007847144,0.01412486,0.012555431,0.011509145,0.015171146,0.006800859,0.008370287,0.009939716,0.007847144,0.010986002,0.009939716,0.012555431,0.006277716,0.009939716,0.011509145,0.008370287,0.010986002,0.007324002,0.011509145,0.017786861,0.012032288,0.008370287,0.008370287,0.011509145,0.007847144,0.013078574,0.009939716,0.017263718,0.013078574,0.012032288,0.012555431,0.012032288,0.00889343,0.018310004,0.014648003,0.022495148,0.01412486,0.013078574,0.009416573,0.014648003,0.010462859,0.012032288,0.011509145,0.009939716,0.003138858,0.006800859,0.006277716,0.01412486,0.008370287,0.01412486,0.006277716,0.017786861,0.006277716,0.008370287,0.009416573,0.008370287,0.00523143,0.166231536,0.128571746,0
0.009673429,0.012728196,0.013746452,0.011200812,0.01170994,0.010691685,0.013237324,0.008146045,0.013746452,0.013746452,0.010691685,0.013746452,0.006109534,0.00712779,0.01170994,0.008146045,0.011200812,0.010691685,0.013237324,0.00712779,0.010691685,0.010691685,0.008655173,0.011200812,0.007636918,0.011200812,0.016292091,0.01170994,0.007636918,0.009164301,0.01170994,0.00712779,0.014764707,0.010691685,0.015273835,0.01170994,0.012219068,0.013746452,0.012728196,0.008146045,0.016801219,0.014255579,0.025456392,0.015273835,0.011200812,0.010182557,0.015782963,0.009673429,0.011200812,0.009673429,0.010182557,0.003054767,0.007636918,0.006109534,0.012219068,0.008146045,0.014255579,0.007636918,0.019346858,0.006109534,0.009164301,0.007636918,0.008146045,0.005091278,0.165729236,0.128619584,0
0.008772008,0.01169601,0.017056682,0.010721343,0.010234009,0.009259341,0.01169601,0.00779734,0.012183344,0.017056682,0.014620013,0.012183344,0.004873338,0.008772008,0.010721343,0.006822673,0.009746675,0.010234009,0.015107347,0.006335339,0.00779734,0.006335339,0.012670678,0.010721343,0.00779734,0.013645345,0.016082014,0.012183344,0.007310006,0.009259341,0.012670678,0.008284674,0.016569348,0.008772008,0.015107347,0.012183344,0.014132679,0.012670678,0.015107347,0.014132679,0.017056682,0.016569348,0.017544015,0.014132679,0.010234009,0.008284674,0.015107347,0.010721343,0.013158012,0.008284674,0.008772008,0.001949335,0.009259341,0.009259341,0.010234009,0.004873338,0.01559468,0.008772008,0.017056682,0.005848005,0.009746675,0.007310006,0.008772008,0.006335339,0.165766681,0.130036032,0
0.0089866,0.011482877,0.016475433,0.010983622,0.009985111,0.0089866,0.011982133,0.007988089,0.011482877,0.016974688,0.014977666,0.011982133,0.004992555,0.008487344,0.010983622,0.006989577,0.009485855,0.010484366,0.014977666,0.006490322,0.007988089,0.006490322,0.013479899,0.009985111,0.007988089,0.01447841,0.015976177,0.011482877,0.007488833,0.0089866,0.012980644,0.007988089,0.016475433,0.0089866,0.014977666,0.011982133,0.01447841,0.013479899,0.01447841,0.01447841,0.017473944,0.016475433,0.016974688,0.01447841,0.009485855,0.007988089,0.015976177,0.010484366,0.012980644,0.007988089,0.0089866,0.001997022,0.0089866,0.0089866,0.009985111,0.004992555,0.015476922,0.0089866,0.017473944,0.005991066,0.009985111,0.007488833,0.007988089,0.005991066,0.166182801,0.130366154,0
0.008741056,0.011654742,0.017967727,0.010683513,0.010683513,0.008741056,0.011654742,0.007769828,0.012140356,0.016996499,0.015054042,0.01262597,0.004856142,0.007769828,0.010683513,0.006798599,0.010197899,0.010197899,0.014082813,0.006312985,0.007769828,0.006312985,0.013111585,0.010197899,0.007769828,0.014082813,0.015539656,0.012140356,0.007284214,0.009226671,0.01262597,0.008255442,0.016510884,0.009226671,0.015054042,0.011169128,0.014082813,0.013111585,0.014568427,0.014568427,0.016996499,0.016510884,0.016996499,0.014568427,0.010683513,0.008741056,0.015539656,0.010683513,0.013597199,0.007769828,0.009226671,0.001942457,0.008255442,0.009226671,0.010197899,0.004856142,0.015054042,0.008741056,0.017482113,0.006312985,0.010197899,0.006798599,0.008741056,0.006312985,0.166293209,0.130051753,0
0.009004178,0.012005571,0.016007428,0.011005107,0.011005107,0.00950441,0.012005571,0.007503482,0.011505339,0.01650766,0.015507196,0.012005571,0.005002321,0.007503482,0.011005107,0.00700325,0.010004643,0.011505339,0.0140065,0.006503018,0.008003714,0.00700325,0.013006035,0.010004643,0.008003714,0.0140065,0.015507196,0.011505339,0.007503482,0.00950441,0.012505803,0.007503482,0.016007428,0.009004178,0.015507196,0.011005107,0.014506732,0.012505803,0.014506732,0.014506732,0.017508125,0.01650766,0.018508589,0.015006964,0.009004178,0.008503946,0.01650766,0.011005107,0.012505803,0.007503482,0.010004643,0.002000929,0.008503946,0.009004178,0.00950441,0.005002321,0.014506732,0.009004178,0.018008357,0.006503018,0.010504875,0.006503018,0.008503946,0.006002786,0.166269284,0.129904107,0
0.008576348,0.011911594,0.016676231,0.010482203,0.010005739,0.009529275,0.01143513,0.00762342,0.011911594,0.016676231,0.01524684,0.012388058,0.004764638,0.009052811,0.010482203,0.006670493,0.009529275,0.010482203,0.014770376,0.006194029,0.00762342,0.006194029,0.012864521,0.01143513,0.00762342,0.013817449,0.015723304,0.011911594,0.007146956,0.009529275,0.013817449,0.008099884,0.016676231,0.008576348,0.01524684,0.012388058,0.013817449,0.012864521,0.014770376,0.014770376,0.018105623,0.016676231,0.017629159,0.014293913,0.010482203,0.008099884,0.01524684,0.010482203,0.012864521,0.00762342,0.009529275,0.001905855,0.009529275,0.009529275,0.010005739,0.004764638,0.01524684,0.009052811,0.018105623,0.005717565,0.009529275,0.007146956,0.008099884,0.006194029,0.165009756,0.129823886,0
0.008576348,0.011911594,0.016676231,0.010482203,0.010005739,0.009529275,0.01143513,0.00762342,0.011911594,0.016676231,0.01524684,0.012388058,0.004764638,0.009052811,0.010482203,0.006670493,0.009529275,0.010482203,0.014770376,0.006194029,0.00762342,0.006194029,0.012864521,0.01143513,0.00762342,0.013817449,0.015723304,0.011911594,0.007146956,0.009529275,0.013817449,0.008099884,0.016676231,0.008576348,0.01524684,0.012388058,0.013817449,0.012864521,0.014770376,0.014770376,0.018105623,0.016676231,0.017629159,0.014293913,0.010482203,0.008099884,0.01524684,0.010482203,0.012864521,0.00762342,0.009529275,0.001905855,0.009529275,0.009529275,0.010005739,0.004764638,0.01524684,0.009052811,0.018105623,0.005717565,0.009529275,0.007146956,0.008099884,0.006194029,0.165009756,0.129823886,0
0.009080345,0.010593736,0.0166473,0.010593736,0.010089273,0.008575882,0.012107127,0.009584809,0.013116054,0.017656227,0.014629445,0.010593736,0.005044636,0.007062491,0.010089273,0.007566954,0.010089273,0.012107127,0.014124982,0.0055491,0.007566954,0.006558027,0.012107127,0.010089273,0.007566954,0.013116054,0.0166473,0.011602664,0.007566954,0.008071418,0.014124982,0.009584809,0.016142836,0.009584809,0.017151763,0.011602664,0.014629445,0.012611591,0.014629445,0.014629445,0.018160691,0.015638373,0.017656227,0.015638373,0.008575882,0.008575882,0.0166473,0.010593736,0.0110982,0.008071418,0.008071418,0.002017855,0.009584809,0.008575882,0.010089273,0.005044636,0.015638373,0.010089273,0.018160691,0.006558027,0.008071418,0.009584809,0.010089273,0.005044636,0.164593233,0.127644293,0
0.010559161,0.010056344,0.015084516,0.010559161,0.008547893,0.011061979,0.011061979,0.007542258,0.010056344,0.015587334,0.014581699,0.011564796,0.006033807,0.008045075,0.012067613,0.007542258,0.010056344,0.010056344,0.013073248,0.007542258,0.008547893,0.010056344,0.013073248,0.010559161,0.006536624,0.014581699,0.017095785,0.011061979,0.008045075,0.007542258,0.012067613,0.008045075,0.013576065,0.009553527,0.014581699,0.013073248,0.015084516,0.013576065,0.014581699,0.013073248,0.017598602,0.016090151,0.019609871,0.014078882,0.008547893,0.008045075,0.015084516,0.011564796,0.012067613,0.008547893,0.00905071,0.002514086,0.008547893,0.007542258,0.010559161,0.004525355,0.016592968,0.010056344,0.015587334,0.006536624,0.009553527,0.007542258,0.010056344,0.007542258,0.165870315,0.131694038,0
0.009878838,0.010866722,0.017781909,0.01037278,0.010866722,0.009384897,0.012348548,0.008397013,0.009384897,0.016794025,0.0153122,0.01284249,0.004939419,0.006915187,0.009384897,0.006915187,0.010866722,0.011854606,0.013336432,0.005927303,0.007409129,0.008397013,0.012348548,0.01037278,0.006915187,0.0153122,0.016300083,0.011854606,0.007409129,0.007409129,0.013336432,0.008890955,0.016794025,0.009878838,0.014324316,0.009384897,0.014818258,0.014324316,0.0153122,0.013336432,0.019263735,0.016300083,0.022721328,0.013830374,0.01037278,0.008890955,0.016794025,0.008890955,0.011360664,0.008397013,0.009384897,0.00246971,0.008397013,0.006421245,0.01037278,0.004939419,0.014818258,0.009384897,0.017781909,0.006421245,0.008890955,0.006915187,0.008890955,0.004939419,0.166466285,0.128184648,0
0.008772318,0.011696424,0.018031988,0.010721722,0.010721722,0.008772318,0.011696424,0.007797616,0.011696424,0.017057286,0.015107881,0.012671126,0.00487351,0.007797616,0.010721722,0.006822914,0.010234371,0.010234371,0.014133179,0.006335563,0.007797616,0.006822914,0.012671126,0.010234371,0.007797616,0.014133179,0.015595232,0.011696424,0.007310265,0.009259669,0.012671126,0.008284967,0.016569935,0.009259669,0.01462053,0.011209073,0.014133179,0.013158477,0.01462053,0.01462053,0.017057286,0.016569935,0.016569935,0.01462053,0.010234371,0.008772318,0.015595232,0.010721722,0.013645828,0.007797616,0.009259669,0.001949404,0.008284967,0.009259669,0.010234371,0.00487351,0.015107881,0.008772318,0.017544637,0.006335563,0.010234371,0.006822914,0.008772318,0.006335563,0.166149288,0.130115846,0
0.009830903,0.012288629,0.012780174,0.009339358,0.009339358,0.010813993,0.012288629,0.010322448,0.012288629,0.015729445,0.011797084,0.009830903,0.005406997,0.006390087,0.010813993,0.003932361,0.008847813,0.011797084,0.012780174,0.006881632,0.009830903,0.011797084,0.013271719,0.011305538,0.008356268,0.014254809,0.020153351,0.011305538,0.006881632,0.005898542,0.016712535,0.006881632,0.0152379,0.009339358,0.016712535,0.008356268,0.014746354,0.017695625,0.015729445,0.011305538,0.017695625,0.015729445,0.027526528,0.01818717,0.010322448,0.011305538,0.016712535,0.008356268,0.010322448,0.008847813,0.007373177,0.001966181,0.006390087,0.005898542,0.012780174,0.003440816,0.011305538,0.013763264,0.020153351,0.007373177,0.005898542,0.004915451,0.008356268,0.002457726,0.166676504,0.126973118,0
0.011756203,0.012316022,0.014555299,0.009516926,0.008397288,0.009516926,0.012875841,0.009516926,0.012875841,0.016794575,0.012316022,0.010636564,0.005038373,0.007837469,0.009516926,0.004478553,0.009516926,0.010076745,0.01343566,0.005598192,0.009516926,0.011196384,0.012316022,0.010636564,0.008397288,0.014555299,0.019593671,0.011196384,0.008397288,0.00671783,0.016234756,0.005598192,0.015674937,0.010076745,0.016234756,0.010076745,0.015115118,0.016234756,0.015674937,0.012875841,0.019593671,0.016234756,0.029670417,0.016234756,0.009516926,0.011196384,0.017914214,0.00671783,0.011196384,0.007837469,0.007837469,0.001679458,0.005598192,0.00671783,0.01343566,0.003918734,0.011196384,0.012316022,0.02015349,0.007277649,0.005598192,0.003918734,0.007277649,0.002239277,0.16420764,0.127621098,0
0.011067369,0.012992129,0.014435699,0.0096238,0.01010499,0.01058618,0.012510939,0.0096238,0.012029749,0.015879269,0.012510939,0.011067369,0.00529309,0.00625547,0.01058618,0.00384952,0.01010499,0.011548559,0.012510939,0.00625547,0.0096238,0.01058618,0.012510939,0.0096238,0.00818023,0.013954509,0.019247599,0.012029749,0.00721785,0.00577428,0.014916889,0.00721785,0.015879269,0.0096238,0.015879269,0.00818023,0.014435699,0.015879269,0.015398079,0.012510939,0.017804029,0.015398079,0.027909019,0.018285219,0.011548559,0.011548559,0.017322839,0.00769904,0.011067369,0.00866142,0.00866142,0.00192476,0.00625547,0.00577428,0.012992129,0.00336833,0.011548559,0.012992129,0.019728789,0.00673666,0.00577428,0.0048119,0.00818023,0.00192476,0.167139015,0.127436477,0
0.010644603,0.013063831,0.014515368,0.009193066,0.010160758,0.010644603,0.013063831,0.008709221,0.01209614,0.014999213,0.011612294,0.011612294,0.005322302,0.006773838,0.010160758,0.00435461,0.009676912,0.01209614,0.01209614,0.006289993,0.009676912,0.010644603,0.01209614,0.011128449,0.008225375,0.014031522,0.019837669,0.011612294,0.00774153,0.005806147,0.015483059,0.006773838,0.01645075,0.009193066,0.015483059,0.009193066,0.014515368,0.015966905,0.014999213,0.012579986,0.017902287,0.016934596,0.029030736,0.01645075,0.010160758,0.011612294,0.017418441,0.00774153,0.011128449,0.008225375,0.008225375,0.001451537,0.005806147,0.006289993,0.013547677,0.003386919,0.01209614,0.01209614,0.019837669,0.007257684,0.005806147,0.004838456,0.008225375,0.002419228,0.165876488,0.127708941,0
0.011757548,0.012317432,0.014556965,0.009518015,0.008398249,0.009518015,0.012877315,0.009518015,0.012877315,0.016796498,0.012317432,0.010637782,0.005038949,0.007838366,0.009518015,0.004479066,0.009518015,0.010077899,0.013437198,0.005598833,0.009518015,0.011197665,0.012317432,0.010637782,0.008398249,0.014556965,0.019595914,0.011197665,0.007838366,0.006718599,0.016236614,0.005598833,0.015676731,0.010077899,0.016236614,0.010077899,0.015116848,0.016236614,0.015116848,0.012877315,0.019595914,0.015676731,0.030233696,0.016796498,0.010077899,0.011197665,0.017916264,0.006718599,0.011197665,0.007838366,0.007838366,0.00167965,0.005598833,0.006718599,0.013437198,0.003919183,0.011197665,0.012317432,0.020155797,0.007278482,0.005598833,0.003919183,0.007278482,0.002239533,0.164113006,0.127634682,0
0.009195967,0.012583955,0.013551952,0.009195967,0.010163964,0.010163964,0.013551952,0.008711969,0.011615959,0.016455942,0.012099957,0.010647962,0.004839983,0.006291978,0.010163964,0.003871986,0.009195967,0.013067954,0.014519948,0.006291978,0.009679966,0.01113196,0.011615959,0.01113196,0.007743973,0.013551952,0.018875933,0.01113196,0.007259974,0.005807979,0.015971943,0.007259974,0.015003947,0.009195967,0.015487945,0.008227971,0.01693994,0.015971943,0.014519948,0.013067954,0.01693994,0.01693994,0.030491892,0.017907936,0.008711969,0.01113196,0.018875933,0.008711969,0.01113196,0.007743973,0.007259974,0.000967997,0.006291978,0.006291978,0.011615959,0.003387988,0.012099957,0.013551952,0.020811926,0.007743973,0.006291978,0.004355985,0.009195967,0.002419991,0.166074546,0.127287963,0
0.009916133,0.01189936,0.013882587,0.009420327,0.00892452,0.011403553,0.012395167,0.00892452,0.012890974,0.015865814,0.01189936,0.01189936,0.005453873,0.006445487,0.01041194,0.003966453,0.00892452,0.011403553,0.01338678,0.00594968,0.009916133,0.01189936,0.012890974,0.01041194,0.00892452,0.012890974,0.01933646,0.01189936,0.0074371,0.00594968,0.015370007,0.006941293,0.015865814,0.009420327,0.016857427,0.00892452,0.013882587,0.015865814,0.015370007,0.012395167,0.01784904,0.01636162,0.029252594,0.016857427,0.01041194,0.011403553,0.017353234,0.008428713,0.01041194,0.00892452,0.008428713,0.001983227,0.006941293,0.00594968,0.012395167,0.003470647,0.01189936,0.012395167,0.019832267,0.006941293,0.006445487,0.004958067,0.007932907,0.002479033,0.16544691,0.127532773,0
0.011756203,0.012316022,0.014555299,0.009516926,0.008397288,0.009516926,0.012875841,0.009516926,0.012875841,0.016794575,0.012316022,0.010636564,0.005038373,0.007837469,0.009516926,0.004478553,0.009516926,0.010076745,0.01343566,0.005598192,0.009516926,0.011196384,0.012316022,0.010636564,0.008397288,0.014555299,0.019593671,0.011196384,0.008397288,0.00671783,0.016234756,0.005598192,0.015674937,0.010076745,0.016234756,0.010076745,0.015115118,0.016234756,0.015674937,0.012875841,0.019593671,0.016234756,0.029670417,0.016234756,0.009516926,0.011196384,0.017914214,0.00671783,0.011196384,0.007837469,0.007837469,0.001679458,0.005598192,0.00671783,0.01343566,0.003918734,0.011196384,0.012316022,0.02015349,0.007277649,0.005598192,0.003918734,0.007277649,0.002239277,0.16420764,0.127621098,0
0.009355976,0.011818075,0.013787754,0.009355976,0.010340816,0.010340816,0.013295334,0.008863556,0.011818075,0.016742273,0.012310495,0.010833235,0.004924198,0.006401457,0.009848396,0.003446939,0.008863556,0.013295334,0.014772594,0.005909037,0.009848396,0.012802914,0.012310495,0.010833235,0.007878717,0.013295334,0.018711952,0.011325655,0.007386297,0.005416618,0.015757433,0.007386297,0.015265013,0.009355976,0.015757433,0.008371136,0.016249853,0.015757433,0.014280174,0.012802914,0.017727112,0.015757433,0.031514866,0.017727112,0.008863556,0.011325655,0.018711952,0.008863556,0.010833235,0.008371136,0.007386297,0.00098484,0.006401457,0.006401457,0.011325655,0.003446939,0.011325655,0.013295334,0.020681631,0.007878717,0.006401457,0.004431778,0.008863556,0.002462099,0.165444937,0.12645541,0
0.009414541,0.013651085,0.013651085,0.009414541,0.009414541,0.010826722,0.013651085,0.00800236,0.010355995,0.015063266,0.013651085,0.010355995,0.004707271,0.007060906,0.009885268,0.004236544,0.009885268,0.012238903,0.011768176,0.006119452,0.009885268,0.011768176,0.013651085,0.010355995,0.008943814,0.014121812,0.019299809,0.012238903,0.005648725,0.006590179,0.016475447,0.005648725,0.015533993,0.008473087,0.016475447,0.008943814,0.014121812,0.016946174,0.015533993,0.012709631,0.018829082,0.01600472,0.029185078,0.018358355,0.011297449,0.010826722,0.018358355,0.00800236,0.011297449,0.007531633,0.007531633,0.001412181,0.006590179,0.006590179,0.011768176,0.003295089,0.011297449,0.013651085,0.020241263,0.007531633,0.006119452,0.003765816,0.00800236,0.002353635,0.166599066,0.126839622,0
0.010600441,0.012190507,0.013250551,0.009540397,0.011130463,0.011130463,0.011130463,0.009010375,0.009540397,0.013250551,0.012720529,0.014840617,0.00530022,0.006360265,0.011130463,0.005830243,0.010070419,0.011660485,0.013250551,0.006360265,0.010070419,0.010600441,0.011660485,0.012720529,0.008480353,0.011660485,0.02067086,0.011130463,0.006360265,0.007950331,0.012720529,0.007950331,0.015370639,0.009540397,0.013780573,0.011660485,0.013250551,0.015370639,0.013780573,0.007950331,0.019080794,0.016430683,0.025441058,0.015900661,0.009540397,0.010600441,0.017490728,0.011130463,0.009540397,0.009540397,0.010070419,0.001060044,0.006890287,0.007950331,0.015370639,0.004770198,0.013250551,0.009010375,0.01802075,0.006890287,0.009010375,0.010070419,0.005830243,0.004770198,0.163110993,0.12824953,0
0.010925309,0.011445562,0.011965815,0.010405056,0.010405056,0.010405056,0.014567079,0.008324045,0.010405056,0.013006321,0.010925309,0.014567079,0.006243034,0.007803792,0.011445562,0.006763287,0.009364551,0.010405056,0.012486068,0.006763287,0.010405056,0.010925309,0.008844298,0.011965815,0.006763287,0.012486068,0.019769607,0.011965815,0.008844298,0.007803792,0.012486068,0.00728354,0.014046826,0.010405056,0.013526573,0.011445562,0.012486068,0.011965815,0.012486068,0.010405056,0.019249355,0.013526573,0.025492388,0.015607585,0.010925309,0.009884804,0.016127838,0.011445562,0.010405056,0.011445562,0.010925309,0.00364177,0.005722781,0.008844298,0.015087332,0.005722781,0.013006321,0.008324045,0.017688596,0.006243034,0.010405056,0.009884804,0.005202528,0.004162023,0.167469559,0.128628368,0
0.011645186,0.013164123,0.013164123,0.009619936,0.010632561,0.009113624,0.015189373,0.009113624,0.009619936,0.013164123,0.011645186,0.013670435,0.005569437,0.007594686,0.009619936,0.006582062,0.009619936,0.011138873,0.011138873,0.007594686,0.009113624,0.008100999,0.013164123,0.009113624,0.009113624,0.010632561,0.025315621,0.012151498,0.005569437,0.009113624,0.011645186,0.006582062,0.015695685,0.011138873,0.01468306,0.011138873,0.013164123,0.013164123,0.013164123,0.010632561,0.020252497,0.017720935,0.026834558,0.015695685,0.009113624,0.009619936,0.01670831,0.011645186,0.010632561,0.008607311,0.009619936,0.001012625,0.006582062,0.009113624,0.015695685,0.004050499,0.013164123,0.008607311,0.01670831,0.005569437,0.009619936,0.009113624,0.006075749,0.005063124,0.163571539,0.128603693,0
0.012395337,0.013882777,0.013386964,0.009420456,0.011899523,0.010412083,0.013882777,0.008924642,0.009916269,0.013882777,0.01140371,0.013882777,0.004462321,0.005949762,0.012395337,0.007437202,0.009916269,0.010907896,0.014378591,0.007437202,0.010412083,0.010907896,0.009916269,0.011899523,0.008428829,0.01140371,0.019832539,0.010907896,0.007933016,0.007933016,0.011899523,0.005949762,0.015866031,0.010412083,0.012395337,0.011899523,0.013386964,0.013882777,0.01289115,0.009420456,0.018345098,0.015866031,0.021815793,0.015866031,0.010412083,0.009916269,0.017353472,0.010412083,0.010907896,0.009916269,0.008924642,0.00148744,0.007437202,0.007933016,0.013882777,0.003470694,0.013882777,0.008428829,0.018840912,0.007437202,0.008428829,0.008428829,0.006941389,0.004462321,0.16584377,0.129605287,0
0.010081173,0.012097408,0.013609584,0.010081173,0.012097408,0.009073056,0.013609584,0.007056821,0.00756088,0.014113643,0.012601467,0.014113643,0.005040587,0.006552763,0.010585232,0.006552763,0.009577115,0.011089291,0.011089291,0.006552763,0.008568997,0.010585232,0.012601467,0.012601467,0.00756088,0.012601467,0.024194816,0.013105525,0.005544645,0.009073056,0.010081173,0.008064939,0.014617701,0.009577115,0.014113643,0.011089291,0.012097408,0.015625819,0.015625819,0.009073056,0.018650171,0.018146112,0.024194816,0.016129877,0.010585232,0.009577115,0.018146112,0.010585232,0.011593349,0.009073056,0.009577115,0.001008117,0.005544645,0.009073056,0.015625819,0.004032469,0.01512176,0.00756088,0.016633936,0.005544645,0.010081173,0.009073056,0.006048704,0.004536528,0.166052687,0.128265181,0
0.009969133,0.01345833,0.013956787,0.00897222,0.011464503,0.009969133,0.012461417,0.00897222,0.01046759,0.01345833,0.012959873,0.014455243,0.004984567,0.006978393,0.01046759,0.005483023,0.009969133,0.011464503,0.013956787,0.00598148,0.00897222,0.009969133,0.011464503,0.012461417,0.00897222,0.011464503,0.020436723,0.011464503,0.00598148,0.008473763,0.01345833,0.00747685,0.015950613,0.009470677,0.01345833,0.011464503,0.012959873,0.014455243,0.013956787,0.009470677,0.01794444,0.017445983,0.024922833,0.01644907,0.01046759,0.01046759,0.016947527,0.010966047,0.01046759,0.008473763,0.009470677,0.00149537,0.007975307,0.008473763,0.014455243,0.00448611,0.012959873,0.008473763,0.018442897,0.006978393,0.008473763,0.009470677,0.00598148,0.005483023,0.163107944,0.128086678,0
0.0101519,0.012289143,0.012823453,0.00961759,0.0101519,0.010686211,0.013357764,0.008014658,0.00961759,0.013892074,0.012289143,0.013357764,0.005877416,0.007480348,0.00961759,0.006411727,0.009083279,0.010686211,0.011220522,0.006411727,0.009083279,0.011220522,0.012289143,0.011754832,0.008548969,0.013357764,0.022441043,0.012289143,0.006411727,0.008548969,0.010686211,0.008014658,0.015495006,0.00961759,0.014426385,0.011754832,0.011754832,0.014426385,0.015495006,0.009083279,0.01976949,0.015495006,0.023509664,0.016563627,0.009083279,0.0101519,0.018166559,0.011220522,0.0101519,0.00961759,0.0101519,0.001602932,0.006411727,0.008014658,0.016029317,0.004808795,0.013357764,0.008014658,0.017097938,0.006411727,0.0101519,0.009083279,0.006411727,0.005877416,0.164823099,0.12828404,0
0.007431488,0.013872111,0.013872111,0.008422353,0.010899515,0.00990865,0.014367543,0.008422353,0.009413218,0.012881246,0.012385813,0.015358408,0.004954325,0.006440623,0.009413218,0.007431488,0.009413218,0.010899515,0.013376678,0.00594519,0.00792692,0.013872111,0.013872111,0.010899515,0.00792692,0.011890381,0.022789896,0.012385813,0.006936055,0.006936055,0.012881246,0.005449758,0.015358408,0.00990865,0.013376678,0.011890381,0.012881246,0.014862976,0.012881246,0.008422353,0.020312733,0.016349273,0.028239654,0.015358408,0.011394948,0.011394948,0.015853841,0.011394948,0.011394948,0.008917785,0.009413218,0.00198173,0.00792692,0.008422353,0.013872111,0.004458893,0.012881246,0.00792692,0.016844706,0.006936055,0.00792692,0.00990865,0.006440623,0.003468028,0.163875997,0.128646361,0
0.010250448,0.014643497,0.012202914,0.008786098,0.011226681,0.010738565,0.013179148,0.009274215,0.009762332,0.014155381,0.012691031,0.013179148,0.005857399,0.007809865,0.009274215,0.006345516,0.009274215,0.011226681,0.012691031,0.005857399,0.008297982,0.010250448,0.011714798,0.012691031,0.008297982,0.011226681,0.021965246,0.011226681,0.006345516,0.008297982,0.013667264,0.007321749,0.015131614,0.009274215,0.014155381,0.013179148,0.012202914,0.013667264,0.013667264,0.009762332,0.020500896,0.016107847,0.022941479,0.016107847,0.010250448,0.007809865,0.016595964,0.012202914,0.011226681,0.009274215,0.010738565,0.00146435,0.007321749,0.008297982,0.014155381,0.003904933,0.013179148,0.007809865,0.018060313,0.006345516,0.010250448,0.009762332,0.005857399,0.005369282,0.164041555,0.129653757,0
0.011008429,0.01153264,0.012056851,0.010484218,0.010484218,0.010484218,0.014677906,0.008387375,0.010484218,0.013105273,0.011008429,0.014153695,0.006290531,0.007863164,0.011008429,0.006814742,0.009435797,0.010484218,0.012581062,0.006290531,0.009960007,0.011008429,0.008911586,0.012056851,0.006814742,0.012056851,0.019920015,0.012056851,0.008911586,0.007863164,0.012581062,0.007338953,0.014153695,0.010484218,0.013629484,0.01153264,0.012581062,0.012056851,0.012056851,0.010484218,0.019395804,0.013629484,0.025686335,0.015726328,0.011008429,0.009435797,0.016250539,0.01153264,0.010484218,0.01153264,0.010484218,0.003669476,0.00576632,0.008387375,0.015202117,0.00576632,0.013105273,0.007863164,0.017823171,0.006290531,0.010484218,0.009960007,0.005242109,0.004193687,0.16709644,0.128888295,0
0.009216254,0.010240282,0.016896465,0.010752296,0.007680211,0.010240282,0.013824381,0.00870424,0.012800352,0.016384451,0.015360423,0.010240282,0.005632155,0.006656183,0.010240282,0.00870424,0.010752296,0.008192226,0.012288338,0.006144169,0.008192226,0.006656183,0.011776324,0.009728268,0.007680211,0.016384451,0.015360423,0.012288338,0.010240282,0.009216254,0.010240282,0.009728268,0.014848409,0.010752296,0.016384451,0.011776324,0.014848409,0.012800352,0.012800352,0.014336395,0.020480564,0.013824381,0.019456536,0.013312367,0.010240282,0.00870424,0.014848409,0.009216254,0.012288338,0.01126431,0.009216254,0.00256007,0.006656183,0.006144169,0.013824381,0.006656183,0.012800352,0.008192226,0.016896465,0.007168197,0.009216254,0.00870424,0.009728268,0.005632155,0.167062861,0.128917757,0
0.009865635,0.010384879,0.016615806,0.010904123,0.007788659,0.009865635,0.012461855,0.009346391,0.013500343,0.016615806,0.015577318,0.009346391,0.005711683,0.006750171,0.010384879,0.008827147,0.010904123,0.007788659,0.012981099,0.005711683,0.008307903,0.006750171,0.011423367,0.009346391,0.007269415,0.016096562,0.015058074,0.011942611,0.009346391,0.009346391,0.010904123,0.009865635,0.014538831,0.011423367,0.016096562,0.012461855,0.014019587,0.012981099,0.013500343,0.014019587,0.020250514,0.014019587,0.01973127,0.014019587,0.010384879,0.008307903,0.015058074,0.009346391,0.012461855,0.010384879,0.009346391,0.00259622,0.007269415,0.006230927,0.012981099,0.006750171,0.012981099,0.007788659,0.017654294,0.007788659,0.009346391,0.008827147,0.009865635,0.005711683,0.166060568,0.128806152,0
0.010390933,0.010390933,0.016625493,0.01091048,0.0077932,0.00935184,0.012988667,0.009871387,0.01246912,0.01714504,0.015066853,0.009871387,0.005715013,0.006754107,0.009871387,0.008832293,0.01091048,0.0077932,0.01246912,0.005715013,0.0077932,0.006754107,0.011430027,0.008832293,0.007273653,0.016105947,0.0155864,0.011949573,0.00935184,0.00935184,0.011949573,0.00935184,0.014547307,0.011430027,0.016105947,0.011949573,0.01402776,0.01246912,0.013508213,0.014547307,0.020781867,0.013508213,0.019742773,0.014547307,0.010390933,0.008312747,0.015066853,0.00935184,0.01246912,0.010390933,0.00935184,0.002597733,0.007273653,0.00623456,0.012988667,0.006754107,0.013508213,0.0077932,0.01870368,0.006754107,0.00935184,0.008312747,0.009871387,0.005195467,0.166086243,0.129408481,0
0.00959112,0.010123961,0.017050881,0.011189641,0.0079926,0.00905828,0.012788161,0.00905828,0.013853841,0.015985201,0.014919521,0.010123961,0.00586124,0.00692692,0.010656801,0.00905828,0.010656801,0.00745976,0.012788161,0.00586124,0.0079926,0.00745976,0.011189641,0.010123961,0.0079926,0.015452361,0.014386681,0.012255321,0.00905828,0.00852544,0.011189641,0.010123961,0.015452361,0.010656801,0.015985201,0.012788161,0.013853841,0.014386681,0.013321001,0.012788161,0.019715081,0.013853841,0.020247921,0.013321001,0.010656801,0.00852544,0.014919521,0.00905828,0.012255321,0.010656801,0.00959112,0.0026642,0.00692692,0.00586124,0.012788161,0.00692692,0.013321001,0.00852544,0.017583721,0.00745976,0.00959112,0.00852544,0.010123961,0.00586124,0.166273212,0.128779432,0
0.009639454,0.011161473,0.01674221,0.010654134,0.008117435,0.009132115,0.012683492,0.008624775,0.012683492,0.01623487,0.015220191,0.010146794,0.005580737,0.007102756,0.011668813,0.009132115,0.010654134,0.007610095,0.012176153,0.007102756,0.008117435,0.006595416,0.012176153,0.008624775,0.007610095,0.015727531,0.014712851,0.012176153,0.009639454,0.009132115,0.010654134,0.009639454,0.015220191,0.010654134,0.01623487,0.012683492,0.014205511,0.013190832,0.012683492,0.014712851,0.021308267,0.014712851,0.018771569,0.013190832,0.009132115,0.008117435,0.014712851,0.009639454,0.012683492,0.009132115,0.009132115,0.003044038,0.007102756,0.006595416,0.012683492,0.006595416,0.013190832,0.008117435,0.019278908,0.006595416,0.009639454,0.008624775,0.010146794,0.005580737,0.165700146,0.130112356,0
0.008743253,0.011657671,0.017486507,0.010200462,0.008743253,0.008743253,0.013600616,0.008743253,0.012629144,0.016515034,0.015057825,0.010686199,0.005343099,0.007286044,0.010200462,0.008257517,0.011171935,0.007771781,0.012143407,0.006314572,0.007286044,0.006800308,0.012143407,0.009714726,0.008257517,0.015543561,0.015543561,0.012143407,0.00922899,0.008743253,0.011657671,0.00922899,0.015543561,0.010686199,0.016029298,0.012143407,0.014086353,0.013600616,0.01311488,0.014086353,0.019429452,0.014572089,0.019915188,0.014086353,0.011171935,0.008743253,0.014572089,0.00922899,0.012629144,0.009714726,0.00922899,0.002428681,0.007286044,0.006800308,0.012629144,0.006314572,0.014086353,0.008257517,0.017486507,0.006800308,0.008743253,0.008257517,0.009714726,0.005828836,0.166143965,0.129052669,0
0.009114075,0.010633088,0.017721813,0.010633088,0.0081014,0.009114075,0.013164775,0.009114075,0.012658438,0.016709138,0.015190126,0.010633088,0.005569713,0.007088725,0.009620413,0.008607738,0.011645763,0.007595063,0.0121521,0.005569713,0.007595063,0.007088725,0.0121521,0.009114075,0.0081014,0.015696463,0.015696463,0.0121521,0.009114075,0.008607738,0.011139425,0.009620413,0.015190126,0.011139425,0.016202801,0.0121521,0.014177451,0.013164775,0.013164775,0.013671113,0.020253501,0.013671113,0.020759838,0.014177451,0.010633088,0.009114075,0.015190126,0.009114075,0.012658438,0.01012675,0.009114075,0.002531688,0.007088725,0.006582388,0.013164775,0.006582388,0.013671113,0.0081014,0.017215476,0.007088725,0.009114075,0.008607738,0.009620413,0.005569713,0.165633591,0.129038246,0
0.009507274,0.012009188,0.016512633,0.010508039,0.008506508,0.009507274,0.013510336,0.009507274,0.013510336,0.016012251,0.015011485,0.009507274,0.005504211,0.006504977,0.011008422,0.008506508,0.011008422,0.008006125,0.012009188,0.006504977,0.008006125,0.006504977,0.011008422,0.009507274,0.008506508,0.015511868,0.015011485,0.012009188,0.009507274,0.009006891,0.011508805,0.009507274,0.015511868,0.011008422,0.016012251,0.012009188,0.014010719,0.013009954,0.013510336,0.014010719,0.01951493,0.014511102,0.020015313,0.014010719,0.010508039,0.008506508,0.015011485,0.009006891,0.012509571,0.010007657,0.009507274,0.002501914,0.00700536,0.006004594,0.013009954,0.006504977,0.012509571,0.008506508,0.018013782,0.007505742,0.009006891,0.008506508,0.009507274,0.005504211,0.166765148,0.128695828,0
0.00959112,0.010123961,0.017050881,0.011189641,0.0079926,0.00905828,0.012788161,0.00905828,0.013853841,0.015985201,0.014919521,0.010123961,0.00586124,0.00692692,0.010656801,0.00905828,0.010656801,0.00745976,0.012788161,0.00586124,0.0079926,0.00745976,0.011189641,0.010123961,0.0079926,0.015452361,0.014386681,0.012255321,0.00905828,0.00852544,0.011189641,0.010123961,0.015452361,0.010656801,0.015985201,0.012788161,0.013853841,0.014386681,0.013321001,0.012788161,0.019715081,0.013853841,0.020247921,0.013321001,0.010656801,0.00852544,0.014919521,0.00905828,0.012255321,0.010656801,0.00959112,0.0026642,0.00692692,0.00586124,0.012788161,0.00692692,0.013321001,0.00852544,0.017583721,0.00745976,0.00959112,0.00852544,0.010123961,0.00586124,0.166273212,0.128779432,0
0.009157134,0.010683324,0.01729681,0.010683324,0.008648405,0.009157134,0.012718242,0.008648405,0.012718242,0.01627935,0.015261891,0.010174594,0.005596027,0.007122216,0.011192053,0.009157134,0.011192053,0.008139675,0.011700783,0.007122216,0.008139675,0.006613486,0.011700783,0.008648405,0.007630945,0.01577062,0.015261891,0.012209513,0.009157134,0.009157134,0.010683324,0.009665864,0.015261891,0.010683324,0.01627935,0.012209513,0.014244431,0.012718242,0.013226972,0.014753161,0.020857917,0.014753161,0.019840458,0.013226972,0.009157134,0.008648405,0.014753161,0.009157134,0.012209513,0.009157134,0.009157134,0.003052378,0.007122216,0.006613486,0.013226972,0.006613486,0.013226972,0.008139675,0.018314269,0.006613486,0.009665864,0.008648405,0.009665864,0.006613486,0.165664329,0.129236319,0
0.010440989,0.013763122,0.018034436,0.01091558,0.01091558,0.009491808,0.011864761,0.01091558,0.014712303,0.015186893,0.012339351,0.013288532,0.007118856,0.005695085,0.012339351,0.006644266,0.010440989,0.009017218,0.009966399,0.008068037,0.006644266,0.007118856,0.009017218,0.01091558,0.010440989,0.009017218,0.013288532,0.009017218,0.011864761,0.008068037,0.010440989,0.009491808,0.018509026,0.010440989,0.013763122,0.01091558,0.012339351,0.01091558,0.012339351,0.01139017,0.017559846,0.012813941,0.024204111,0.013288532,0.010440989,0.010440989,0.016610665,0.009966399,0.013763122,0.009966399,0.013763122,0.001423771,0.007593447,0.006169675,0.008542628,0.006644266,0.01139017,0.009966399,0.018034436,0.011864761,0.009491808,0.004745904,0.011864761,0.005695085,0.166745859,0.129911137,0
0.009675888,0.015204967,0.017047994,0.010136645,0.010136645,0.010136645,0.011979671,0.010597402,0.014283454,0.014744211,0.014283454,0.013822698,0.006450592,0.005989836,0.010136645,0.006911349,0.009675888,0.009215132,0.011058158,0.007372105,0.005989836,0.006911349,0.009215132,0.012440428,0.009215132,0.009215132,0.013822698,0.009215132,0.009675888,0.008293619,0.012901184,0.009675888,0.017969507,0.009215132,0.015665724,0.010597402,0.013361941,0.009675888,0.012440428,0.012901184,0.018430264,0.013822698,0.01889102,0.013361941,0.011518915,0.008754375,0.016126481,0.011979671,0.014744211,0.009215132,0.012901184,0.00138227,0.007832862,0.007832862,0.007832862,0.004607566,0.011979671,0.010597402,0.01750875,0.011979671,0.010597402,0.005068322,0.012901184,0.006911349,0.166454582,0.12950935,0
0.011395448,0.012386357,0.017340899,0.011890902,0.010899994,0.007927268,0.011395448,0.011395448,0.014368174,0.015854536,0.013872719,0.013377265,0.007431814,0.006440905,0.011890902,0.006440905,0.009413631,0.008918177,0.010899994,0.007927268,0.006440905,0.006440905,0.009413631,0.009909085,0.010899994,0.009909085,0.013872719,0.008422722,0.012386357,0.008422722,0.01040454,0.009909085,0.018331808,0.01040454,0.015854536,0.01040454,0.012386357,0.011395448,0.013872719,0.011890902,0.019322716,0.013377265,0.019322716,0.012881811,0.01040454,0.01040454,0.016349991,0.009413631,0.013872719,0.009909085,0.013377265,0.001981817,0.007431814,0.006440905,0.008422722,0.007431814,0.01040454,0.01040454,0.017836354,0.011890902,0.008918177,0.004459088,0.011890902,0.004459088,0.167806928,0.129143471,0
0.009659266,0.015178846,0.017478671,0.010579196,0.010119231,0.010119231,0.011959091,0.010579196,0.014258916,0.014718881,0.013798951,0.014258916,0.006439511,0.005979546,0.010579196,0.007359441,0.009659266,0.009199301,0.011039161,0.007819406,0.005979546,0.006899476,0.009199301,0.011959091,0.009659266,0.009199301,0.012879021,0.009199301,0.009199301,0.008279371,0.011959091,0.010119231,0.018398602,0.009199301,0.016098776,0.010579196,0.012879021,0.009659266,0.011959091,0.012419056,0.017938637,0.012879021,0.019778497,0.013798951,0.011499126,0.009199301,0.016098776,0.011959091,0.015178846,0.009199301,0.012419056,0.001379895,0.008739336,0.007359441,0.007819406,0.00459965,0.012419056,0.010119231,0.017938637,0.011499126,0.011039161,0.005059615,0.013338986,0.006439511,0.166247324,0.129546201,0
0.009843502,0.014530884,0.017343313,0.01031224,0.01031224,0.008906026,0.012187193,0.01031224,0.014062146,0.01546836,0.013593408,0.014530884,0.006562335,0.006093597,0.01031224,0.007031073,0.009843502,0.008906026,0.011249717,0.007499811,0.006093597,0.006562335,0.009374764,0.010780978,0.009843502,0.009374764,0.013124669,0.009374764,0.008906026,0.007968549,0.012187193,0.009843502,0.017812051,0.008906026,0.016405837,0.010780978,0.013124669,0.009843502,0.012655931,0.012655931,0.017812051,0.013124669,0.021561957,0.013593408,0.011718455,0.008906026,0.016405837,0.012187193,0.014530884,0.009374764,0.012655931,0.001406215,0.007968549,0.007499811,0.007499811,0.00515612,0.012187193,0.01031224,0.017343313,0.011718455,0.011249717,0.00515612,0.012655931,0.007968549,0.16662113,0.128865363,0
0.009773483,0.013797858,0.017247323,0.011498215,0.010348394,0.00747384,0.013222948,0.010348394,0.01494768,0.016672412,0.014372769,0.012073126,0.008048751,0.004599286,0.010348394,0.008048751,0.009773483,0.008048751,0.012073126,0.006898929,0.005174197,0.005174197,0.009198572,0.010348394,0.010923304,0.010348394,0.012648037,0.008623661,0.011498215,0.006898929,0.011498215,0.009198572,0.017822234,0.009773483,0.01494768,0.009773483,0.013797858,0.010923304,0.014372769,0.012648037,0.016097501,0.014372769,0.021271698,0.013797858,0.010348394,0.008048751,0.017247323,0.010923304,0.01494768,0.009773483,0.013797858,0.002299643,0.00747384,0.006324018,0.005749108,0.005749108,0.010923304,0.010348394,0.017247323,0.012073126,0.010923304,0.005749108,0.011498215,0.008048751,0.169513604,0.130245088,0
0.011893732,0.012389304,0.017345026,0.01139816,0.009911443,0.009415871,0.011893732,0.010902588,0.014867165,0.015858309,0.01139816,0.012884876,0.007929155,0.005451294,0.01139816,0.007433583,0.009911443,0.008920299,0.009415871,0.007929155,0.00693801,0.007433583,0.009415871,0.010407016,0.010407016,0.008920299,0.013876021,0.008920299,0.01139816,0.008424727,0.009911443,0.010407016,0.017345026,0.010407016,0.014371593,0.01139816,0.011893732,0.010902588,0.012389304,0.01139816,0.017840598,0.011893732,0.023787464,0.012884876,0.010407016,0.009911443,0.016849454,0.010407016,0.013876021,0.010407016,0.013876021,0.001486717,0.007433583,0.006442438,0.008424727,0.007433583,0.010407016,0.009911443,0.017840598,0.012389304,0.009911443,0.005946866,0.012389304,0.006442438,0.166755594,0.129531928,0
0.010837353,0.013300388,0.016748636,0.011822567,0.009359532,0.009359532,0.012315174,0.01132996,0.014285602,0.015763422,0.013300388,0.014285602,0.007389104,0.005911283,0.010344746,0.007389104,0.009359532,0.008866925,0.010837353,0.007389104,0.00640389,0.006896497,0.010344746,0.009852139,0.010344746,0.009359532,0.013792995,0.009359532,0.010344746,0.007881711,0.01132996,0.009359532,0.018226457,0.009852139,0.016256029,0.009852139,0.012807781,0.009359532,0.012315174,0.012315174,0.018226457,0.01132996,0.018226457,0.013300388,0.01132996,0.009359532,0.016748636,0.011822567,0.014285602,0.010344746,0.013792995,0.001970428,0.007881711,0.007881711,0.007881711,0.005418676,0.01132996,0.010344746,0.016256029,0.012315174,0.010837353,0.005911283,0.011822567,0.006896497,0.167915855,0.13011924,0
0.009782842,0.012872161,0.017506139,0.011327502,0.010297729,0.008238183,0.012357275,0.010297729,0.01441682,0.016476366,0.013387047,0.014931707,0.00720841,0.005663751,0.010812615,0.006693524,0.010297729,0.008753069,0.011327502,0.00720841,0.006693524,0.006693524,0.010297729,0.009782842,0.010297729,0.009782842,0.013387047,0.009782842,0.009782842,0.007723297,0.010812615,0.009782842,0.017506139,0.008753069,0.016991252,0.010297729,0.013387047,0.010812615,0.012872161,0.012872161,0.018535912,0.012872161,0.018021025,0.012872161,0.010812615,0.010297729,0.016991252,0.011327502,0.013901934,0.010297729,0.013387047,0.001544659,0.00720841,0.007723297,0.007723297,0.005148864,0.010297729,0.010812615,0.017506139,0.012357275,0.011327502,0.004119092,0.012357275,0.005663751,0.168855171,0.1298695,0
0.009888791,0.014126844,0.016952213,0.010359686,0.010359686,0.008947002,0.012243265,0.010359686,0.014126844,0.016010424,0.01365595,0.014126844,0.006592527,0.005650738,0.010359686,0.007063422,0.009417896,0.008947002,0.01177237,0.007534317,0.006121633,0.007063422,0.009888791,0.010830581,0.009888791,0.009417896,0.013185055,0.009888791,0.008947002,0.008005212,0.012243265,0.009888791,0.017423108,0.009417896,0.016481319,0.010359686,0.013185055,0.010359686,0.012243265,0.013185055,0.017423108,0.013185055,0.018364898,0.01365595,0.012243265,0.009417896,0.016481319,0.01177237,0.014597739,0.009417896,0.01271416,0.001412684,0.008005212,0.007534317,0.008005212,0.004708948,0.012243265,0.010359686,0.017423108,0.01177237,0.010830581,0.005179843,0.01271416,0.006592527,0.167637055,0.129787879,0
0.007407091,0.012036523,0.015277125,0.01018475,0.009258863,0.01018475,0.014351238,0.00879592,0.015277125,0.015277125,0.014814182,0.012499466,0.006018261,0.006481204,0.012036523,0.006481204,0.007870034,0.008332977,0.015277125,0.007407091,0.007870034,0.007407091,0.00879592,0.010647693,0.009258863,0.009721807,0.016665954,0.009721807,0.006944148,0.006018261,0.012499466,0.01018475,0.015740068,0.011573579,0.016665954,0.011573579,0.015277125,0.011110636,0.013425352,0.012962409,0.018054784,0.016665954,0.0203695,0.013888295,0.012499466,0.007870034,0.014814182,0.010647693,0.013888295,0.010647693,0.01018475,0.001851773,0.006481204,0.006481204,0.00879592,0.003240602,0.012962409,0.011110636,0.017128897,0.009721807,0.011110636,0.004629432,0.011573579,0.006944148,0.168563823,0.130540212,0
0.009416752,0.010524605,0.016063871,0.011632459,0.007754972,0.008862826,0.012740312,0.009416752,0.014402092,0.016063871,0.015509945,0.013294238,0.006647119,0.006647119,0.012186385,0.006093193,0.007754972,0.006093193,0.014956018,0.008862826,0.007201046,0.007754972,0.008862826,0.011078532,0.009416752,0.010524605,0.014402092,0.008862826,0.007201046,0.006647119,0.013294238,0.010524605,0.016617798,0.012186385,0.016617798,0.009416752,0.016063871,0.011632459,0.013294238,0.012740312,0.018833504,0.016063871,0.021049211,0.013848165,0.011078532,0.008862826,0.015509945,0.010524605,0.013848165,0.009970679,0.011632459,0.00166178,0.006647119,0.006647119,0.008308899,0.004431413,0.012186385,0.011078532,0.018833504,0.009970679,0.012186385,0.003877486,0.011078532,0.005539266,0.167069875,0.129997273,0
0.007228854,0.011566166,0.012530013,0.011566166,0.009156548,0.010602319,0.015903478,0.010120395,0.01349386,0.015421555,0.010120395,0.010602319,0.007228854,0.005783083,0.013975784,0.00674693,0.00674693,0.010602319,0.01349386,0.008192701,0.008674624,0.00674693,0.008674624,0.010602319,0.008674624,0.009638472,0.017831172,0.010120395,0.00674693,0.007228854,0.01204809,0.011084242,0.015421555,0.01204809,0.014457707,0.011084242,0.014939631,0.011084242,0.013011937,0.012530013,0.019276943,0.014457707,0.02024079,0.013975784,0.011566166,0.00674693,0.015903478,0.010602319,0.01349386,0.011566166,0.009156548,0.002891541,0.006265007,0.006265007,0.008674624,0.003855389,0.011566166,0.011566166,0.019758867,0.010602319,0.011566166,0.005301159,0.011566166,0.006265007,0.172570035,0.130568469,0
0.009594651,0.011033848,0.015351441,0.010554116,0.009594651,0.009594651,0.014871708,0.008635185,0.015831173,0.015351441,0.014871708,0.011993313,0.006716255,0.006236523,0.011993313,0.006236523,0.00767572,0.008635185,0.015831173,0.00767572,0.007195988,0.00767572,0.009114918,0.010554116,0.009114918,0.009114918,0.017270371,0.010074383,0.007195988,0.006236523,0.011993313,0.010554116,0.015831173,0.011513581,0.016790638,0.010554116,0.015831173,0.011033848,0.012952778,0.012952778,0.018229836,0.016790638,0.020148766,0.013432511,0.011993313,0.008635185,0.014871708,0.010074383,0.013432511,0.011033848,0.010074383,0.002398663,0.007195988,0.006236523,0.008635185,0.00383786,0.011993313,0.011513581,0.016310906,0.010074383,0.011033848,0.004797325,0.011033848,0.006236523,0.16912216,0.129029153,0
0.009825304,0.012410911,0.014996517,0.011893789,0.00827394,0.009825304,0.012928032,0.010859547,0.011893789,0.016030759,0.013962274,0.011893789,0.006205455,0.007239698,0.011893789,0.006722577,0.009308183,0.007756819,0.013445153,0.00827394,0.007239698,0.006722577,0.007756819,0.010342425,0.010342425,0.011376668,0.014479396,0.008791062,0.007239698,0.005688334,0.014996517,0.011376668,0.017065002,0.011893789,0.014479396,0.010342425,0.016547881,0.009825304,0.014996517,0.013962274,0.019133487,0.015513638,0.02016773,0.012928032,0.010342425,0.008791062,0.014479396,0.009825304,0.012928032,0.009825304,0.010859547,0.001551364,0.006722577,0.006205455,0.009308183,0.00413697,0.012410911,0.012410911,0.018616366,0.009825304,0.011376668,0.004654091,0.011893789,0.006205455,0.167892636,0.130890917,0
0.009178519,0.011338171,0.015117561,0.010798258,0.007558781,0.008638606,0.014577648,0.010258345,0.015117561,0.016197387,0.015117561,0.012417997,0.004859216,0.005939042,0.012417997,0.008098693,0.008098693,0.005399129,0.017277213,0.007558781,0.007018868,0.007558781,0.008638606,0.009718432,0.010798258,0.008638606,0.017277213,0.009178519,0.007558781,0.007018868,0.011878084,0.009718432,0.016197387,0.013497822,0.017277213,0.010798258,0.0167373,0.010798258,0.013497822,0.011878084,0.019436864,0.016197387,0.019976777,0.013497822,0.011878084,0.009178519,0.014037735,0.009718432,0.01295791,0.010798258,0.009178519,0.002159652,0.007018868,0.005939042,0.009178519,0.004319303,0.012417997,0.011878084,0.016197387,0.010258345,0.010798258,0.004319303,0.012417997,0.008638606,0.166155268,0.129798311,0
0.008253824,0.01068142,0.015051091,0.011166939,0.008253824,0.01068142,0.014080053,0.008739343,0.015051091,0.01602213,0.014080053,0.012137977,0.006311748,0.006311748,0.012623496,0.006311748,0.007768305,0.007768305,0.015051091,0.007282786,0.007768305,0.008253824,0.009710382,0.01068142,0.009710382,0.009710382,0.016507649,0.01068142,0.007282786,0.005826229,0.011652458,0.01068142,0.01602213,0.011652458,0.016507649,0.01068142,0.01553661,0.011166939,0.014080053,0.012623496,0.018449725,0.01602213,0.021362839,0.012623496,0.012137977,0.008253824,0.014080053,0.01068142,0.013109015,0.011652458,0.01068142,0.001942076,0.006311748,0.006311748,0.008739343,0.003398634,0.011652458,0.011652458,0.016507649,0.010195901,0.011652458,0.004369672,0.011652458,0.006311748,0.16911537,0.130766121,0
0.008312355,0.011083139,0.015239317,0.011083139,0.008774152,0.009697747,0.013392127,0.00923595,0.015239317,0.014777519,0.014315722,0.013392127,0.006003367,0.006465165,0.012006734,0.006465165,0.007850557,0.007850557,0.015239317,0.006926962,0.00738876,0.00738876,0.00923595,0.010621342,0.009697747,0.00923595,0.017086507,0.010159544,0.006926962,0.006003367,0.012468532,0.010621342,0.016162912,0.011544937,0.016162912,0.011083139,0.014777519,0.011083139,0.013853924,0.012930329,0.017086507,0.017086507,0.020319089,0.013392127,0.012930329,0.00923595,0.014777519,0.010159544,0.013392127,0.010621342,0.010621342,0.00184719,0.006926962,0.006465165,0.009697747,0.003232582,0.012930329,0.011544937,0.016162912,0.010159544,0.011083139,0.004617975,0.011544937,0.006926962,0.16820081,0.13125242,0
0.009110855,0.009646787,0.016077979,0.01232645,0.006967124,0.008574922,0.013398315,0.009110855,0.014470181,0.016613911,0.014470181,0.01232645,0.006431191,0.006967124,0.01232645,0.005895259,0.007503057,0.006431191,0.014470181,0.007503057,0.006967124,0.008038989,0.008574922,0.01018272,0.009646787,0.010718652,0.015006113,0.009646787,0.006967124,0.006431191,0.013398315,0.010718652,0.016613911,0.01232645,0.016613911,0.01018272,0.015006113,0.011254585,0.014470181,0.013934248,0.019293574,0.015542046,0.02036544,0.014470181,0.011254585,0.008574922,0.016077979,0.01018272,0.013934248,0.009646787,0.010718652,0.001607798,0.006967124,0.006431191,0.008574922,0.004287461,0.01232645,0.011790518,0.019829507,0.009646787,0.011254585,0.004287461,0.011790518,0.006431191,0.16713228,0.130260058,0
0.009365368,0.009885666,0.016129245,0.011966859,0.007804473,0.008324772,0.014048052,0.009365368,0.01456835,0.015608947,0.015608947,0.011966859,0.00572328,0.007284175,0.012487157,0.006243579,0.007804473,0.007284175,0.015608947,0.006763877,0.007804473,0.008324772,0.009365368,0.010405965,0.009365368,0.009365368,0.016649543,0.009885666,0.007284175,0.007804473,0.010926263,0.010405965,0.017169841,0.011446561,0.016649543,0.010405965,0.015608947,0.010926263,0.013007456,0.012487157,0.019771333,0.016129245,0.019251034,0.015088649,0.011966859,0.008324772,0.016129245,0.010405965,0.013007456,0.010926263,0.009365368,0.002081193,0.006243579,0.00884507,0.00884507,0.004162386,0.011966859,0.010926263,0.018730736,0.009885666,0.010405965,0.004682684,0.011966859,0.006763877,0.16660712,0.128388783,0
0.010233899,0.013024962,0.015350849,0.010233899,0.010233899,0.010233899,0.012559785,0.00837319,0.011164254,0.012559785,0.01674638,0.013024962,0.006047304,0.007908013,0.01349014,0.006512481,0.010699076,0.010233899,0.011629431,0.007442836,0.007908013,0.007442836,0.012094608,0.009303545,0.010233899,0.012094608,0.01349014,0.012094608,0.006512481,0.006047304,0.014420494,0.006512481,0.015350849,0.009303545,0.016281203,0.013955317,0.013955317,0.012559785,0.012559785,0.011164254,0.020467798,0.012559785,0.024654393,0.015350849,0.013024962,0.012094608,0.015816026,0.007908013,0.012559785,0.008838367,0.010233899,0.001860709,0.007908013,0.006512481,0.010699076,0.004651772,0.013024962,0.013024962,0.018141912,0.00837319,0.007908013,0.004186595,0.008838367,0.003256241,0.16827129,0.128845915,0
0.010670269,0.013580343,0.015520392,0.010670269,0.010185257,0.010185257,0.013095331,0.008245208,0.011155282,0.012125306,0.016490416,0.013095331,0.005820147,0.007760196,0.014065355,0.006790171,0.010670269,0.010185257,0.011640294,0.007760196,0.007760196,0.007275184,0.012125306,0.00873022,0.010670269,0.012610318,0.013580343,0.011640294,0.006790171,0.005820147,0.013580343,0.005820147,0.016005404,0.009700245,0.016490416,0.013580343,0.014550367,0.011640294,0.012610318,0.010185257,0.020370514,0.012125306,0.024250612,0.015520392,0.012125306,0.012610318,0.016975428,0.007760196,0.013095331,0.008245208,0.009700245,0.001940049,0.007760196,0.006790171,0.010670269,0.004850122,0.013580343,0.012125306,0.017945453,0.009215233,0.008245208,0.003880098,0.008245208,0.003880098,0.168356022,0.128861239,0
0.007852536,0.010624019,0.017090813,0.010624019,0.009238277,0.007852536,0.012471674,0.00831445,0.012471674,0.017552727,0.01200976,0.012471674,0.00600488,0.007390622,0.013857416,0.006466794,0.010624019,0.009700191,0.01200976,0.007390622,0.00831445,0.007852536,0.010162105,0.008776363,0.009700191,0.01200976,0.01200976,0.011547847,0.004157225,0.004157225,0.013395502,0.010624019,0.015705071,0.008776363,0.016166985,0.013857416,0.014781244,0.013395502,0.01431933,0.011547847,0.018014641,0.013395502,0.029100573,0.01431933,0.013395502,0.011085933,0.016166985,0.008776363,0.01200976,0.008776363,0.009238277,0.001847655,0.007390622,0.00600488,0.00831445,0.003695311,0.013857416,0.011085933,0.021709952,0.011085933,0.00831445,0.002771483,0.01431933,0.006466794,0.16892258,0.126658777,0
0.007373012,0.011520332,0.016589278,0.010598705,0.009216266,0.008294639,0.012441958,0.008294639,0.013824398,0.017050091,0.014285212,0.011981145,0.005990573,0.007373012,0.013824398,0.006912199,0.010137892,0.009677079,0.011981145,0.006912199,0.008755452,0.007833826,0.009677079,0.009216266,0.009216266,0.011520332,0.011059519,0.012441958,0.004608133,0.003225693,0.013824398,0.010137892,0.016128465,0.008294639,0.017971718,0.013824398,0.013824398,0.013363585,0.014285212,0.011520332,0.018432531,0.013824398,0.02534473,0.014285212,0.014285212,0.010137892,0.015667651,0.008755452,0.012441958,0.008755452,0.010598705,0.00276488,0.006912199,0.005990573,0.007833826,0.00276488,0.014285212,0.010598705,0.021197411,0.010137892,0.009677079,0.00276488,0.012902772,0.007373012,0.169662904,0.12759685,0
0.007373644,0.011521318,0.016590698,0.010599613,0.009217054,0.008295349,0.012443024,0.008295349,0.012903876,0.017051551,0.014747287,0.011982171,0.005991085,0.007373644,0.013364729,0.006912791,0.01013876,0.009677907,0.011521318,0.006912791,0.008756202,0.007834496,0.01013876,0.009217054,0.009217054,0.011982171,0.011060465,0.012443024,0.004608527,0.003225969,0.013825582,0.01013876,0.016129845,0.008295349,0.017973256,0.013364729,0.013825582,0.013364729,0.014286434,0.011521318,0.018434109,0.013825582,0.0253469,0.014747287,0.014286434,0.01013876,0.016129845,0.008756202,0.012443024,0.008756202,0.010599613,0.002765116,0.006451938,0.006451938,0.007834496,0.002765116,0.014747287,0.01013876,0.021199225,0.01013876,0.009677907,0.002765116,0.012903876,0.007373644,0.169679355,0.127520244,0
0.007856436,0.010629296,0.016175016,0.010629296,0.008780723,0.008780723,0.012015726,0.008780723,0.012477869,0.017099302,0.012477869,0.012015726,0.00693215,0.00693215,0.013864299,0.006470006,0.010629296,0.00970501,0.011091439,0.007394293,0.008780723,0.007856436,0.00970501,0.00970501,0.00970501,0.011553583,0.011553583,0.012015726,0.004621433,0.003697146,0.013402156,0.010629296,0.015250729,0.00970501,0.016637159,0.013402156,0.014326443,0.013402156,0.015250729,0.010629296,0.018485732,0.013864299,0.030039315,0.013864299,0.012477869,0.010629296,0.015250729,0.00970501,0.011553583,0.00831858,0.010167153,0.00277286,0.00693215,0.006007863,0.007856436,0.003235003,0.013864299,0.011091439,0.022182879,0.010167153,0.008780723,0.00277286,0.014788586,0.007394293,0.168403554,0.126827898,0
0.010599642,0.013490453,0.014935859,0.010599642,0.01011784,0.011081444,0.013008652,0.007708831,0.011081444,0.012045048,0.016381265,0.013008652,0.005781623,0.007708831,0.013972255,0.006745227,0.010599642,0.010599642,0.011563246,0.007708831,0.007708831,0.007708831,0.012045048,0.009154236,0.010599642,0.01252685,0.013490453,0.011563246,0.007227029,0.005781623,0.013490453,0.006263425,0.015899463,0.009636038,0.016381265,0.013490453,0.014454057,0.011563246,0.01252685,0.011081444,0.02023568,0.012045048,0.024571897,0.015417661,0.012045048,0.012045048,0.016381265,0.008190632,0.01252685,0.008190632,0.01011784,0.001927208,0.008190632,0.006263425,0.010599642,0.004818019,0.013490453,0.013008652,0.017826671,0.008672434,0.007708831,0.004336217,0.009154236,0.003854415,0.167999729,0.129051284,0
0.009519522,0.011423426,0.012851354,0.012375378,0.010471474,0.009519522,0.01332733,0.007615617,0.009519522,0.014279283,0.01332733,0.012375378,0.007139641,0.006663665,0.014755259,0.006663665,0.00856757,0.009995498,0.012375378,0.007139641,0.006663665,0.008091593,0.01094745,0.010471474,0.010471474,0.012851354,0.017135139,0.012375378,0.006663665,0.005711713,0.011899402,0.009519522,0.016183187,0.009519522,0.015231235,0.01332733,0.012851354,0.012375378,0.015231235,0.011423426,0.020466972,0.01332733,0.028082589,0.01332733,0.011423426,0.012375378,0.015231235,0.007139641,0.012375378,0.009519522,0.009043546,0.00237988,0.008091593,0.006187689,0.01332733,0.004283785,0.013803307,0.011423426,0.016659163,0.008091593,0.008091593,0.007139641,0.008091593,0.003331833,0.169014592,0.128920678,0
0.007367441,0.011511626,0.016576742,0.010590696,0.009209301,0.008288371,0.012432556,0.008288371,0.013813952,0.017037207,0.013813952,0.011972091,0.005986046,0.006906976,0.014274417,0.006906976,0.010130231,0.009669766,0.011511626,0.006906976,0.008748836,0.007827906,0.009669766,0.009209301,0.008748836,0.011511626,0.011511626,0.012432556,0.004604651,0.003223255,0.014274417,0.010130231,0.016116277,0.008288371,0.017958137,0.013813952,0.013813952,0.013353487,0.014274417,0.011511626,0.018418602,0.013813952,0.023944183,0.014734882,0.014274417,0.010590696,0.015655812,0.008748836,0.012432556,0.008748836,0.010590696,0.00276279,0.006446511,0.005986046,0.007827906,0.003223255,0.014734882,0.010590696,0.021641857,0.010130231,0.009669766,0.00276279,0.012893021,0.007367441,0.169897666,0.127893131,0
0.010660964,0.01308391,0.015022267,0.010660964,0.009207196,0.011630142,0.011630142,0.008238017,0.011630142,0.012599321,0.016476035,0.014053088,0.005815071,0.007753428,0.012114731,0.00678425,0.010176374,0.010176374,0.012114731,0.00678425,0.008238017,0.007268839,0.01308391,0.008722607,0.011630142,0.011630142,0.012114731,0.012114731,0.008238017,0.005330482,0.013568499,0.00678425,0.015022267,0.008722607,0.016960624,0.013568499,0.014537678,0.011630142,0.011630142,0.011630142,0.01938357,0.011630142,0.026652409,0.015022267,0.012599321,0.012599321,0.015991445,0.008238017,0.013568499,0.008722607,0.010660964,0.001453768,0.007268839,0.00678425,0.011630142,0.005330482,0.011630142,0.013568499,0.016960624,0.008238017,0.007753428,0.005330482,0.008722607,0.004361303,0.166555372,0.130305625,0
0.009888791,0.014126844,0.016952213,0.010359686,0.010359686,0.008947002,0.012243265,0.010359686,0.014126844,0.016010424,0.01365595,0.014126844,0.006592527,0.005650738,0.010359686,0.007063422,0.009417896,0.008947002,0.01177237,0.007534317,0.006121633,0.007063422,0.009888791,0.010830581,0.009888791,0.009417896,0.013185055,0.009888791,0.008947002,0.008005212,0.012243265,0.009888791,0.017423108,0.009417896,0.016481319,0.010359686,0.013185055,0.010359686,0.012243265,0.013185055,0.017423108,0.013185055,0.018364898,0.01365595,0.012243265,0.009417896,0.016481319,0.01177237,0.014597739,0.009417896,0.01271416,0.001412684,0.008005212,0.007534317,0.008005212,0.004708948,0.012243265,0.010359686,0.017423108,0.01177237,0.010830581,0.005179843,0.01271416,0.006592527,0.167637055,0.129787879,0
0.007407091,0.012036523,0.015277125,0.01018475,0.009258863,0.01018475,0.014351238,0.00879592,0.015277125,0.015277125,0.014814182,0.012499466,0.006018261,0.006481204,0.012036523,0.006481204,0.007870034,0.008332977,0.015277125,0.007407091,0.007870034,0.007407091,0.00879592,0.010647693,0.009258863,0.009721807,0.016665954,0.009721807,0.006944148,0.006018261,0.012499466,0.01018475,0.015740068,0.011573579,0.016665954,0.011573579,0.015277125,0.011110636,0.013425352,0.012962409,0.018054784,0.016665954,0.0203695,0.013888295,0.012499466,0.007870034,0.014814182,0.010647693,0.013888295,0.010647693,0.01018475,0.001851773,0.006481204,0.006481204,0.00879592,0.003240602,0.012962409,0.011110636,0.017128897,0.009721807,0.011110636,0.004629432,0.011573579,0.006944148,0.168563823,0.130540212,0
