0.102564103,0.128937729,0.117216117,0.048351648,0.125274725,0.172161172,0.07032967,0.122344322,0.065201465,0.047619048,1
0.11042098,0.126293996,0.119392685,0.046928916,0.127674258,0.164251208,0.069703244,0.120772947,0.069703244,0.044858523,1
0.106400665,0.124688279,0.118869493,0.052369077,0.12635079,0.164588529,0.068162926,0.125519534,0.064837905,0.048212801,1
0.10732054,0.124378109,0.115138593,0.044776119,0.126510306,0.175550817,0.073205402,0.117270789,0.073205402,0.042643923,1
0.113085622,0.122778675,0.113085622,0.047657512,0.13085622,0.172051696,0.069466882,0.117124394,0.071890145,0.042003231,1
0.108339273,0.124732716,0.11831789,0.046329294,0.130434783,0.169636493,0.068424804,0.116892373,0.072701354,0.044191019,1
0.109809663,0.122254758,0.118594436,0.049048316,0.125183016,0.166178624,0.070278184,0.12079063,0.071010249,0.046852123,1
0.112175103,0.125854993,0.119699042,0.046511628,0.126538988,0.164842681,0.069083447,0.120383037,0.069083447,0.045827633,1
0.109203297,0.125,0.120879121,0.046703297,0.12706044,0.165521978,0.069368132,0.121565934,0.070054945,0.044642857,1
0.112413793,0.124137931,0.119310345,0.047586207,0.125517241,0.163448276,0.070344828,0.120689655,0.070344828,0.046206897,1
0.12008427,0.12008427,0.129213483,0.052668539,0.125,0.145365169,0.0625,0.117977528,0.070926966,0.056179775,1
0.117486339,0.12431694,0.120218579,0.051912568,0.130464481,0.157103825,0.06352459,0.113387978,0.069672131,0.051912568,1
0.118656183,0.116511794,0.123659757,0.05575411,0.13080772,0.148677627,0.063616869,0.116511794,0.074338813,0.051465332,1
0.110315186,0.126074499,0.128939828,0.056590258,0.128939828,0.142550143,0.060888252,0.112464183,0.070200573,0.063037249,1
0.118223383,0.122142391,0.126061398,0.052253429,0.128674069,0.148922273,0.062704115,0.11626388,0.071195297,0.053559765,1
0.11747851,0.121060172,0.124641834,0.054441261,0.126074499,0.151146132,0.063037249,0.116762178,0.069484241,0.055873926,1
0.115329513,0.123925501,0.123925501,0.056590258,0.133237822,0.143266476,0.061604585,0.118194842,0.069484241,0.054441261,1
0.112068966,0.130028736,0.126436782,0.05387931,0.128591954,0.140804598,0.063936782,0.112068966,0.070402299,0.061781609,1
0.12008427,0.12008427,0.129213483,0.052668539,0.125,0.145365169,0.0625,0.117977528,0.070926966,0.056179775,1
0.120996441,0.121708185,0.128825623,0.051245552,0.123843416,0.149466192,0.061921708,0.116725979,0.069039146,0.056227758,1
0.108606557,0.135928962,0.12636612,0.043032787,0.129098361,0.153688525,0.066939891,0.118169399,0.067622951,0.050546448,1
0.106019152,0.135430917,0.133378933,0.04377565,0.132010944,0.148426813,0.062243502,0.119699042,0.067031464,0.051983584,1
0.105331599,0.135240572,0.133940182,0.039661899,0.131989597,0.155396619,0.062418726,0.117685306,0.068920676,0.049414824,1
0.105331599,0.135240572,0.133940182,0.039661899,0.131989597,0.155396619,0.062418726,0.117685306,0.068920676,0.049414824,1
0.10875513,0.133378933,0.129274966,0.04377565,0.12995896,0.151162791,0.065663475,0.118331053,0.069083447,0.050615595,1
0.107171636,0.124899275,0.14101531,0.044319098,0.120064464,0.146655923,0.065269944,0.122481869,0.07252216,0.055600322,1
0.1042098,0.135955832,0.133885438,0.043478261,0.130434783,0.149068323,0.062801932,0.121463078,0.066252588,0.052449965,1
0.105331599,0.135240572,0.133940182,0.039661899,0.131989597,0.155396619,0.062418726,0.117685306,0.068920676,0.049414824,1
0.104749512,0.135328562,0.134027326,0.039687703,0.132075472,0.155497723,0.062459336,0.117761874,0.068965517,0.049446975,1
0.107387141,0.136798906,0.129274966,0.045143639,0.133378933,0.147058824,0.063611491,0.121067031,0.065663475,0.050615595,1
0.10794702,0.132450331,0.135761589,0.043046358,0.129139073,0.145695364,0.063576159,0.119205298,0.070198675,0.052980132,1
0.116035455,0.132151491,0.143432716,0.041901692,0.124093473,0.14101531,0.058017728,0.116841257,0.067687349,0.058823529,1
0.114246387,0.126634549,0.130763937,0.045423262,0.12732278,0.151410874,0.064005506,0.120440468,0.069511356,0.050240881,1
0.112812248,0.130539887,0.141821112,0.044319098,0.126510878,0.138597905,0.059629331,0.122481869,0.067687349,0.055600322,1
0.109747785,0.134969325,0.134287662,0.042944785,0.129516019,0.142467621,0.06475801,0.117927744,0.070211316,0.053169734,1
0.109803922,0.132026144,0.135947712,0.04379085,0.129411765,0.145098039,0.062091503,0.120261438,0.068627451,0.052941176,1
0.10952381,0.136054422,0.133333333,0.042857143,0.129931973,0.142176871,0.06462585,0.118367347,0.069387755,0.053741497,1
0.109066121,0.134969325,0.133605999,0.043626449,0.128834356,0.143149284,0.06475801,0.11929107,0.068847989,0.053851397,1
0.108409987,0.132720105,0.136005256,0.043363995,0.128777924,0.144546649,0.063731932,0.120236531,0.069645204,0.052562418,1
0.109803922,0.132026144,0.135947712,0.04379085,0.129411765,0.145098039,0.062091503,0.120261438,0.068627451,0.052941176,1
0.118105127,0.127839066,0.119402985,0.049318624,0.127839066,0.160934458,0.064243997,0.118105127,0.064892927,0.049318624,1
0.115686275,0.122875817,0.119607843,0.052941176,0.124836601,0.154248366,0.068627451,0.123529412,0.067973856,0.049673203,1
0.118258609,0.129954516,0.116309292,0.051332034,0.128005198,0.163092917,0.062378168,0.116309292,0.061728395,0.052631579,1
0.116433799,0.127079175,0.120425815,0.049234864,0.129740519,0.160345975,0.063206919,0.117099135,0.066533599,0.0499002,1
0.125625,0.13,0.115,0.050625,0.13125,0.156875,0.0625,0.116875,0.061875,0.049375,1
0.114010989,0.129120879,0.118818681,0.053571429,0.127747253,0.153159341,0.065934066,0.120192308,0.06456044,0.052884615,1
0.11997406,0.127756161,0.116083009,0.050583658,0.130998703,0.162775616,0.062256809,0.117380026,0.063553826,0.048638132,1
0.116468843,0.118694362,0.121661721,0.052670623,0.122403561,0.150593472,0.071958457,0.12462908,0.071958457,0.048961424,1
0.119030125,0.12564291,0.117560617,0.052902278,0.126377663,0.152094048,0.068332109,0.121234386,0.066862601,0.049963262,1
0.119333333,0.128666667,0.116666667,0.049333333,0.129333333,0.161333333,0.064666667,0.116666667,0.065333333,0.048666667,1
0.113989637,0.127313101,0.125092524,0.045151739,0.128053294,0.154700222,0.067357513,0.122871947,0.068837898,0.046632124,1
0.109144543,0.128318584,0.124631268,0.044985251,0.124631268,0.159292035,0.070058997,0.122418879,0.068584071,0.047935103,1
0.112324493,0.124804992,0.126365055,0.046801872,0.126365055,0.151326053,0.069422777,0.128705148,0.068642746,0.04524181,1
0.114349776,0.127802691,0.124813154,0.044843049,0.127055306,0.153961136,0.068759342,0.126307922,0.067264574,0.044843049,1
0.115354638,0.123928293,0.128604832,0.046765394,0.126266563,0.150428683,0.066250974,0.127045986,0.068589244,0.046765394,1
0.112098428,0.127819549,0.125768968,0.042378674,0.124401914,0.160628845,0.069719754,0.124401914,0.0683527,0.044429255,1
0.110948905,0.127007299,0.125547445,0.044525547,0.127737226,0.158394161,0.067883212,0.122627737,0.070072993,0.045255474,1
0.112252384,0.12839325,0.124724872,0.044020543,0.127659574,0.15920763,0.067498166,0.121790169,0.068965517,0.045487894,1
0.111694153,0.127436282,0.127436282,0.045727136,0.125937031,0.152923538,0.067466267,0.124437781,0.068965517,0.047976012,1
0.114820847,0.123778502,0.131107492,0.044788274,0.128664495,0.153094463,0.063517915,0.126221498,0.068403909,0.045602606,1
0.113236419,0.117827085,0.126243305,0.046671767,0.125478194,0.159143076,0.068859985,0.115531752,0.078806427,0.048201989,1
0.111372549,0.116862745,0.127058824,0.047843137,0.133333333,0.152941176,0.06745098,0.121568627,0.079215686,0.042352941,1
0.107057891,0.111816019,0.128469469,0.047581285,0.122125297,0.163362411,0.071371927,0.121332276,0.080888184,0.045995242,1
0.111594203,0.11884058,0.123913043,0.047826087,0.126086957,0.157246377,0.07173913,0.115942029,0.078985507,0.047826087,1
0.109729334,0.117044623,0.127286028,0.045354792,0.120702268,0.161667886,0.072421361,0.117044623,0.07973665,0.049012436,1
0.110795455,0.120028409,0.122869318,0.044744318,0.127130682,0.159801136,0.073863636,0.119318182,0.078835227,0.042613636,1
0.112843356,0.117297699,0.125463994,0.046770601,0.123979213,0.160356347,0.070527097,0.117297699,0.077951002,0.047512992,1
0.112230216,0.116546763,0.124460432,0.045323741,0.124460432,0.160431655,0.073381295,0.120863309,0.079136691,0.043165468,1
0.11218425,0.117384844,0.124814264,0.046805349,0.12332838,0.160475483,0.071322437,0.118127786,0.078008915,0.047548291,1
0.110570236,0.121001391,0.123087622,0.043810848,0.125173853,0.162030598,0.073713491,0.11821975,0.078581363,0.043810848,1
0.107117182,0.127246585,0.134435658,0.045291157,0.116462976,0.153846154,0.067577283,0.11286844,0.073328541,0.061826024,1
0.110315186,0.121776504,0.136103152,0.047277937,0.116762178,0.146848138,0.068767908,0.118194842,0.0752149,0.058739255,1
0.105113636,0.124289773,0.135653409,0.042613636,0.115056818,0.159090909,0.0703125,0.115767045,0.075284091,0.056818182,1
0.108500346,0.128541811,0.134761576,0.04284727,0.116102281,0.155494126,0.068417415,0.112646856,0.07325501,0.05943331,1
0.107865169,0.122846442,0.136329588,0.046441948,0.116104869,0.151310861,0.068164794,0.116104869,0.074906367,0.059925094,1
0.109801032,0.123065586,0.13633014,0.04642594,0.117170228,0.150331614,0.06705969,0.114959469,0.075165807,0.059690494,1
0.108487085,0.123247232,0.136531365,0.046494465,0.117343173,0.150553506,0.067158672,0.115129151,0.075276753,0.059778598,1
0.108743571,0.123438648,0.135929464,0.046289493,0.117560617,0.150624541,0.067597355,0.115356356,0.074944893,0.059515062,1
0.108148148,0.126666667,0.134074074,0.044444444,0.115555556,0.155555556,0.068148148,0.113333333,0.073333333,0.060740741,1
0.106587713,0.127313101,0.134715026,0.044411547,0.113989637,0.154700222,0.06957809,0.113989637,0.073279053,0.061435973,1
0.105113636,0.119318182,0.128551136,0.043323864,0.128551136,0.161931818,0.071022727,0.112926136,0.083096591,0.046164773,1
0.103157895,0.119298246,0.13122807,0.042105263,0.129824561,0.160701754,0.070175439,0.115789474,0.082807018,0.044912281,1
0.107913669,0.118705036,0.129496403,0.043165468,0.130935252,0.158273381,0.069064748,0.114388489,0.082733813,0.045323741,1
0.111510791,0.118705036,0.130215827,0.043165468,0.127338129,0.154676259,0.070503597,0.115107914,0.082014388,0.04676259,1
0.107526882,0.11662531,0.134822167,0.045492142,0.127377998,0.155500414,0.066170389,0.11827957,0.080231596,0.047973532,1
0.104707792,0.116071429,0.133928571,0.045454545,0.127435065,0.157467532,0.06737013,0.117694805,0.081980519,0.04788961,1
0.103626943,0.116950407,0.130273871,0.043671355,0.129533679,0.160621762,0.070318283,0.115470022,0.084381939,0.045151739,1
0.104622871,0.115977291,0.133819951,0.04541768,0.127331711,0.158150852,0.068126521,0.117599351,0.081103001,0.04785077,1
0.099391481,0.121703854,0.128465179,0.040567951,0.126436782,0.167004733,0.073698445,0.119675456,0.08045977,0.042596349,1
0.10205528,0.120481928,0.128277817,0.044649185,0.131112686,0.163713678,0.068745571,0.112686038,0.081502481,0.046775337,1
0.120879121,0.122344322,0.138461538,0.052747253,0.125274725,0.131868132,0.058608059,0.121611722,0.068131868,0.06007326,1
0.121998702,0.125892278,0.13238157,0.051265412,0.128487995,0.140817651,0.057754705,0.120700844,0.064892927,0.055807917,1
0.122807018,0.12605588,0.131254061,0.050682261,0.129304743,0.141650422,0.058479532,0.121507472,0.064977258,0.053281352,1
0.124916051,0.128945601,0.127602418,0.051712559,0.129617193,0.137004701,0.060443251,0.121558093,0.063801209,0.054398925,1
0.120967742,0.130376344,0.127688172,0.052419355,0.130376344,0.139784946,0.059139785,0.118951613,0.063844086,0.056451613,1
0.125419182,0.122736419,0.134808853,0.051643192,0.125419182,0.132796781,0.060362173,0.1240778,0.067069081,0.055667337,1
0.122807018,0.12605588,0.131254061,0.050682261,0.129304743,0.141650422,0.058479532,0.121507472,0.064977258,0.053281352,1
0.125348189,0.127437326,0.131615599,0.052924791,0.129526462,0.131615599,0.058495822,0.11908078,0.066155989,0.057799443,1
0.125335121,0.126005362,0.128686327,0.053619303,0.131367292,0.133378016,0.059651475,0.119302949,0.067024129,0.055630027,1
0.121998702,0.125892278,0.13238157,0.051265412,0.128487995,0.140817651,0.057754705,0.120700844,0.064892927,0.055807917,1
0.101978691,0.116438356,0.125570776,0.047945205,0.130136986,0.163622527,0.070015221,0.124048706,0.078386606,0.041856925,1
0.101365924,0.117900791,0.129403307,0.045291157,0.138030194,0.158159597,0.067577283,0.115025162,0.084831057,0.042415528,1
0.102739726,0.116438356,0.124809741,0.047945205,0.129375951,0.165144597,0.070015221,0.124048706,0.077625571,0.041856925,1
0.104797048,0.113653137,0.125461255,0.04797048,0.134317343,0.164575646,0.067896679,0.120295203,0.081180812,0.039852399,1
0.102097902,0.117482517,0.128671329,0.044055944,0.132167832,0.158741259,0.072027972,0.118881119,0.084615385,0.041258741,1
0.102315161,0.119492158,0.123973114,0.046303211,0.129947722,0.163554892,0.071695295,0.122479462,0.077669903,0.042569081,1
0.100780696,0.117104329,0.127040454,0.045422285,0.129879347,0.163236338,0.072391767,0.122072392,0.080908446,0.041163946,1
0.102083333,0.116666667,0.127777778,0.045833333,0.129861111,0.161805556,0.071527778,0.123611111,0.079861111,0.040972222,1
0.102425876,0.115902965,0.134097035,0.043800539,0.134097035,0.155660377,0.068059299,0.118598383,0.08490566,0.04245283,1
0.107650643,0.118483412,0.12999323,0.04197698,0.134732566,0.160460393,0.067704807,0.113744076,0.083953961,0.041299932,1
0.108946609,0.132756133,0.11976912,0.043290043,0.11976912,0.157287157,0.077922078,0.126262626,0.067821068,0.046176046,1
0.10997815,0.123088128,0.127458121,0.041514931,0.120903132,0.161689731,0.072833212,0.125273125,0.072833212,0.044428259,1
0.109302326,0.120155039,0.131007752,0.045736434,0.124806202,0.149612403,0.071317829,0.130232558,0.074418605,0.043410853,1
0.099750623,0.123857024,0.132169576,0.048212801,0.123857024,0.152950956,0.068994181,0.133832086,0.068994181,0.047381546,1
0.112321307,0.123893805,0.127978216,0.042205582,0.119128659,0.1586113,0.072838666,0.125936011,0.071477195,0.045609258,1
0.108208955,0.126865672,0.125373134,0.044029851,0.126865672,0.155970149,0.071641791,0.125373134,0.071641791,0.044029851,1
0.113475177,0.130496454,0.120567376,0.041843972,0.120567376,0.163829787,0.073049645,0.125531915,0.065957447,0.044680851,1
0.11024735,0.125795053,0.123674912,0.042402827,0.12155477,0.158303887,0.075618375,0.126501767,0.072084806,0.043816254,1
0.107929515,0.124082232,0.125550661,0.044787078,0.12041116,0.158590308,0.074155653,0.124816446,0.072687225,0.046989721,1
0.108848315,0.132724719,0.121488764,0.042837079,0.12008427,0.155898876,0.076544944,0.127106742,0.068117978,0.046348315,1
0.108449767,0.135063207,0.135728543,0.043912176,0.125748503,0.146373919,0.062541583,0.116433799,0.067864271,0.057884232,1
0.107564192,0.136016655,0.133934768,0.044413602,0.127689105,0.149895906,0.061068702,0.113809854,0.067314365,0.058292852,1
0.10794702,0.131788079,0.135761589,0.045695364,0.130463576,0.149668874,0.058940397,0.11192053,0.069536424,0.058278146,1
0.10460251,0.131799163,0.131101813,0.051603905,0.129009763,0.144351464,0.062761506,0.115760112,0.068340307,0.060669456,1
0.1078238,0.132149901,0.135437212,0.046022354,0.130177515,0.148586456,0.059171598,0.113083498,0.069690993,0.057856673,1
0.107221007,0.132749818,0.134938001,0.047410649,0.129832239,0.14587892,0.059810357,0.115244347,0.067833698,0.059080963,1
0.109118087,0.128550075,0.139760837,0.046337818,0.130044843,0.142750374,0.059043348,0.113602392,0.072496263,0.058295964,1
0.10837766,0.132978723,0.134973404,0.046542553,0.130319149,0.145611702,0.059840426,0.113696809,0.069148936,0.058510638,1
0.10883905,0.131926121,0.135883905,0.046174142,0.13060686,0.148416887,0.058047493,0.113456464,0.068601583,0.058047493,1
0.108449767,0.132401863,0.135063207,0.045908184,0.129740519,0.149035263,0.059214904,0.112441783,0.069194943,0.058549568,1
0.116803279,0.12226776,0.12636612,0.041666667,0.12363388,0.161202186,0.070355191,0.113387978,0.077185792,0.047131148,1
0.118629908,0.112781955,0.130325815,0.047619048,0.123642439,0.159565581,0.065162907,0.11946533,0.076023392,0.046783626,1
0.113246397,0.120796156,0.131091283,0.042553191,0.126973233,0.153054221,0.069320522,0.118050789,0.078929307,0.0459849,1
0.111188325,0.122307158,0.129951355,0.040305768,0.127866574,0.151494093,0.072967338,0.118137596,0.08200139,0.043780403,1
0.111188325,0.122307158,0.129951355,0.040305768,0.127866574,0.151494093,0.072967338,0.118137596,0.08200139,0.043780403,1
0.115056818,0.121448864,0.125710227,0.042613636,0.127840909,0.15625,0.071732955,0.112926136,0.080965909,0.045454545,1
0.116815476,0.121279762,0.125744048,0.04389881,0.126488095,0.154761905,0.070684524,0.116071429,0.078125,0.046130952,1
0.111347518,0.121276596,0.129078014,0.041843972,0.131205674,0.15177305,0.071631206,0.117021277,0.082269504,0.042553191,1
0.116568915,0.12170088,0.125366569,0.04398827,0.127565982,0.153958944,0.07111437,0.114369501,0.079178886,0.046187683,1
0.113950276,0.122928177,0.129143646,0.040745856,0.128453039,0.149171271,0.072513812,0.118093923,0.081491713,0.043508287,1
0.113090627,0.122385747,0.127807901,0.04879938,0.129357088,0.156467854,0.06274206,0.116963594,0.07203718,0.050348567,1
0.111581921,0.126412429,0.129943503,0.043785311,0.130649718,0.154661017,0.064971751,0.110875706,0.076271186,0.050847458,1
0.113884555,0.120904836,0.130265211,0.046801872,0.127925117,0.152886115,0.06474259,0.114664587,0.076443058,0.051482059,1
0.110946746,0.12352071,0.12943787,0.045857988,0.13091716,0.154585799,0.065088757,0.111686391,0.076923077,0.051035503,1
0.111270639,0.125628141,0.128499641,0.044508256,0.132089017,0.154343144,0.065326633,0.112706389,0.07609476,0.049533381,1
0.110726644,0.124567474,0.130795848,0.043598616,0.130795848,0.153633218,0.065743945,0.112110727,0.078200692,0.04982699,1
0.110869565,0.123913043,0.128985507,0.044927536,0.131884058,0.155797101,0.065217391,0.112318841,0.076811594,0.049275362,1
0.111274871,0.123802506,0.128960943,0.0449521,0.131171702,0.156226971,0.064848931,0.112011791,0.076639646,0.050110538,1
0.110943396,0.123773585,0.128301887,0.046792453,0.130566038,0.154716981,0.06490566,0.11245283,0.076226415,0.051320755,1
0.111581921,0.126412429,0.129943503,0.043785311,0.130649718,0.154661017,0.064971751,0.110875706,0.076271186,0.050847458,1
0.110771581,0.129106188,0.12223071,0.046600458,0.123758594,0.158899924,0.070282659,0.119938885,0.068754775,0.049656226,1
0.111111111,0.128262491,0.122296793,0.046234154,0.126771066,0.158090977,0.06935123,0.118568233,0.070096943,0.049217002,1
0.108070175,0.129122807,0.124210526,0.044210526,0.125614035,0.160701754,0.070175439,0.117894737,0.071578947,0.048421053,1
0.108903606,0.127299485,0.125091979,0.047093451,0.125827815,0.154525386,0.069904341,0.121412804,0.070640177,0.049300957,1
0.110410095,0.128548896,0.122239748,0.047318612,0.123817035,0.156940063,0.070189274,0.122239748,0.068611987,0.049684543,1
0.112863071,0.126141079,0.125311203,0.049792531,0.126970954,0.154356846,0.06473029,0.122821577,0.066390041,0.050622407,1
0.109738372,0.128633721,0.122819767,0.04505814,0.126453488,0.157703488,0.07122093,0.118459302,0.071947674,0.047965116,1
0.109317682,0.125458547,0.12325752,0.048422597,0.126192223,0.155539252,0.069699193,0.11812179,0.072633896,0.0513573,1
0.109473684,0.129122807,0.124210526,0.043508772,0.124912281,0.159298246,0.070877193,0.117894737,0.072280702,0.048421053,1
0.111287758,0.125596184,0.124006359,0.047694754,0.125596184,0.155802862,0.069157393,0.123211447,0.069157393,0.048489666,1
0.106849315,0.129452055,0.130821918,0.042465753,0.125342466,0.151369863,0.070547945,0.116438356,0.075342466,0.051369863,1
0.106595603,0.131245836,0.128580946,0.043304464,0.126582278,0.155896069,0.067954697,0.120586276,0.069953364,0.049300466,1
0.105673759,0.127659574,0.129787234,0.042553191,0.119148936,0.162411348,0.070212766,0.119148936,0.070921986,0.05248227,1
0.103748327,0.12583668,0.12248996,0.048192771,0.12583668,0.158634538,0.072289157,0.117804552,0.074297189,0.050870147,1
0.100554785,0.132454924,0.126213592,0.042302358,0.127600555,0.1629681,0.070041609,0.113730929,0.073509015,0.050624133,1
0.103616134,0.129346314,0.134214186,0.041029207,0.123087622,0.150904033,0.07093185,0.116828929,0.076495132,0.053546592,1
0.105369128,0.12885906,0.12885906,0.04295302,0.124161074,0.159731544,0.069127517,0.120805369,0.070469799,0.04966443,1
0.101997147,0.128388017,0.129101284,0.043509272,0.124108417,0.161198288,0.069900143,0.121968616,0.070613409,0.049215407,1
0.097116844,0.132776935,0.13353566,0.04552352,0.125189681,0.142640364,0.072078907,0.125189681,0.072837633,0.053110774,1
0.11880516,0.129667346,0.116089613,0.040733198,0.123557366,0.177189409,0.068567549,0.1065852,0.070604209,0.04820095,1
0.106442577,0.129551821,0.12605042,0.046918768,0.115546218,0.154061625,0.074229692,0.1267507,0.067226891,0.053221289,1
0.108823529,0.127941176,0.122058824,0.050735294,0.117647059,0.151470588,0.074264706,0.125735294,0.066911765,0.054411765,1
0.110299489,0.132213294,0.121256392,0.047479912,0.117604091,0.157048941,0.072315559,0.126369613,0.062819576,0.052593134,1
0.10721794,0.136650315,0.119131044,0.040644709,0.117729502,0.166783462,0.076384022,0.118430273,0.067274001,0.04975473,1
0.105997211,0.129009763,0.124825662,0.046722455,0.116457462,0.155509066,0.074616457,0.126220363,0.067642957,0.052998605,1
0.10721794,0.136650315,0.119131044,0.040644709,0.117729502,0.166783462,0.076384022,0.118430273,0.067274001,0.04975473,1
0.110014104,0.133991537,0.122708039,0.047249647,0.120592384,0.156558533,0.069816643,0.122002821,0.063469676,0.053596615,1
0.108843537,0.134693878,0.121088435,0.040136054,0.117687075,0.167346939,0.074829932,0.119727891,0.066666667,0.048979592,1
0.113544201,0.122465531,0.128142741,0.051905921,0.115166261,0.147607461,0.070559611,0.129764801,0.065693431,0.055150041,1
0.108664773,0.128551136,0.122159091,0.049715909,0.118607955,0.150568182,0.074573864,0.125,0.068181818,0.053977273,1
0.110142631,0.12836767,0.116481775,0.049128368,0.122028526,0.169572108,0.068938193,0.12044374,0.064183835,0.050713154,1
0.109439124,0.130642955,0.123119015,0.038987688,0.123119015,0.173050616,0.069767442,0.118331053,0.068399453,0.045143639,1
0.112252964,0.13201581,0.116996047,0.048221344,0.124110672,0.16916996,0.066403162,0.117786561,0.061660079,0.051383399,1
0.109865471,0.130044843,0.121823617,0.045590433,0.122571001,0.161434978,0.071001495,0.122571001,0.06651719,0.04857997,1
0.109936575,0.131078224,0.122621564,0.044397463,0.123326286,0.165609584,0.067653277,0.117688513,0.066948555,0.050739958,1
0.114591921,0.129431162,0.122835944,0.046990932,0.125309151,0.159934048,0.065127782,0.122011542,0.06430338,0.049464138,1
0.111547526,0.131186174,0.117046347,0.047918303,0.123330715,0.169677926,0.067556952,0.117831893,0.062843676,0.051060487,1
0.111566858,0.130434783,0.116488925,0.047579984,0.123872026,0.166529943,0.069729286,0.120590648,0.064807219,0.048400328,1
0.108619481,0.129642607,0.128941836,0.042046251,0.119831815,0.158374212,0.070777856,0.123335669,0.068675543,0.04975473,1
0.112027491,0.129209622,0.12371134,0.04467354,0.120274914,0.161512027,0.070103093,0.12233677,0.066666667,0.049484536,1
0.110325318,0.12446959,0.123762376,0.050919378,0.132248939,0.142857143,0.070014144,0.120933522,0.075671853,0.048797737,1
0.107977992,0.125171939,0.126547455,0.045392022,0.135488308,0.148555708,0.069463549,0.11829436,0.078404402,0.044704264,1
0.115990058,0.121789561,0.126760563,0.047224524,0.128417564,0.143330572,0.071251036,0.12013256,0.077879039,0.047224524,1
0.109479306,0.125500668,0.126168224,0.045393858,0.132176235,0.150200267,0.070093458,0.118157543,0.077436582,0.045393858,1
0.100929615,0.129482072,0.119521912,0.04249668,0.128818061,0.15936255,0.079017264,0.11752988,0.079681275,0.043160691,1
0.109090909,0.125818182,0.128727273,0.043636364,0.134545455,0.143272727,0.071272727,0.114909091,0.082181818,0.046545455,1
0.113700565,0.125,0.130649718,0.04519774,0.132062147,0.145480226,0.065677966,0.120762712,0.074152542,0.047316384,1
0.111111111,0.124603175,0.124603175,0.045238095,0.134126984,0.152380952,0.069047619,0.111111111,0.08015873,0.047619048,1
0.117117117,0.11988912,0.120582121,0.054747055,0.130977131,0.146916147,0.067221067,0.115038115,0.075537076,0.051975052,1
0.110169492,0.118644068,0.134887006,0.044491525,0.131355932,0.145480226,0.06779661,0.116525424,0.083333333,0.047316384,1
0.12414734,0.12414734,0.120736698,0.055934516,0.128240109,0.150750341,0.060027285,0.118008186,0.062755798,0.055252387,1
0.118364419,0.12482066,0.12553802,0.053084648,0.135581062,0.144189383,0.06025825,0.12195122,0.067431851,0.048780488,1
0.129342203,0.118255728,0.127864006,0.053215078,0.129342203,0.144863267,0.058388766,0.116777531,0.06947524,0.052475979,1
0.11568323,0.118012422,0.127329193,0.050465839,0.118012422,0.157608696,0.067546584,0.124223602,0.069099379,0.052018634,1
0.126436782,0.123563218,0.127155172,0.051724138,0.131465517,0.146551724,0.057471264,0.11637931,0.066810345,0.052442529,1
0.127899271,0.123260437,0.125248509,0.052352551,0.129887343,0.145129225,0.058979457,0.114645461,0.067594433,0.055003313,1
0.121917808,0.124657534,0.121232877,0.056849315,0.132876712,0.148630137,0.058219178,0.112328767,0.066438356,0.056849315,1
0.126377663,0.122703894,0.124173402,0.05143277,0.133725202,0.149155033,0.058780309,0.119030125,0.066862601,0.047759001,1
0.123887748,0.123887748,0.124572211,0.054757016,0.136208077,0.148528405,0.054757016,0.112936345,0.066392882,0.054072553,1
0.129357088,0.118512781,0.127033308,0.051897754,0.125484121,0.148721921,0.059643687,0.121611154,0.066615027,0.05112316,1
0.106951872,0.129106188,0.120702827,0.046600458,0.13368984,0.161955691,0.066462949,0.125286478,0.066462949,0.042780749,1
0.106944444,0.131944444,0.122222222,0.045138889,0.13125,0.163888889,0.065972222,0.120833333,0.065972222,0.045833333,1
0.110861423,0.127340824,0.123595506,0.046441948,0.129588015,0.158052434,0.06741573,0.125842697,0.066666667,0.044194757,1
0.101659751,0.130013831,0.121715076,0.044260028,0.134163209,0.168049793,0.067081604,0.118948824,0.070539419,0.043568465,1
0.100133511,0.131508678,0.119492657,0.043391188,0.132843792,0.171562083,0.069425901,0.117489987,0.070761015,0.043391188,1
0.105507631,0.134041141,0.120769741,0.04445919,0.138022561,0.161911082,0.065029861,0.119442601,0.067684141,0.04313205,1
0.108126722,0.127410468,0.124655647,0.044077135,0.133608815,0.163911846,0.064738292,0.120523416,0.069559229,0.04338843,1
0.105156038,0.130257802,0.122795115,0.044776119,0.136363636,0.162822252,0.065128901,0.120081411,0.069877883,0.042740841,1
0.105080028,0.131524008,0.123869172,0.042449548,0.132219903,0.162143354,0.068197634,0.124565066,0.068197634,0.041753653,1
0.106517169,0.130343378,0.121934128,0.045550105,0.134548003,0.162578837,0.06587246,0.118430273,0.069376314,0.044849334,1
0.117688022,0.123259053,0.132311978,0.050139276,0.135097493,0.138579387,0.059888579,0.114902507,0.074512535,0.05362117,1
0.116522811,0.122071517,0.132552404,0.048088779,0.131319359,0.143649815,0.062268804,0.114673243,0.075832306,0.053020962,1
0.119093851,0.125566343,0.129449838,0.046601942,0.128802589,0.149514563,0.062135922,0.114563107,0.071197411,0.053074434,1
0.120300752,0.124401914,0.128503076,0.050580998,0.135338346,0.140806562,0.060150376,0.114832536,0.073137389,0.051948052,1
0.118968936,0.125578321,0.129543952,0.048909451,0.134831461,0.145406477,0.059484468,0.113681428,0.0720423,0.051553206,1
0.116010855,0.130257802,0.126187246,0.044776119,0.13568521,0.144504749,0.065807327,0.115332429,0.07394844,0.047489824,1
0.118988903,0.122688039,0.130702836,0.048088779,0.131319359,0.144266338,0.062268804,0.113440197,0.075215783,0.053020962,1
0.120609675,0.123923128,0.127236581,0.05102717,0.136514248,0.144466534,0.058979457,0.117296223,0.070245195,0.049701789,1
0.119095143,0.126413839,0.129075183,0.048569528,0.134397871,0.145708583,0.05988024,0.111776447,0.072521623,0.052561544,1
0.117489987,0.126835781,0.129506008,0.046061415,0.128838451,0.148865154,0.063417891,0.115487316,0.071428571,0.052069426,1
0.097507331,0.124633431,0.120967742,0.040322581,0.123167155,0.175953079,0.078445748,0.120967742,0.07771261,0.040322581,1
0.097866078,0.123620309,0.120676968,0.04120677,0.123620309,0.175128771,0.077998528,0.120676968,0.077998528,0.04120677,1
0.097060834,0.125768968,0.119617225,0.041695147,0.126452495,0.172248804,0.077922078,0.118933698,0.078605605,0.041695147,1
0.097525473,0.124454148,0.12154294,0.040029112,0.122998544,0.175400291,0.077874818,0.120087336,0.077874818,0.042212518,1
0.096140351,0.126315789,0.120701754,0.04,0.124912281,0.174035088,0.078596491,0.121403509,0.077192982,0.040701754,1
0.099710983,0.123554913,0.123554913,0.039017341,0.10982659,0.167630058,0.086705202,0.125,0.079479769,0.045520231,1
0.097080292,0.123357664,0.12189781,0.040875912,0.124087591,0.175912409,0.077372263,0.120437956,0.07810219,0.040875912,1
0.09972106,0.124825662,0.120641562,0.040446304,0.110878661,0.164574616,0.089260809,0.126220363,0.078800558,0.044630404,1
0.104388298,0.123005319,0.121010638,0.040558511,0.117021277,0.164893617,0.083776596,0.125,0.078457447,0.041888298,1
0.101779359,0.125266904,0.123843416,0.039145907,0.108896797,0.161565836,0.088256228,0.125978648,0.079003559,0.046263345,1
0.149677419,0.124516129,0.130322581,0.059354839,0.122580645,0.118709677,0.052258065,0.111612903,0.060645161,0.070322581,1
0.143331121,0.126741871,0.130059721,0.051094891,0.122096881,0.131386861,0.057067021,0.112143331,0.063702721,0.062375581,1
0.150893448,0.127068167,0.12971542,0.05493051,0.123097287,0.1237591,0.052945069,0.108537392,0.061548643,0.067504964,1
0.150231635,0.12971542,0.128391794,0.053606883,0.12177366,0.124420913,0.05493051,0.108537392,0.06088683,0.067504964,1
0.151742994,0.127819549,0.126452495,0.05468216,0.124401914,0.12303486,0.055365687,0.113465482,0.060150376,0.062884484,1
0.158383035,0.129224652,0.125911199,0.053015242,0.128561962,0.123923128,0.05102717,0.106693174,0.060304838,0.0629556,1
0.105858855,0.127829561,0.130492676,0.043941411,0.12849534,0.155792277,0.066577896,0.12849534,0.067909454,0.04460719,1
0.148963731,0.123704663,0.129533679,0.053756477,0.119170984,0.12888601,0.05634715,0.112046632,0.062823834,0.064766839,1
0.108934169,0.119905956,0.13322884,0.047805643,0.123040752,0.14968652,0.068181818,0.132445141,0.070532915,0.046238245,1
0.145970938,0.125495376,0.13011889,0.051519155,0.118890357,0.131439894,0.057463672,0.111624835,0.06340819,0.064068692,1
0.105263158,0.115953947,0.134046053,0.048519737,0.120888158,0.152960526,0.069901316,0.126644737,0.076480263,0.049342105,1
0.10347432,0.11858006,0.126132931,0.046827795,0.122356495,0.163897281,0.07326284,0.122356495,0.076283988,0.046827795,1
0.102603369,0.121745789,0.125574273,0.045941807,0.122511485,0.163093415,0.073506891,0.123277182,0.075038285,0.046707504,1
0.105419451,0.120267261,0.124721604,0.04454343,0.11952487,0.165553081,0.07498144,0.121752042,0.076466221,0.046770601,1
0.105567607,0.120028923,0.126536515,0.04483008,0.119305857,0.161966739,0.075198843,0.124367317,0.075921909,0.046276211,1
0.106319703,0.116728625,0.127137546,0.046096654,0.121189591,0.162825279,0.073605948,0.12267658,0.07732342,0.046096654,1
0.104321908,0.118479881,0.126676602,0.044709389,0.119970194,0.166169896,0.074515648,0.122205663,0.076751118,0.046199702,1
0.100786276,0.119370979,0.127948535,0.042887777,0.119370979,0.165117941,0.077197999,0.120800572,0.080057184,0.046461758,1
0.104783599,0.121488231,0.126044039,0.045558087,0.123006834,0.162490509,0.072892938,0.120728929,0.075930144,0.047076689,1
0.100543478,0.120923913,0.13111413,0.044157609,0.125679348,0.158967391,0.071331522,0.121603261,0.078804348,0.046875,1
0.116453794,0.123215627,0.125469572,0.049586777,0.13148009,0.146506386,0.066115702,0.108189331,0.078888054,0.054094666,1
0.114307932,0.124416796,0.125194401,0.048211509,0.132970451,0.146967341,0.067651633,0.104976672,0.081648523,0.053654743,1
0.116546763,0.125179856,0.125899281,0.048201439,0.138848921,0.143884892,0.064028777,0.107913669,0.079136691,0.050359712,1
0.112606232,0.125354108,0.128186969,0.047450425,0.133144476,0.145892351,0.065864023,0.108356941,0.080028329,0.053116147,1
0.117397454,0.127298444,0.117397454,0.04738331,0.135785007,0.149222065,0.070721358,0.106082037,0.080622348,0.048090523,1
0.117691154,0.122938531,0.122938531,0.050974513,0.134182909,0.143178411,0.066716642,0.110194903,0.078710645,0.052473763,1
0.112208892,0.124911785,0.126323218,0.047282992,0.132674665,0.14890614,0.067043049,0.108680311,0.079745942,0.052223006,1
0.116642959,0.124466572,0.125177809,0.049075391,0.133001422,0.142958748,0.06685633,0.109530583,0.078947368,0.053342817,1
0.11550152,0.124620061,0.12006079,0.049392097,0.132978723,0.151975684,0.067629179,0.107142857,0.078267477,0.052431611,1
0.115194346,0.125795053,0.12155477,0.048763251,0.133568905,0.149823322,0.067137809,0.107420495,0.07844523,0.05229682,1
0.108228317,0.129725723,0.125277984,0.04744255,0.123795404,0.154929577,0.068939956,0.122312824,0.067457376,0.051890289,1
0.107352941,0.130882353,0.125735294,0.047794118,0.124264706,0.156617647,0.066911765,0.122794118,0.065441176,0.052205882,1
0.107780157,0.129907209,0.124197002,0.045681656,0.124197002,0.156316916,0.070663812,0.124910778,0.067808708,0.048536759,1
0.10619469,0.132743363,0.126843658,0.04719764,0.125368732,0.151917404,0.067846608,0.122418879,0.066371681,0.053097345,1
0.104844541,0.131597975,0.12219812,0.043383948,0.125813449,0.165582068,0.070860448,0.118582791,0.069414317,0.047722343,1
0.115355805,0.124344569,0.122846442,0.053183521,0.127340824,0.153558052,0.063670412,0.125093633,0.064419476,0.050187266,1
0.103971119,0.130685921,0.122743682,0.044765343,0.122021661,0.164620939,0.072202166,0.122021661,0.067870036,0.049097473,1
0.108367627,0.12962963,0.127572016,0.047325103,0.125514403,0.153635117,0.066529492,0.126886145,0.06515775,0.049382716,1
0.111664296,0.129445235,0.128733997,0.043385491,0.121621622,0.154338549,0.06970128,0.125889047,0.06685633,0.048364154,1
0.108823529,0.129411765,0.124264706,0.046323529,0.124264706,0.157352941,0.069117647,0.122058824,0.068382353,0.05,1
0.095908786,0.126089873,0.126760563,0.039570758,0.128101945,0.167002012,0.075117371,0.114688129,0.08249497,0.044265594,1
0.096010818,0.128465179,0.125084517,0.037187289,0.125084517,0.171737661,0.077079108,0.110209601,0.0831643,0.045977011,1
0.095269382,0.123521682,0.127463863,0.039421813,0.128120894,0.170170828,0.074901445,0.113009198,0.084099869,0.044021025,1
0.097315436,0.124832215,0.126845638,0.039597315,0.128187919,0.167785235,0.074496644,0.113422819,0.083221477,0.044295302,1
0.096249115,0.122434536,0.126680821,0.039631989,0.129511677,0.16985138,0.074309979,0.110403397,0.086341118,0.044585987,1
0.094632768,0.124293785,0.126412429,0.038841808,0.128531073,0.170903955,0.075564972,0.112288136,0.084745763,0.043785311,1
0.095238095,0.121535181,0.127221038,0.039800995,0.129353234,0.169154229,0.075337598,0.1108742,0.087420043,0.044065387,1
0.095172414,0.122758621,0.126206897,0.04,0.128965517,0.168965517,0.075862069,0.112413793,0.086206897,0.043448276,1
0.095880682,0.121448864,0.127840909,0.039772727,0.129971591,0.169034091,0.074573864,0.110085227,0.087357955,0.044034091,1
0.09476662,0.120226308,0.127298444,0.040311174,0.127298444,0.169731259,0.076379066,0.111032532,0.087694484,0.045261669,1
0.112878788,0.127272727,0.121212121,0.045454545,0.128030303,0.160606061,0.068939394,0.122727273,0.068181818,0.04469697,1
0.112198795,0.126506024,0.12123494,0.045180723,0.128012048,0.163403614,0.068524096,0.121987952,0.068524096,0.044427711,1
0.112206217,0.127369219,0.121304018,0.045489007,0.128127369,0.160727824,0.06899166,0.122820318,0.06823351,0.044730857,1
0.113550341,0.127933384,0.121120363,0.045420136,0.128690386,0.160484481,0.068130204,0.122634368,0.067373202,0.044663134,1
0.111361926,0.127163281,0.121143717,0.045899172,0.129420617,0.162528217,0.06772009,0.121896163,0.068472536,0.044394281,1
0.112376614,0.127562642,0.121488231,0.044798785,0.127562642,0.160971906,0.069096431,0.123006834,0.06833713,0.044798785,1
0.114497529,0.123558484,0.129324547,0.045304778,0.126853377,0.154859967,0.065897858,0.125205931,0.069192751,0.045304778,1
0.111445783,0.127259036,0.12123494,0.045180723,0.12876506,0.162650602,0.068524096,0.121987952,0.068524096,0.044427711,1
0.112206217,0.127369219,0.121304018,0.045489007,0.128127369,0.160727824,0.06899166,0.122820318,0.06823351,0.044730857,1
0.112964367,0.127369219,0.121304018,0.044730857,0.127369219,0.161485974,0.06899166,0.122820318,0.06823351,0.044730857,1
0.104942451,0.149627624,0.119837508,0.046039269,0.131347326,0.144211239,0.069058903,0.116452268,0.061611374,0.056872038,1
0.10384356,0.137559002,0.135536076,0.039784221,0.126095752,0.153068105,0.064733648,0.113958193,0.06945381,0.055967633,1
0.107171001,0.133963751,0.133175729,0.042553191,0.128447597,0.147360126,0.065405831,0.122931442,0.06855792,0.050433412,1
0.106896552,0.135172414,0.134482759,0.04137931,0.125517241,0.150344828,0.065517241,0.117241379,0.068965517,0.054482759,1
0.167888563,0.127565982,0.131231672,0.05058651,0.125366569,0.118035191,0.049120235,0.108504399,0.058651026,0.063049853,1
0.100851343,0.133595285,0.136869679,0.042567125,0.129666012,0.151931893,0.062868369,0.118533071,0.070072037,0.053045187,1
0.106336489,0.138383103,0.131828114,0.040058267,0.121631464,0.150036417,0.069919883,0.117261471,0.069191551,0.055353241,1
0.097986577,0.133557047,0.138926174,0.042281879,0.130872483,0.148322148,0.063758389,0.118120805,0.072483221,0.053691275,1
0.114519427,0.131561009,0.127471029,0.043626449,0.124744376,0.164962509,0.061349693,0.11929107,0.062031357,0.050443081,1
0.105113636,0.136363636,0.134232955,0.040482955,0.123579545,0.151988636,0.066761364,0.117897727,0.068892045,0.0546875,1
0.102931596,0.125081433,0.120521173,0.048208469,0.132247557,0.156351792,0.072964169,0.121824104,0.076221498,0.043648208,1
0.100642398,0.130620985,0.118486795,0.046395432,0.129907209,0.162027123,0.073518915,0.119200571,0.072805139,0.046395432,1
0.10006854,0.130911583,0.117888965,0.047978067,0.133653187,0.158327622,0.072652502,0.118574366,0.073337903,0.046607265,1
0.102931596,0.125081433,0.120521173,0.048208469,0.132247557,0.156351792,0.072964169,0.121824104,0.076221498,0.043648208,1
0.102215868,0.125804146,0.120800572,0.045746962,0.13652609,0.157255182,0.072909221,0.11722659,0.079342387,0.042172981,1
0.102931596,0.125081433,0.121172638,0.048208469,0.132247557,0.15504886,0.072964169,0.12247557,0.076221498,0.043648208,1
0.102418208,0.124466572,0.118065434,0.048364154,0.132290185,0.158605974,0.074679943,0.121621622,0.076813656,0.042674253,1
0.10206995,0.124910778,0.119200571,0.048536759,0.131334761,0.157744468,0.074232691,0.12276945,0.075660243,0.043540328,1
0.102396514,0.124183007,0.117647059,0.047930283,0.134350036,0.157588962,0.07480029,0.121278141,0.078431373,0.041394336,1
0.101382488,0.126398947,0.117840685,0.048716261,0.132982225,0.156682028,0.074391047,0.121132324,0.07636603,0.044107966,1
0.114149009,0.126452495,0.123718387,0.043062201,0.130553657,0.157894737,0.069036227,0.11619959,0.074504443,0.044429255,1
0.117764471,0.129740519,0.125748503,0.042581504,0.133067199,0.151031271,0.065868263,0.113772455,0.073852295,0.04657352,1
0.117394417,0.128131711,0.122405154,0.042949177,0.132426628,0.156048676,0.067287044,0.119541875,0.070866142,0.042949177,1
0.11517976,0.129161119,0.12849534,0.040612517,0.12849534,0.153129161,0.067909454,0.119174434,0.072569907,0.045272969,1
0.11756847,0.132932532,0.1249165,0.042084168,0.130260521,0.155644623,0.064796259,0.116900468,0.06746827,0.04742819,1
0.120425815,0.131071191,0.123087159,0.04324684,0.133067199,0.152361943,0.065202927,0.115103127,0.070525615,0.045908184,1
0.117842876,0.127163782,0.127163782,0.041278296,0.129826897,0.155126498,0.066577896,0.119840213,0.071904128,0.043275632,1
0.117406143,0.131740614,0.1221843,0.043003413,0.136518771,0.152901024,0.06552901,0.114675768,0.071672355,0.044368601,1
